
Dispositivo usado pelo Pytorch: cuda:3

Features usadas: Felipe

*****************************************

-----> GRID 0:   hyperparameters
0             100
1            adam
2              32
3             0.5
4          0.0001
5             0.2

 LSTM =True


 option_overlap=True , option_causal=False ,option_dropout_lstm=0.2



--> Fold: 0

Format of train data: frames: 118655 , pressures: 118655 

Format of validation data: frames: 48176 , pressures: 48176 

Option shuffle: True

Begin of training: 2022-12-18 01:45:12

Epoch,train_loss,val_loss,lr
1,67.13315184632864,25.040316558604776,5e-06
2,15.198287917395106,7.569909029092475,5e-06
3,5.430840968072984,2.5008454643504163,5e-06
4,3.2410431628612826,1.815074234775276,5e-06
5,2.8707564736240445,1.601507521673359,5e-06
6,2.753397736905634,1.5677764503237654,5e-06
7,2.6670589910938567,1.5420528789447099,5e-06
8,2.597562321075009,1.5651341925345161,5e-06
9,2.554692131982411,1.5848021510232528,5e-06
10,2.512301630407382,1.5828035043664488,5e-06
11,2.484040465555251,1.5719548471343752,5e-06
12,2.4586312320097665,1.5676918107779942,5e-06
13,2.430248309708863,1.5974414862496875,5e-06
14,2.4190557706853864,1.5529601377571434,5e-06
15,2.4076195049082947,1.5845460680306294,5e-06
16,2.3871683078631807,1.605189309964264,5e-06
17,2.378873948330353,1.607180583283023,5e-06
18,2.3633360835424964,1.600658972767729,5e-06
19,2.347567198148022,1.5804418910187132,5e-06
20,2.32172123183242,1.5906365440359784,5e-06
21,2.3225718597471423,1.565637902380501,5e-06
22,2.3145172080701895,1.548477337709577,5e-06
23,2.310615853301634,1.6165268743445969,5e-06
24,2.2969095549035488,1.6126923468056726,5e-06
25,2.2821825863272083,1.6079320778921173,5e-06
26,2.276005547950162,1.6177232079393482,5e-06
27,2.2617664619872744,1.5874862540643186,5e-06
28,2.262090293612936,1.5547729567094168,5e-06
29,2.244469326308311,1.5673568743441597,5e-06
30,2.2587729988827134,1.6207908925642724,5e-06
31,2.2587925370436475,1.6072032254465154,5e-06
32,2.244677641032986,1.5706474020488237,5e-06
33,2.2244487084619444,1.587979565582098,5e-06
34,2.215898830631149,1.579338423004581,5e-06
35,2.2292174174658923,1.62273848379462,5e-06
36,2.2159412499570417,1.6343294951417684,5e-06
37,2.2182071133523125,1.5974051290792075,5e-06
38,2.208855610847031,1.5661732002731497,5e-06
39,2.19552565038915,1.5590876271185468,5e-06
40,2.1793832530214203,1.5960515644890017,5e-06
41,2.2042550975406052,1.600143463755715,1e-06
42,2.1692362446785176,1.6166550537075801,1e-06
43,2.180112911315549,1.5983332623599258,1e-06
44,2.171803468790063,1.5926946975273455,1e-06
45,2.191808398087103,1.606510644654268,1e-06
46,2.1879782812849853,1.5746421756557514,1e-06
47,2.178452915807956,1.5829870588990866,1e-06
48,2.169542290537383,1.5727932566386527,1e-06
49,2.174637268772168,1.590533344383772,1e-06
50,2.1729009978654967,1.5772612155849695,1e-06
51,2.1692493988748174,1.56632709697171,1e-06
52,2.155849045531889,1.5850052476443948,1e-06
53,2.172056688238027,1.6004505643255487,1e-06
54,2.1655556262456224,1.569144840079738,1e-06
55,2.16906091960943,1.5756701849022405,1e-06
56,2.1616015346637694,1.571470436138079,1e-06
57,2.185487367249757,1.583463873034971,1e-06
58,2.1627580921818015,1.5674115656935388,1e-06
59,2.159093805353257,1.5418307946908913,1e-06
60,2.1533514053971965,1.5875754496141432,1e-06
61,2.1535289085035423,1.601369260039214,1e-06
62,2.167537795515279,1.5854013719973632,1e-06
63,2.169931028684047,1.5744580443378147,1e-06
64,2.1569679283863685,1.5740096004093973,1e-06
65,2.160602559012944,1.5616549101829211,1e-06
66,2.1415804061459247,1.5956421189037362,1e-06
67,2.1496368651172864,1.5895964848722028,1e-06
68,2.153549521599621,1.5836520786302821,1e-06
69,2.1643195078559923,1.6055668326597679,1e-06
70,2.166634338475033,1.5967140056809015,1e-06
71,2.154828781888908,1.6121791902470533,1e-06
72,2.1608166064310255,1.6024316583151677,1e-06
73,2.1520597500523997,1.6275074651414712,1e-06
74,2.1477232254931398,1.5909572668306775,1e-06
75,2.150758161092095,1.5984439243315383,1e-06
76,2.1329856444247066,1.6107376603263037,1e-06
77,2.1554377924963455,1.5760508585673003,1e-06
78,2.156254486939,1.6123835808096119,1e-06
79,2.140082797121647,1.5792498714066312,1e-06
80,2.147137139641346,1.5964902790627657,1e-06
81,2.12992523848586,1.6047966626742796,1e-06
82,2.135259006498717,1.594337639223496,5e-07
83,2.1505650546325605,1.6136735493223835,5e-07
84,2.148253118060019,1.5951275294581666,5e-07
85,2.1434785592712227,1.5766086160483372,5e-07
86,2.1505887526325718,1.5899728836311688,5e-07
87,2.1446578328686123,1.6034124907525582,5e-07
88,2.1459738344585775,1.608928376873717,5e-07
89,2.1286860904502314,1.6099840616000052,5e-07
90,2.144377000495339,1.602198706754851,5e-07
91,2.1423964677842173,1.6169698104554338,5e-07
92,2.130051520217269,1.6087364383173004,5e-07
93,2.1387167930281534,1.5821725236383715,5e-07
94,2.144575457888203,1.5835845435192244,5e-07
95,2.146226279914698,1.5974109456690393,5e-07
96,2.1350923305184515,1.609738657894977,5e-07
97,2.140944344514862,1.6006927357207734,5e-07
98,2.140336471707876,1.5948632208661992,5e-07
99,2.1302315475736657,1.6001987760148544,5e-07
100,2.1356478831604373,1.6111975170298298,5e-07
End of training: 2022-12-18 02:28:45

Loss min training: 2.1286860904502314

Loss min val: 1.5418307946908913

Best epoch: 59

Correlation: (0.5669354490169346, 0.0)




--> Fold: 1

Format of train data: frames: 122682 , pressures: 122682 

Format of validation data: frames: 44149 , pressures: 44149 

Option shuffle: True

Begin of training: 2022-12-18 02:28:52

Epoch,train_loss,val_loss,lr
1,65.2850065920215,24.302936941525,5e-06
2,14.327816385621244,7.262643076500868,5e-06
3,5.030598060920065,2.716176950036987,5e-06
4,3.474409363657745,1.9457156997690515,5e-06
5,2.857028132813018,1.7693799866072337,5e-06
6,2.708438119109241,1.7932377123703636,5e-06
7,2.644906341791507,1.7806771641050412,5e-06
8,2.6065857428698744,1.6766709239488982,5e-06
9,2.552854352848501,1.7225294294069786,5e-06
10,2.529331397575713,1.8453602681098085,5e-06
11,2.5073204432080916,1.6011720645921563,5e-06
12,2.4798026911655513,1.6222639221516375,5e-06
13,2.45492076136847,1.7293548741187592,5e-06
14,2.4340126315470876,1.64247251959138,5e-06
15,2.4080370195735057,1.649532234145711,5e-06
16,2.409459887157862,1.578150911831678,5e-06
17,2.3854417072716285,1.7220269487183286,5e-06
18,2.3734690245832506,1.7246087107556536,5e-06
19,2.3851480541183228,1.7824457513157106,5e-06
20,2.3393481308246207,1.6204481829835262,5e-06
21,2.3323994454366455,1.6962438380397722,5e-06
22,2.3342533656964335,1.5463576625245579,5e-06
23,2.3072629997213743,1.6409505820765242,5e-06
24,2.3094869467722434,1.7063768541111666,5e-06
25,2.2968903423780156,1.6585721880607274,5e-06
26,2.296039992974227,1.7148422665141194,5e-06
27,2.293085995396136,1.6712552772410423,5e-06
28,2.271415146256824,1.711529943502304,5e-06
29,2.2881742109557193,1.6748008614512688,5e-06
30,2.2589664261897022,1.7836090725797626,5e-06
31,2.2573709584851174,1.6423627994358019,5e-06
32,2.2536010062235325,1.6700623709120408,5e-06
33,2.2418237364103053,1.5928890812385932,5e-06
34,2.234932648109676,1.7772916949600777,5e-06
35,2.2330232298690365,1.760245788226719,5e-06
36,2.2348780877449363,1.6767227083627532,5e-06
37,2.2256253822546994,1.6744788297022095,5e-06
38,2.2206482135682655,1.596265955234201,5e-06
39,2.2126130008038314,1.7211779709858555,5e-06
40,2.20698107988013,1.7271407816309565,5e-06
41,2.1775452212723305,1.7090966122971647,1e-06
42,2.1872021523105922,1.7376291016662466,1e-06
43,2.1828522793137894,1.7783006827621575,1e-06
44,2.187095606257678,1.721685527375407,1e-06
45,2.1904651812210765,1.724674632072492,1e-06
46,2.1821556717739896,1.7576550496210746,1e-06
47,2.171641152023723,1.6812479997124579,1e-06
48,2.1835632776250518,1.7463690934034002,1e-06
49,2.180518914531467,1.7620925702590544,1e-06
50,2.1904876470600776,1.7583138035654322,1e-06
51,2.187184916004973,1.7237878235734525,1e-06
52,2.168502582153225,1.757817159811717,1e-06
53,2.157791304663333,1.752997184232309,1e-06
54,2.15938475604387,1.7216476219859156,1e-06
55,2.1702072868484605,1.7095219003765112,1e-06
56,2.1754670226537605,1.7047310895797105,1e-06
57,2.1809248730732915,1.7832421694499276,1e-06
58,2.1675034903121166,1.7336602178272615,1e-06
59,2.181671718640726,1.7324552344515514,1e-06
60,2.1690077314253853,1.7961937201603906,1e-06
61,2.165369170783378,1.8043340707992266,1e-06
62,2.176862561499256,1.7497955837801453,1e-06
63,2.1720511967442317,1.7636576217444946,1e-06
64,2.1545851860706207,1.7889208072994884,1e-06
65,2.155042120880253,1.7594675436228133,1e-06
66,2.157512513022243,1.7733525592297017,1e-06
67,2.1451514653465678,1.796759911141241,1e-06
68,2.1739957633525098,1.7673177118871017,1e-06
69,2.1555981097437713,1.7765389162675045,1e-06
70,2.1636726390324137,1.7791044731075765,1e-06
71,2.1533831413342455,1.8063614019848282,1e-06
72,2.1615474738971474,1.7649750078884714,1e-06
73,2.1493569205732763,1.8240769976259896,1e-06
74,2.1571541138816723,1.7608767010492794,1e-06
75,2.1609647804834005,1.7492365470793692,1e-06
76,2.144082738124143,1.8110094239518484,1e-06
77,2.1529581196934955,1.7695714360674137,1e-06
78,2.1507082380719638,1.7952483139366642,1e-06
79,2.1439275824715236,1.8169902957237203,1e-06
80,2.159171016648371,1.8352419998333158,1e-06
81,2.154597682840631,1.794330938607262,1e-06
82,2.148816158333825,1.7950810384241656,5e-07
83,2.1462948053661783,1.7952354187932884,5e-07
84,2.138379783795248,1.83719304960774,5e-07
85,2.143293321572837,1.803341383420883,5e-07
86,2.141544226910895,1.8272183148970935,5e-07
87,2.140903937995606,1.7897646170342483,5e-07
88,2.126029029617556,1.82943832429042,5e-07
89,2.141125195540346,1.7828086900636535,5e-07
90,2.1482437961100485,1.7941131360582319,5e-07
91,2.138493916713617,1.7904727593637755,5e-07
92,2.1399112482575116,1.8050845351159017,5e-07
93,2.1358332442937247,1.8284974946001276,5e-07
94,2.145339906959013,1.8261078519349612,5e-07
95,2.1402303980062274,1.795152857502405,5e-07
96,2.1334716797038245,1.8307699533428956,5e-07
97,2.1442238043196498,1.7998312944982375,5e-07
98,2.1460826851791817,1.7862936054454086,5e-07
99,2.1369605416572646,1.7964223298041688,5e-07
100,2.1383070041676207,1.8236561974635812,5e-07
End of training: 2022-12-18 03:13:25

Loss min training: 2.126029029617556

Loss min val: 1.5463576625245579

Best epoch: 22

Correlation: (0.5676382083760609, 0.0)




--> Fold: 2

Format of train data: frames: 127377 , pressures: 127377 

Format of validation data: frames: 39454 , pressures: 39454 

Option shuffle: True

Begin of training: 2022-12-18 03:13:32

Epoch,train_loss,val_loss,lr
1,63.637758572439616,23.837477009966097,5e-06
2,13.36981287551512,6.824274558680657,5e-06
3,4.687041719100359,2.649068723757292,5e-06
4,3.4998244855828733,1.9009948229048867,5e-06
5,2.922197423574272,1.622229991479103,5e-06
6,2.781368029217068,1.5900832135140603,5e-06
7,2.727130324100248,1.5934517186273098,5e-06
8,2.6770430171272688,1.4849794550686992,5e-06
9,2.6352638378324644,1.4660409778294612,5e-06
10,2.613886837056093,1.4319115416195205,5e-06
11,2.577758967176866,1.4676687767533807,5e-06
12,2.5546179267260425,1.4632678697431554,5e-06
13,2.5213752197908774,1.4054724412832909,5e-06
14,2.47485603062122,1.4660242345321377,5e-06
15,2.4737508450263315,1.4833667138214197,5e-06
16,2.4534389073663965,1.44493800592947,5e-06
17,2.432610850515091,1.4592564598790183,5e-06
18,2.4164372692969014,1.516802656017242,5e-06
19,2.429820245490949,1.4229879726862988,5e-06
20,2.400861973359224,1.4290681167037305,5e-06
21,2.389476428953611,1.4515094868028653,5e-06
22,2.377343012598964,1.423188875551466,5e-06
23,2.3595787061296134,1.4684317015100494,5e-06
24,2.36268698120508,1.4595973049203848,5e-06
25,2.3619342456074377,1.4319447256315374,5e-06
26,2.341704797485326,1.424463745469274,5e-06
27,2.3315851449829794,1.4757584774253056,5e-06
28,2.313747650829585,1.404938072043219,5e-06
29,2.323484410021261,1.435475759857442,5e-06
30,2.324495699922331,1.4546626670987703,5e-06
31,2.310063425879184,1.4424581127304044,5e-06
32,2.3074276980961663,1.4554765692543752,5e-06
33,2.288938763758806,1.5096048517633742,5e-06
34,2.2874925857510164,1.5004801996010342,5e-06
35,2.279102961112833,1.511884503262558,5e-06
36,2.276520727677971,1.5153328072748586,5e-06
37,2.255961700373253,1.547648036003161,5e-06
38,2.2673646370377076,1.5148246023588103,5e-06
39,2.247307702510239,1.5551664267743166,5e-06
40,2.2526469006481076,1.5849734723262794,5e-06
41,2.23021380446706,1.5644678610013067,1e-06
42,2.2475814498760402,1.6259323418421407,1e-06
43,2.210525738130461,1.6054959055522575,1e-06
44,2.255277604971111,1.5909043865691643,1e-06
45,2.229071385370399,1.5928128294897144,1e-06
46,2.2560219238334436,1.5818629106143656,1e-06
47,2.2401937953761917,1.6076137410794908,1e-06
48,2.2196826007013413,1.5898807875412841,1e-06
49,2.227055258048895,1.607969530978628,1e-06
50,2.2267072419882825,1.6304254784516123,1e-06
51,2.2317856150587554,1.6076327168271334,1e-06
52,2.2311978950883975,1.6014826959886124,1e-06
53,2.2298133803614486,1.5978879698352444,1e-06
54,2.227794968022559,1.5948132483989534,1e-06
55,2.2363197917243887,1.622428054888612,1e-06
56,2.228156776137614,1.6226705487551447,1e-06
57,2.2164208770076232,1.6424659613438517,1e-06
58,2.226137223326969,1.6503430295475183,1e-06
59,2.2164656670945164,1.6150040223581923,1e-06
60,2.2189260636350636,1.6227048520968872,1e-06
61,2.2198067836575346,1.6223927886872682,1e-06
62,2.2165318617668044,1.6250853369189704,1e-06
63,2.2239291184557417,1.6286659218726316,1e-06
64,2.213583973290802,1.624180160074219,1e-06
65,2.2132078012336023,1.6523979893263459,1e-06
66,2.216823174929371,1.6368853278654891,1e-06
67,2.1897918993622416,1.6428989327285646,1e-06
68,2.2074861479938703,1.6733052522018073,1e-06
69,2.2037608026826474,1.6364723152170892,1e-06
70,2.2161876001638197,1.6463967738840688,1e-06
71,2.1976506540789655,1.6489366077341008,1e-06
72,2.197635528456872,1.6406009398223649,1e-06
73,2.2075540291645073,1.6682762869313128,1e-06
74,2.2057717114370403,1.7005919592182435,1e-06
75,2.2289925060115587,1.696048250936571,1e-06
76,2.2282793442818156,1.64794067905141,1e-06
77,2.2099816883509793,1.6094277128044698,1e-06
78,2.1917997294441034,1.648431760230127,1e-06
79,2.1953826722253695,1.6646171081396681,1e-06
80,2.199586050871861,1.6356165838741934,1e-06
81,2.187122670067464,1.6422341374308664,1e-06
82,2.2027503129672774,1.646890058370975,5e-07
83,2.1922207844459787,1.6507802573268966,5e-07
84,2.192795842282564,1.6520516940933068,5e-07
85,2.1958579051273452,1.663279025772324,5e-07
86,2.2082713462659607,1.665595413190991,5e-07
87,2.188517474640207,1.6551393882462178,5e-07
88,2.18328679059876,1.6792295698418103,5e-07
89,2.2070558752984186,1.688615895184186,5e-07
90,2.1903239320003323,1.6551959672822372,5e-07
91,2.184786819744027,1.67194089496372,5e-07
92,2.2038225018029234,1.676685071767431,5e-07
93,2.1915253123127707,1.671455410711606,5e-07
94,2.1883163020708833,1.6589404744360339,5e-07
95,2.188477573555784,1.6806095918978428,5e-07
96,2.1895256495014754,1.6573835184469343,5e-07
97,2.1779443722640033,1.6821611620164374,5e-07
98,2.188347088617442,1.661585137769999,5e-07
99,2.187528370802037,1.6808922828141184,5e-07
100,2.185439799362526,1.675638374079982,5e-07
End of training: 2022-12-18 03:59:04

Loss min training: 2.1779443722640033

Loss min val: 1.404938072043219

Best epoch: 28

Correlation: (0.5927186917506405, 0.0)




--> Fold: 3

Format of train data: frames: 125334 , pressures: 125334 

Format of validation data: frames: 41497 , pressures: 41497 

Option shuffle: True

Begin of training: 2022-12-18 03:59:11

Epoch,train_loss,val_loss,lr
1,64.9172470607694,22.521272234506807,5e-06
2,14.094386226775129,6.185518192079184,5e-06
3,4.909605837565277,2.1453933904098426,5e-06
4,3.244723907407974,1.7673371608514057,5e-06
5,2.8561095188988275,1.7234805723263573,5e-06
6,2.7334033667461988,1.6283429717403965,5e-06
7,2.6775637501353313,1.5625230295903958,5e-06
8,2.609667056265064,1.5493829700979385,5e-06
9,2.6041995363507726,1.5029133578956904,5e-06
10,2.5630205684451064,1.4623200897107909,5e-06
11,2.543098682413106,1.4817778819882301,5e-06
12,2.5175281244481087,1.4826646407236521,5e-06
13,2.493739591105261,1.4734135163440232,5e-06
14,2.477510521376019,1.4604801275696981,5e-06
15,2.458344645662789,1.4226252071500718,5e-06
16,2.4552819823431973,1.431670639225755,5e-06
17,2.4210807629522764,1.4626192318737317,5e-06
18,2.4000977503060095,1.4647022408054666,5e-06
19,2.4225108294374613,1.4445698294958,5e-06
20,2.38951588838145,1.4381733648598383,5e-06
21,2.3778456843144524,1.4373761841764587,5e-06
22,2.3770394244714415,1.4338771226644706,5e-06
23,2.359610948106535,1.444569415625806,5e-06
24,2.360097498005532,1.4794882275436139,5e-06
25,2.356188259060916,1.4432417927763446,5e-06
26,2.327651022396197,1.4592699771111628,5e-06
27,2.348401666480806,1.4692282553169789,5e-06
28,2.313724274362682,1.494979835396563,5e-06
29,2.3087904987586,1.5045278620127556,5e-06
30,2.3098345813815593,1.4371229971644763,5e-06
31,2.2993581754144294,1.4563559158585442,5e-06
32,2.2850244578158305,1.5667144687910535,5e-06
33,2.2765166510103922,1.490111557360709,5e-06
34,2.2983451555190197,1.5518734894864723,5e-06
35,2.2697290162577377,1.5579376812368673,5e-06
36,2.2744749339225274,1.5212313281566772,5e-06
37,2.255560123224402,1.5444097709382278,5e-06
38,2.2657075965760423,1.6333405005431139,5e-06
39,2.2450664163877985,1.5815915631283266,5e-06
40,2.2436168470121243,1.5728965480634929,5e-06
41,2.2366007719945853,1.5714756855290262,1e-06
42,2.2282520976140323,1.619835075368122,1e-06
43,2.2378299065816547,1.5934912167443027,1e-06
44,2.23434917133962,1.6184585708409764,1e-06
45,2.2214443420712113,1.5874655222603766,1e-06
46,2.2259824608467493,1.6114006979734314,1e-06
47,2.223353721325186,1.6015066399810878,1e-06
48,2.229608271842443,1.5863785445381338,1e-06
49,2.229451213874533,1.6006496750130912,1e-06
50,2.2114239551052886,1.6182502864811723,1e-06
51,2.229199410915367,1.6409294140707469,1e-06
52,2.227781577336432,1.637783535791339,1e-06
53,2.232587483154192,1.6252592921150728,1e-06
54,2.2360260721970127,1.6555976193735513,1e-06
55,2.2168683880986717,1.5929646538671742,1e-06
56,2.228329799793385,1.6059714407134515,1e-06
57,2.2215715233780897,1.6231160874446853,1e-06
58,2.21722906752692,1.6152063656000355,1e-06
59,2.209508055230437,1.6045357998869265,1e-06
60,2.2208456716247267,1.6063574227487667,1e-06
61,2.219983737876223,1.6296964945596544,1e-06
62,2.2133770753458197,1.6168830043296227,1e-06
63,2.2055096843691695,1.6326376786734031,1e-06
64,2.1986889026105922,1.6343592767483108,1e-06
65,2.203928521546641,1.640705120708005,1e-06
66,2.2128852890607913,1.6210590125043773,1e-06
67,2.207738937892485,1.6415670323429916,1e-06
68,2.210525202565118,1.6346089699861444,1e-06
69,2.2177177449599115,1.6320797943547798,1e-06
70,2.201911831955194,1.6291328839549968,1e-06
71,2.2080857001597773,1.6318327845712857,1e-06
72,2.2116854347192665,1.6445814684120652,1e-06
73,2.2087230929363235,1.6169824005451638,1e-06
74,2.1977244392095647,1.6619177272981267,1e-06
75,2.202309364598511,1.646215705528924,1e-06
76,2.197125068811071,1.66544562191964,1e-06
77,2.192835256051908,1.6293516794733247,1e-06
78,2.1984623361669065,1.6797736324160737,1e-06
79,2.2118155896461076,1.6604460458955204,1e-06
80,2.188714770772206,1.681027022977046,1e-06
81,2.1934096987544565,1.6775734974717071,1e-06
82,2.194702363793009,1.6799055430005307,5e-07
83,2.1868129616743044,1.6515071001972588,5e-07
84,2.1969013495722756,1.6537234942895878,5e-07
85,2.1841292205669443,1.6680839291008898,5e-07
86,2.1862282858794746,1.65916698147085,5e-07
87,2.1873977063045236,1.6733551037456051,5e-07
88,2.1831113055938336,1.6716510436562286,5e-07
89,2.1885839483441076,1.6751469294459003,5e-07
90,2.206014502085967,1.6691652845008593,5e-07
91,2.1981527497294473,1.6830112892831552,5e-07
92,2.1865133116650717,1.7063612799174839,5e-07
93,2.187303610488097,1.6917141679396361,5e-07
94,2.1897159831916944,1.6364178769883844,5e-07
95,2.1896773066187336,1.67389775090388,5e-07
96,2.177217569130077,1.6780758386037808,5e-07
97,2.185521538155219,1.6834953857662678,5e-07
98,2.174889332673616,1.6856985616262246,5e-07
99,2.181322364243906,1.6683277222243613,5e-07
100,2.186811218411313,1.6849305152197869,5e-07
End of training: 2022-12-18 04:44:23

Loss min training: 2.174889332673616

Loss min val: 1.4226252071500718

Best epoch: 15

Correlation: (0.5934655403398793, 0.0)




--> Fold: 4

Format of train data: frames: 127998 , pressures: 127998 

Format of validation data: frames: 38833 , pressures: 38833 

Option shuffle: True

Begin of training: 2022-12-18 04:44:29

Epoch,train_loss,val_loss,lr
1,63.00750793577196,24.240323615615054,5e-06
2,13.18971930407895,6.786421202429569,5e-06
3,4.653867079799281,2.2764579289401494,5e-06
4,3.2198666407783736,1.8120768965955982,5e-06
5,2.822724340479792,1.816194649265523,5e-06
6,2.6927895235637944,1.9164730561579866,5e-06
7,2.6337653682012814,2.0319522600982167,5e-06
8,2.5907413282625975,1.9939323997183211,5e-06
9,2.529528259253114,2.037490293996406,5e-06
10,2.502831411968181,2.0422376650446115,5e-06
11,2.492116215005551,2.0319645337679293,5e-06
12,2.457921276610502,1.9668080276916524,5e-06
13,2.4443810230944405,1.9483533729234896,5e-06
14,2.4238450511786844,1.9606744449960671,5e-06
15,2.407859737372875,1.9181245090762964,5e-06
16,2.392695690200121,1.7933922022588007,5e-06
17,2.377384481572511,1.861093191692488,5e-06
18,2.36679375434671,1.8107661049724488,5e-06
19,2.3478136599109507,1.7773186004469121,5e-06
20,2.3405691169124445,1.705796972091747,5e-06
21,2.331687263254877,1.7368168593622595,5e-06
22,2.317944295201559,1.6846191461082651,5e-06
23,2.3209382091962345,1.6246023612261475,5e-06
24,2.296688980658644,1.6264985442281281,5e-06
25,2.3018768351197876,1.6127833035052817,5e-06
26,2.2948852478503237,1.5955338127579362,5e-06
27,2.2792984135279544,1.5311872447064716,5e-06
28,2.2781345616016697,1.6093074257661817,5e-06
29,2.288208575540711,1.526960983233513,5e-06
30,2.2680068321232794,1.4454463418944683,5e-06
31,2.2457339799739984,1.4922389256666553,5e-06
32,2.243278197563131,1.5060152698624707,5e-06
33,2.2402370560476377,1.5090011264877992,5e-06
34,2.237965777856536,1.4805223546137298,5e-06
35,2.2428443010293813,1.4362321602424217,5e-06
36,2.220263820144988,1.4682826766750923,5e-06
37,2.2115805894818634,1.4153442203014697,5e-06
38,2.224413060052676,1.4009732866110411,5e-06
39,2.208780702440945,1.4209242127383916,5e-06
40,2.200445117299472,1.4099600736024074,5e-06
41,2.1978638612821135,1.4069217464003105,1e-06
42,2.185003888078212,1.4055293249567584,1e-06
43,2.2014465630208147,1.4067493409821668,1e-06
44,2.195379136843589,1.4533365498495805,1e-06
45,2.193380546587706,1.419117820799202,1e-06
46,2.1853096536957537,1.4206144084207912,1e-06
47,2.190137646291742,1.416827185906429,1e-06
48,2.181014015573299,1.4145807308549385,1e-06
49,2.182885957752556,1.4077119166988632,1e-06
50,2.189105098362157,1.4130853798413194,1e-06
51,2.1762458638948647,1.438162897054508,1e-06
52,2.1838333423097542,1.4410146471400087,1e-06
53,2.1935805097036294,1.4255732797828553,1e-06
54,2.174646150738182,1.4557649397516657,1e-06
55,2.178229111518992,1.4303319919266826,1e-06
56,2.16882967803625,1.4173360177091845,1e-06
57,2.183274778478356,1.4710892883210456,1e-06
58,2.179301807590905,1.406288464214322,1e-06
59,2.1789714605760313,1.413715791454231,1e-06
60,2.16953245908272,1.4264080997008586,1e-06
61,2.1723387203961027,1.4193198365671293,1e-06
62,2.1673241137944155,1.4250598580464025,1e-06
63,2.166006060890426,1.4233398250764464,1e-06
64,2.1754229046217746,1.4421665705662747,1e-06
65,2.1730474352819846,1.4434274411851045,1e-06
66,2.167076222149532,1.40823989469447,1e-06
67,2.1586412476026244,1.417516159513371,1e-06
68,2.1723659230585417,1.4234426561721436,1e-06
69,2.1444027752415753,1.4147759870972896,1e-06
70,2.157813562210855,1.4302735657940364,1e-06
71,2.1676881762750018,1.4340338561155026,1e-06
72,2.1711972783782687,1.435300121772017,1e-06
73,2.1603177508595723,1.4381806849911485,1e-06
74,2.1474091144134784,1.41858480939372,1e-06
75,2.1588998141330706,1.4158574831822504,1e-06
76,2.1570016824930343,1.4506819422164658,1e-06
77,2.1502866376744416,1.4555141370148452,1e-06
78,2.1568395600013206,1.426354795570792,1e-06
79,2.1470328724889653,1.4165659815228806,1e-06
80,2.1479409321667386,1.440029345984819,1e-06
81,2.1490212784224902,1.4187848900175695,1e-06
82,2.1417754742445005,1.442371721632453,5e-07
83,2.1408386512477633,1.4239097709583068,5e-07
84,2.150628329044219,1.4281855524806517,5e-07
85,2.160091523116513,1.4420860728089564,5e-07
86,2.1380830209242814,1.4348595184420672,5e-07
87,2.151355964142553,1.4310142787115017,5e-07
88,2.137851561696666,1.4225667323413034,5e-07
89,2.1419682744223674,1.4303666404122883,5e-07
90,2.144742645202785,1.4402879143873724,5e-07
91,2.145954203809801,1.4250185508196094,5e-07
92,2.1444375771548883,1.433108625793133,5e-07
93,2.147089544293523,1.4290886813107937,5e-07
94,2.1471919738795044,1.4482535712826345,5e-07
95,2.1398824674397434,1.434540470423787,5e-07
96,2.1389306527837837,1.429517401675924,5e-07
97,2.149792615796505,1.4210454347810035,5e-07
98,2.116628708125118,1.4503962264146806,5e-07
99,2.150721387741415,1.4321830052815954,5e-07
100,2.1238667127253437,1.4401362467225942,5e-07
End of training: 2022-12-18 05:30:15

Loss min training: 2.116628708125118

Loss min val: 1.4009732866110411

Best epoch: 38

Correlation: (0.5837620366549799, 0.0)




--> Fold: 5

Format of train data: frames: 123787 , pressures: 123787 

Format of validation data: frames: 43044 , pressures: 43044 

Option shuffle: True

Begin of training: 2022-12-18 05:30:21

Epoch,train_loss,val_loss,lr
1,65.44857754038192,24.213882361831146,5e-06
2,14.285886402700697,6.955995189956369,5e-06
3,4.94087147866598,2.504488441538893,5e-06
4,3.147288292541198,3.153382384204342,5e-06
5,2.746292332504986,2.8263532569246457,5e-06
6,2.655312419784177,2.6565211039085326,5e-06
7,2.5612432168064476,2.523117333714287,5e-06
8,2.5299201754983542,2.367446772483476,5e-06
9,2.4635034986700117,2.385679951698715,5e-06
10,2.455262575477579,2.252714217501207,5e-06
11,2.4239642707365125,2.217679992604794,5e-06
12,2.398285281031536,2.2733739567848734,5e-06
13,2.3769424359385702,2.2547839945681574,5e-06
14,2.37844743927559,2.245035096433856,5e-06
15,2.359215900200696,2.123700410922479,5e-06
16,2.3459589541696557,2.051697365447343,5e-06
17,2.3293433806340875,2.1369519235808414,5e-06
18,2.3288493727156956,2.0427783681672587,5e-06
19,2.3027706747511063,2.1190176336486792,5e-06
20,2.3014030703615243,2.1772651487279253,5e-06
21,2.3023219132137,2.0711237578883446,5e-06
22,2.288944263698121,2.007509441737315,5e-06
23,2.2796138303273925,2.061217082188194,5e-06
24,2.276546813927101,2.0094605754625063,5e-06
25,2.268800658132577,2.142836720911768,5e-06
26,2.2520645305711633,2.1049917148132438,5e-06
27,2.250392338038656,2.1662365874773553,5e-06
28,2.239238954453162,2.0922003955427195,5e-06
29,2.2400622778143697,2.0796114805683903,5e-06
30,2.2309265006691863,2.277417043030633,5e-06
31,2.229680256199615,2.1108365299732488,5e-06
32,2.2204938481774237,2.0957812919081413,5e-06
33,2.2018009721175904,2.0865326622983424,5e-06
34,2.207544381759081,2.0978988775720873,5e-06
35,2.1964411729833593,2.1185458966119506,5e-06
36,2.194082865487793,2.1704578930511205,5e-06
37,2.1920107540958367,2.1644870531225546,5e-06
38,2.187454831845085,2.140586568059426,5e-06
39,2.1815827297783206,2.186183379641608,5e-06
40,2.183447176239075,2.17984472490046,5e-06
41,2.149409567974557,2.1578088233422394,1e-06
42,2.14980927803309,2.123307672578067,1e-06
43,2.1554707453004296,2.1468661473028035,1e-06
44,2.155074317603192,2.1555772051028232,1e-06
45,2.1685510483617594,2.161840087329906,1e-06
46,2.1659700121111434,2.1582053795965086,1e-06
47,2.1518062717319224,2.1678591167136934,1e-06
48,2.1484639553174474,2.162347090835853,1e-06
49,2.1572688825450936,2.159612813544045,1e-06
50,2.1656600957375707,2.1557590178470276,1e-06
51,2.1442382965920554,2.142658630209268,1e-06
52,2.1551137372773246,2.1386787947663675,1e-06
53,2.1425834779224666,2.1313289022558672,1e-06
54,2.137682529391281,2.168637622788586,1e-06
55,2.1484027388034472,2.1491327782942786,1e-06
56,2.148070952705805,2.1455802247045916,1e-06
57,2.1429970996059957,2.1522446414615883,1e-06
58,2.142916170638887,2.167453369634788,1e-06
59,2.14437264612827,2.182139688271061,1e-06
60,2.1397542167436208,2.1779959543178253,1e-06
61,2.137241829172263,2.1542685301305413,1e-06
62,2.137236013699032,2.16584821194258,1e-06
63,2.1280545200604695,2.1583678024584625,1e-06
64,2.1344626699483595,2.161738160928046,1e-06
65,2.1301329697171405,2.1653813100107073,1e-06
66,2.120992496705147,2.165480182058095,1e-06
67,2.131674715727769,2.153885308589072,1e-06
68,2.12883138715553,2.169170201805132,1e-06
69,2.1346040657318217,2.163628684871758,1e-06
70,2.129365042107318,2.200410400798646,1e-06
71,2.128116447819231,2.199862413563235,1e-06
72,2.119337970899405,2.177651391908057,1e-06
73,2.1229364198606664,2.1936300330950353,1e-06
74,2.1153577301634297,2.1690113344397224,1e-06
75,2.1321645547907853,2.183124485561788,1e-06
76,2.1249469058097445,2.1815809308014753,1e-06
77,2.117124493190456,2.1750519559813437,1e-06
78,2.117209536206058,2.185128844124424,1e-06
79,2.131058759761827,2.188891928160061,1e-06
80,2.1239397999467733,2.1961036832699734,1e-06
81,2.1220293240536896,2.174283145024823,1e-06
82,2.1181212462870587,2.1747109648707452,5e-07
83,2.112429260091441,2.1941951487922013,5e-07
84,2.10714722772522,2.1839426083808915,5e-07
85,2.1112756120382117,2.191409478100267,5e-07
86,2.1203735006529,2.1926050372709076,5e-07
87,2.1172384040374768,2.1966561169088603,5e-07
88,2.1079882766869056,2.1951464004160335,5e-07
89,2.1005266264134086,2.2134667247625193,5e-07
90,2.1019410780333696,2.2061062105503373,5e-07
91,2.118101741136889,2.1886043701459013,5e-07
92,2.107581312000567,2.1999043679438985,5e-07
93,2.1192547343445916,2.1905288495557502,5e-07
94,2.107681901830869,2.2103806928391463,5e-07
95,2.1148248007813173,2.2152283668695314,5e-07
96,2.1177047260806026,2.2107416274833165,5e-07
97,2.1080968612139097,2.2177576186565893,5e-07
98,2.1224405979708973,2.2134575790526334,5e-07
99,2.105323313837588,2.1988690743359056,5e-07
100,2.1231588234271577,2.2257432430004966,5e-07
End of training: 2022-12-18 06:15:29

Loss min training: 2.1005266264134086

Loss min val: 2.007509441737315

Best epoch: 22

Correlation: (0.38048334438080905, 0.0)




--> Fold: 6

Format of train data: frames: 125799 , pressures: 125799 

Format of validation data: frames: 41032 , pressures: 41032 

Option shuffle: True

Begin of training: 2022-12-18 06:15:36

Epoch,train_loss,val_loss,lr
1,62.1888069426989,27.130154100396894,5e-06
2,13.011566981479808,8.37525648911763,5e-06
3,4.58405289304538,2.712473234718458,5e-06
4,3.2749907619279455,2.2396556462291435,5e-06
5,3.0089736218058207,2.4300469547527577,5e-06
6,2.7667209990793142,2.2932164075895694,5e-06
7,2.6915160862207155,2.2270965601273462,5e-06
8,2.6246760685452086,2.3548617465474218,5e-06
9,2.58228272670786,2.179988702386182,5e-06
10,2.5682631388095416,2.3184486433041447,5e-06
11,2.5277950614149454,2.245004010493352,5e-06
12,2.4952138932683954,2.397867671089299,5e-06
13,2.4952385435574462,2.505979510328881,5e-06
14,2.4446956870393817,2.4775683871949945,5e-06
15,2.439738188517005,2.464984537635219,5e-06
16,2.4391976564999176,2.456447125131983,5e-06
17,2.422473592109402,2.4204271269207185,5e-06
18,2.405590500829917,2.2675320759552173,5e-06
19,2.388486158300181,2.5715565950602297,5e-06
20,2.3836058374002707,2.4183688260909757,5e-06
21,2.3565993503832128,2.404139442706717,5e-06
22,2.3793299202623386,2.5571682927761423,5e-06
23,2.3570288118892972,2.403033704036252,5e-06
24,2.350854589618463,2.4148502579951385,5e-06
25,2.3339617846827996,2.553280907733372,5e-06
26,2.3338411120980114,2.3323324822233675,5e-06
27,2.331495777531659,2.417688471830758,5e-06
28,2.318610559546596,2.3036277713448383,5e-06
29,2.3224866775358834,2.2472370534548403,5e-06
30,2.3078523377366618,2.331959350087253,5e-06
31,2.29649115412723,2.036477429519552,5e-06
32,2.2829294506907023,2.290989780872276,5e-06
33,2.2891971596991194,2.4981249501700984,5e-06
34,2.2795409931171977,2.529194970185772,5e-06
35,2.294807941732856,2.0029875986244647,5e-06
36,2.2762343271334773,2.421316500387826,5e-06
37,2.248466743628923,2.137651962561318,5e-06
38,2.2422943150485732,2.235554658220767,5e-06
39,2.25446288656393,2.0827528319992874,5e-06
40,2.2459484985499603,2.4221889410690154,5e-06
41,2.231899997521067,2.1376193234692265,1e-06
42,2.2238660540353057,2.177792176607176,1e-06
43,2.226810606991233,2.0804224680868777,1e-06
44,2.227842779481508,2.122836783908919,1e-06
45,2.2160863570333507,2.275961736078777,1e-06
46,2.212410376124409,2.15982701487187,1e-06
47,2.2251720957161356,2.1683775073813982,1e-06
48,2.235750472543065,2.2738753153952875,1e-06
49,2.225068889394555,2.2236851641345754,1e-06
50,2.232044115852217,2.1946822222991167,1e-06
51,2.207162442147182,2.1824243155708087,1e-06
52,2.22189779449117,2.0884725332585523,1e-06
53,2.20734811136001,2.1604319598201096,1e-06
54,2.211436113633369,2.2027477108030715,1e-06
55,2.2113352175474326,2.2386249602480133,1e-06
56,2.2093838990222197,2.125586736223158,1e-06
57,2.1977306759879873,2.1938881037829794,1e-06
58,2.2202394125458715,2.1177569727470917,1e-06
59,2.2161324697847253,2.208392321703192,1e-06
60,2.2008841582402674,2.1639467522772136,1e-06
61,2.1998817732630194,2.116644663614566,1e-06
62,2.202097483704284,2.144125871152575,1e-06
63,2.1975162405470363,2.2849776105681783,1e-06
64,2.2113609480612797,2.2170392945394295,1e-06
65,2.2114169394106,2.2243291935532103,1e-06
66,2.211670626936272,2.124409881012787,1e-06
67,2.198682141240147,2.164559060868568,1e-06
68,2.196543424417315,2.1043088635893494,1e-06
69,2.2106449180127368,2.096864961094967,1e-06
70,2.20505966225624,2.2560729450313963,1e-06
71,2.196306513072563,2.05786927821553,1e-06
72,2.1930193096421338,2.029078912911626,1e-06
73,2.2019767754407624,2.0760755036908716,1e-06
74,2.201852787685612,2.058236607544881,1e-06
75,2.1839180984527697,2.2011439039777376,1e-06
76,2.2023524202632707,2.0803890080334826,1e-06
77,2.191241197522986,2.0400441171691117,1e-06
78,2.196889112207565,2.154328206380828,1e-06
79,2.2020004594000704,2.124310974559721,1e-06
80,2.1933084362003252,2.0684196581313383,1e-06
81,2.1986574131498324,2.0646748392640975,1e-06
82,2.1810604091060144,2.1443599989642452,5e-07
83,2.1895106058054243,2.122620714177953,5e-07
84,2.1742981746646506,2.1422653357218895,5e-07
85,2.1942817723747563,2.1767298016870757,5e-07
86,2.17420388433825,2.041745580830149,5e-07
87,2.1771730677382304,2.0851960329080703,5e-07
88,2.1805313601022034,2.1005340379728725,5e-07
89,2.1645117814929824,2.1057594319630097,5e-07
90,2.1950560703877544,2.104258238537127,5e-07
91,2.184448689612517,2.2081149776768885,5e-07
92,2.1842152849307053,2.137677457347021,5e-07
93,2.182353850880727,2.124756972095752,5e-07
94,2.179498046045979,2.0831766558520903,5e-07
95,2.1767940232150673,2.1173135635331723,5e-07
96,2.1793450058401587,2.1062233529143874,5e-07
97,2.181479586318405,2.111783463626281,5e-07
98,2.17640686753071,2.125921616477096,5e-07
99,2.1643668884800764,2.0660720896037565,5e-07
100,2.1778008183011255,2.0552854198511405,5e-07
End of training: 2022-12-18 07:00:16

Loss min training: 2.1643668884800764

Loss min val: 2.0029875986244647

Best epoch: 35

Correlation: (0.5515975066149341, 0.0)




--> Fold: 7

Format of train data: frames: 121714 , pressures: 121714 

Format of validation data: frames: 45117 , pressures: 45117 

Option shuffle: True

Begin of training: 2022-12-18 07:00:21

Epoch,train_loss,val_loss,lr
1,66.30462409232483,23.445607047904627,5e-06
2,14.76593847538989,6.74104231953354,5e-06
3,5.222445045751666,2.252531330681181,5e-06
4,3.2805724253402886,1.7690419287436063,5e-06
5,2.882655634126225,1.6302780793628802,5e-06
6,2.748143273131569,1.5974678342101458,5e-06
7,2.688295960146216,1.6314866933812697,5e-06
8,2.6323818665971177,1.5620087701293475,5e-06
9,2.6120808472863644,1.5765915360991767,5e-06
10,2.5623092864469683,1.5763304667906481,5e-06
11,2.539892262174644,1.5980145660217613,5e-06
12,2.5085180130962677,1.5835889923865034,5e-06
13,2.4956502346050917,1.571676969924532,5e-06
14,2.462080096372638,1.6278055080679563,5e-06
15,2.454711259530886,1.5877548486128432,5e-06
16,2.4635157132494676,1.6095538501063937,5e-06
17,2.441758824673508,1.5658800702548754,5e-06
18,2.410500845419878,1.5675724711002688,5e-06
19,2.424857167201208,1.5597220399921545,5e-06
20,2.3745543668336593,1.5521082320603206,5e-06
21,2.3786048996475353,1.526710611308464,5e-06
22,2.3755713024996905,1.5602006905414503,5e-06
23,2.3544312669556358,1.5310608833730333,5e-06
24,2.3470009005222328,1.5506013019643443,5e-06
25,2.3287103981612645,1.5767457273318908,5e-06
26,2.343270492441665,1.5098149901158575,5e-06
27,2.3221327877441147,1.5169687727351246,5e-06
28,2.3126186676421234,1.5335814693859395,5e-06
29,2.3052818008838565,1.5098038277077617,5e-06
30,2.3014463412040245,1.5077758443998415,5e-06
31,2.294115729845344,1.5070762376422553,5e-06
32,2.2823353014737138,1.5456470347286806,5e-06
33,2.281196509193167,1.5225541262687208,5e-06
34,2.2804398216450528,1.5474609226390668,5e-06
35,2.2640655525123585,1.506068010941294,5e-06
36,2.259210316368597,1.5218484243090082,5e-06
37,2.2593530442169074,1.4699947082962284,5e-06
38,2.246790645316728,1.484943584352451,5e-06
39,2.2441769725601732,1.5247436292623247,5e-06
40,2.240301052406733,1.535969495979409,5e-06
41,2.216676296504874,1.5492074462325738,1e-06
42,2.2176351191397847,1.5477697535113066,1e-06
43,2.2125440094981337,1.5502875146971111,1e-06
44,2.219447241316906,1.5311831491785164,1e-06
45,2.22496665628278,1.5585097711020799,1e-06
46,2.2248950182558085,1.541948262842781,1e-06
47,2.224481826345138,1.5552060659905869,1e-06
48,2.218779971803416,1.5368595855742357,1e-06
49,2.218154628941617,1.5348990542522376,1e-06
50,2.2109739346052657,1.5240654069488981,1e-06
51,2.215419216055086,1.5524800301633896,1e-06
52,2.2176210391881295,1.5215599972519476,1e-06
53,2.217971113310796,1.5396930201297707,1e-06
54,2.2163237461856573,1.517905903630908,1e-06
55,2.2064135265171694,1.5190903890901,1e-06
56,2.2097751653137423,1.543381833471585,1e-06
57,2.192060742542856,1.5426630481278656,1e-06
58,2.1931691510694926,1.5674523616229732,1e-06
59,2.2110031429027317,1.5596406956626017,1e-06
60,2.2109068075168112,1.542572276749784,1e-06
61,2.217446770284018,1.5608390099872766,1e-06
62,2.2060065447959962,1.5366667231856677,1e-06
63,2.196878108815766,1.5423289684337549,1e-06
64,2.1717108165363554,1.5377315623378105,1e-06
65,2.186627437727669,1.5717979352371747,1e-06
66,2.19586783004743,1.5367961986681553,1e-06
67,2.195984583733744,1.5509565129945826,1e-06
68,2.1854366681067927,1.561940690635998,1e-06
69,2.194664025343136,1.573773560568482,1e-06
70,2.1915337713015823,1.568466494815671,1e-06
71,2.184384569171413,1.595101557368333,1e-06
72,2.1893303704402425,1.5946707985044295,1e-06
73,2.178451058811979,1.5832165761664765,1e-06
74,2.191496999824345,1.5662362624861357,1e-06
75,2.182063859767855,1.589414073515861,1e-06
76,2.178950560710549,1.5775178721666754,1e-06
77,2.1915647812720356,1.5828641544941044,1e-06
78,2.176430733300224,1.589019906603545,1e-06
79,2.1864935065854665,1.5739919216647587,1e-06
80,2.1945058378519104,1.5984686451642904,1e-06
81,2.181258879139301,1.5975564343050435,1e-06
82,2.184500507087895,1.587467800855642,5e-07
83,2.1800100802376234,1.594474390286182,5e-07
84,2.1895350600851313,1.5747352652265758,5e-07
85,2.176725410374171,1.5888819725829415,5e-07
86,2.183098769496249,1.588364794062636,5e-07
87,2.16682181860663,1.5842646715063273,5e-07
88,2.172593785983188,1.581118237748463,5e-07
89,2.1791904093956447,1.5960502705918687,5e-07
90,2.188339833145139,1.592138283522276,5e-07
91,2.176980191158422,1.5959525595008923,5e-07
92,2.180380619498572,1.5916931454529801,5e-07
93,2.182099438498923,1.5974513032106252,5e-07
94,2.1646794649758467,1.6002016273809854,5e-07
95,2.174494221895409,1.6134711475657886,5e-07
96,2.175802734352536,1.5936330832506476,5e-07
97,2.1660496380310446,1.6090662400768003,5e-07
98,2.1813190296273453,1.6084263346350953,5e-07
99,2.1743193324436456,1.5954518027267237,5e-07
100,2.167257236776608,1.599710390437095,5e-07
End of training: 2022-12-18 07:43:14

Loss min training: 2.1646794649758467

Loss min val: 1.4699947082962284

Best epoch: 37

Correlation: (0.5981187086835484, 0.0)




--> Fold: 8

Format of train data: frames: 132010 , pressures: 132010 

Format of validation data: frames: 46835 , pressures: 46835 

Option shuffle: True

Begin of training: 2022-12-18 07:43:20

Epoch,train_loss,val_loss,lr
1,63.17417065242088,21.158717052890992,5e-06
2,12.964923209203445,5.413505338897086,5e-06
3,4.423513330408014,2.3576988620947428,5e-06
4,3.359519296811843,1.6384125534035014,5e-06
5,2.866660164941505,1.538006767761342,5e-06
6,2.751071085816811,1.5296552676025443,5e-06
7,2.6937542111175943,1.5292325994840386,5e-06
8,2.634045538141207,1.495971739374867,5e-06
9,2.587065891225847,1.5032973103478966,5e-06
10,2.547693990008523,1.4586002814905918,5e-06
11,2.5325838015283764,1.4216923527927832,5e-06
12,2.504525116409066,1.4156805541862276,5e-06
13,2.4616391500011825,1.4303781231655897,5e-06
14,2.452121555453927,1.432116686657677,5e-06
15,2.4381803888523637,1.4248597309138105,5e-06
16,2.4181726791471996,1.461160907213902,5e-06
17,2.392871616508155,1.4760610890207773,5e-06
18,2.4036750360796213,1.451723328695056,5e-06
19,2.3801328013823,1.4774192563138702,5e-06
20,2.3535628083275806,1.4679627899274992,5e-06
21,2.349302433646183,1.4936899049554166,5e-06
22,2.3537045738587064,1.5121846261217409,5e-06
23,2.3271940888514004,1.4867272469599575,5e-06
24,2.321967656344557,1.493803509286848,5e-06
25,2.314796294239324,1.4798906275095165,5e-06
26,2.303114640242258,1.550807653079741,5e-06
27,2.302493767681993,1.5455331140958322,5e-06
28,2.3001852111973173,1.4960176803748304,5e-06
29,2.290703400430621,1.5577159099725466,5e-06
30,2.275379882163328,1.5216769230509564,5e-06
31,2.262110219746952,1.5096523537533482,5e-06
32,2.265301107957538,1.562513700544077,5e-06
33,2.2663707298723534,1.507696671133122,5e-06
34,2.2439216121833674,1.5299875030373005,5e-06
35,2.2339664751594244,1.5445710107867079,5e-06
36,2.2522339684702612,1.4650028304304374,5e-06
37,2.233034197413265,1.536510663176596,5e-06
38,2.2240703852661956,1.4904752437137063,5e-06
39,2.2106279876374644,1.54303762512374,5e-06
40,2.2095633233770187,1.5140105905153078,5e-06
41,2.2042474304868476,1.5342052236544585,1e-06
42,2.1929127753137614,1.547726876923785,1e-06
43,2.19037353416147,1.518386247057002,1e-06
44,2.189031523248028,1.5334930255877064,1e-06
45,2.192258358055891,1.558838976675461,1e-06
46,2.2077228467307863,1.5323781756055614,1e-06
47,2.181535355931529,1.5504021438193625,1e-06
48,2.1972991496683494,1.5324104047119396,1e-06
49,2.1849915237735957,1.5132890271901245,1e-06
50,2.1858528309993224,1.5095040437746827,1e-06
51,2.1890482058625143,1.523731314177649,1e-06
52,2.184006521770172,1.5433332574473153,1e-06
53,2.193484326231056,1.5015472308795506,1e-06
54,2.198048881974765,1.5102653132007282,1e-06
55,2.180608740928236,1.528404913743252,1e-06
56,2.181617187931722,1.5327772720552144,1e-06
57,2.1898490339235397,1.534670031451232,1e-06
58,2.1818470984144236,1.5358869260615087,1e-06
59,2.170562838254648,1.5380574503817477,1e-06
60,2.183543724652881,1.5320548094412147,1e-06
61,2.172084115732891,1.5511369917427602,1e-06
62,2.156698341787191,1.5334847851090743,1e-06
63,2.1769607193641036,1.5568856256041492,1e-06
64,2.168689929789715,1.5571904458472248,1e-06
65,2.1753071528331374,1.5494316166437612,1e-06
66,2.1716373664449087,1.5375084559691172,1e-06
67,2.157388854382589,1.532084746654507,1e-06
68,2.174752243344833,1.547822269683741,1e-06
69,2.1745042481591113,1.533402721571594,1e-06
70,2.1779768024210804,1.5316992488527954,1e-06
71,2.1743856912020094,1.536459985147918,1e-06
72,2.1635839443569447,1.5459137112350847,1e-06
73,2.154327477709686,1.546634864975119,1e-06
74,2.1681153052702573,1.5377845575120466,1e-06
75,2.180356544283753,1.5175479448922125,1e-06
76,2.155653319273218,1.5216811577360263,1e-06
77,2.1681127528938036,1.5313978565633901,1e-06
78,2.1563707188596943,1.5276657627526604,1e-06
79,2.157682522032606,1.5389180586815796,1e-06
80,2.153944528526397,1.5298650745853257,1e-06
81,2.159864930118289,1.520030767125789,1e-06
82,2.1470802215579496,1.5326957751862889,5e-07
83,2.157341263576147,1.5316349758795922,5e-07
84,2.14375917314264,1.5423929409753223,5e-07
85,2.1491589432602156,1.5510080793337366,5e-07
86,2.15817241160294,1.5419309679161488,5e-07
87,2.154874772393751,1.5522330195567544,5e-07
88,2.144236958417673,1.533520003822044,5e-07
89,2.144593743109069,1.5233711514819632,5e-07
90,2.1522952770448147,1.5285548526754347,5e-07
91,2.138723151070287,1.5348405929669073,5e-07
92,2.1501190746790457,1.5609824345182353,5e-07
93,2.147650270132971,1.5396621072408139,5e-07
94,2.1530550319763235,1.5430130343102741,5e-07
95,2.1410673914041656,1.547281798123168,5e-07
96,2.1608960715020014,1.5447361389804424,5e-07
97,2.1342272268932034,1.54675725373054,5e-07
98,2.1438855623785327,1.5458279799076209,5e-07
99,2.15968331384005,1.5389121843616265,5e-07
100,2.146958829112942,1.553893295385113,5e-07
End of training: 2022-12-18 08:29:32

Loss min training: 2.1342272268932034

Loss min val: 1.4156805541862276

Best epoch: 12

Correlation: (0.6093756851107993, 0.0)




--> Fold: 9

Format of train data: frames: 131637 , pressures: 131637 

Format of validation data: frames: 47208 , pressures: 47208 

Option shuffle: True

Begin of training: 2022-12-18 08:29:39

Epoch,train_loss,val_loss,lr
1,60.21416541296409,27.060454065568205,5e-06
2,11.837614940110186,7.846944467311511,5e-06
3,4.147209135090193,2.4286827104735265,5e-06
4,3.1015627535962853,1.7200093474191764,5e-06
5,2.8248026158713544,1.5731411924848635,5e-06
6,2.736615897920242,1.5517199730553923,5e-06
7,2.6832899419311076,1.552676043456297,5e-06
8,2.616790504822222,1.487273771305081,5e-06
9,2.5566246569176116,1.4833657232467814,5e-06
10,2.5306815763814,1.4422159735135478,5e-06
11,2.501172041363597,1.4254216751270912,5e-06
12,2.4859391885402657,1.4040454281596608,5e-06
13,2.4408431949434144,1.3789698458631006,5e-06
14,2.423683516081976,1.392809810696103,5e-06
15,2.4073117930677745,1.350827089993959,5e-06
16,2.4007883660895835,1.3278045324203707,5e-06
17,2.3805630029402916,1.323617640945229,5e-06
18,2.3493883387521572,1.294761323207638,5e-06
19,2.3655749057985753,1.3128582402581461,5e-06
20,2.344276502227557,1.278844513482632,5e-06
21,2.3328681286642787,1.3239536289844729,5e-06
22,2.308599779791095,1.3329383697050787,5e-06
23,2.305144229102921,1.3201538034665992,5e-06
24,2.2941115682373243,1.330861633742306,5e-06
25,2.285450712885404,1.3523446953997655,5e-06
26,2.3050883960963677,1.3750871804947975,5e-06
27,2.262595727066118,1.292195616364782,5e-06
28,2.2606621856546805,1.4092007358889118,5e-06
29,2.2843501528863936,1.3676177341035818,5e-06
30,2.2517793332916343,1.345869856009219,5e-06
31,2.256782447784557,1.3199971874696363,5e-06
32,2.2420689368025752,1.2736883913535342,5e-06
33,2.2511123241248745,1.2520114455136622,5e-06
34,2.242229276992738,1.3397326307203017,5e-06
35,2.2209314513101615,1.3806953063315808,5e-06
36,2.206325032334901,1.3304255998775,5e-06
37,2.212004807189967,1.3010627906861052,5e-06
38,2.207451533283965,1.3295212103802962,5e-06
39,2.1972178049800477,1.3311771827923042,5e-06
40,2.1925446171685468,1.313349388611759,5e-06
41,2.1846669573221575,1.3128937947974328,1e-06
42,2.1986345171487383,1.354212730602781,1e-06
43,2.1860649517695876,1.3253300827532537,1e-06
44,2.1820585726197423,1.3746060786601184,1e-06
45,2.1755660327868576,1.327596453120599,1e-06
46,2.1864692843612294,1.3325067742802978,1e-06
47,2.1705910683935183,1.3340966368586185,1e-06
48,2.1841938588404735,1.3102973162006715,1e-06
49,2.159186252519859,1.3058252423885535,1e-06
50,2.1779445590720927,1.308412186484522,1e-06
51,2.1900624348339433,1.3202240728479466,1e-06
52,2.16474233650814,1.3186990999605792,1e-06
53,2.1689976332332312,1.3140788476480465,1e-06
54,2.1635063637206455,1.344041668071805,1e-06
55,2.165842176515172,1.2931725584820275,1e-06
56,2.1735530250368806,1.3202004634643123,1e-06
57,2.1788736245963927,1.3401021151356,1e-06
58,2.166732340466769,1.29426331512808,1e-06
59,2.169351147876527,1.3359045842970212,1e-06
60,2.1387823213467745,1.312671104329579,1e-06
61,2.1556772789751237,1.3386742227098898,1e-06
62,2.1635443403652084,1.313787446590101,1e-06
63,2.1627110535775165,1.3402270676422636,1e-06
64,2.167015444293565,1.3178362059524515,1e-06
65,2.1612832848447976,1.3043140786479155,1e-06
66,2.1636360826651475,1.3513293456998927,1e-06
67,2.1539082820336692,1.3194324295109883,1e-06
68,2.1617145293594096,1.3281073539949155,1e-06
69,2.158768300879292,1.3210776697233801,1e-06
70,2.1598739066441968,1.3088812970080794,1e-06
71,2.161122760275391,1.323552195429095,1e-06
72,2.153516691278406,1.308951203105127,1e-06
73,2.1344173091394136,1.3148386798416472,1e-06
74,2.1508299165976217,1.2840725211971111,1e-06
75,2.1545779930956352,1.2936934900574715,1e-06
76,2.1433352205309713,1.2869600585468177,1e-06
77,2.1489224325952474,1.3199969067894348,1e-06
78,2.1487689007527315,1.2870817419998202,1e-06
79,2.141705181761543,1.3144304849115231,1e-06
80,2.15591948192868,1.33262335193539,1e-06
81,2.149478337175508,1.2775658811579071,1e-06
82,2.139420869363347,1.2956438671631483,5e-07
83,2.1385886165106953,1.296066702018247,5e-07
84,2.1401234984427773,1.2950616952545095,5e-07
85,2.1507516642917324,1.3149633546983401,5e-07
86,2.1628286433913413,1.2945469235327463,5e-07
87,2.151643101343156,1.2957339579726534,5e-07
88,2.1409008965427443,1.2911334857660277,5e-07
89,2.1457365290845876,1.2949946188882253,5e-07
90,2.1367030060052126,1.301233119892682,5e-07
91,2.136529326595571,1.281722022201869,5e-07
92,2.142816095570529,1.3061717188352246,5e-07
93,2.1240332818670113,1.2917080719457645,5e-07
94,2.138528352546731,1.2920363357846483,5e-07
95,2.1299297947631017,1.291956106296456,5e-07
96,2.1316372645406867,1.2963913257112747,5e-07
97,2.132724230629074,1.3107384060463891,5e-07
98,2.1411240071646227,1.3061675141977267,5e-07
99,2.1446528996944343,1.3007265841672024,5e-07
100,2.1330698160619974,1.3056195975562068,5e-07
End of training: 2022-12-18 09:15:51

Loss min training: 2.1240332818670113

Loss min val: 1.2520114455136622

Best epoch: 33

Correlation: (0.5725404947285754, 0.0)




Mean validation loss: 1.5464908771377681
