
Dispositivo usado pelo Pytorch: cuda

 OPTION_SHUFFLE=True


 num_epochs=100 , dropout=0.5 ,lr=0.0001


 LSTM =True


 option_overlap=True , option_causal=False , dropout_value_lstm=0.2



--> Fold: 0

Begin of training: 2022-08-27 09:15:42

Epoch,train_loss,val_loss,lr
1,9.010724290980233,1.8809472090063282,0.0001
2,2.5971705497127484,1.612384682753204,0.0001
3,2.4046046355115163,1.6189780441363046,0.0001
4,2.3479801626925996,1.66304506866768,0.0001
5,2.2797369373236016,1.4708166922575927,0.0001
6,2.234023210492077,1.5595340679270688,0.0001
7,2.1972355788277795,1.4459524286501988,0.0001
8,2.1428063088404556,1.500314247327087,0.0001
9,2.1006603240243433,1.3868007043872075,0.0001
10,2.069001655034885,1.4229065777059016,0.0001
11,2.0470928967373294,1.4510488889812037,0.0001
12,2.016989951377662,1.4341370090619545,0.0001
13,1.9705870321329342,1.4707582466074178,0.0001
14,1.9430768013864506,1.5727399576545673,0.0001
15,1.9113692621199974,1.486128651731555,0.0001
16,1.8758048205433742,1.4691304441545145,0.0001
17,1.8507932255449038,1.4322008175020082,0.0001
18,1.809182498684213,1.4369128693559565,0.0001
19,1.792962804636739,1.584221820663432,0.0001
20,1.762642465204994,1.9546050394701824,0.0001
21,1.7311179068420977,1.597486611815712,0.0001
22,1.7197086543843165,1.751152871574369,0.0001
23,1.6930017067616399,1.781342480199276,0.0001
24,1.6601003404775003,1.740352285260657,0.0001
25,1.6409821562437297,1.502760794779582,0.0001
26,1.6105880015217184,1.6132588884197807,0.0001
27,1.585393165196798,1.7612742792922609,0.0001
28,1.572111888719687,1.6780678878112396,0.0001
29,1.549733130165089,1.5926670534236216,0.0001
30,1.5117301316002287,1.7842982812246109,0.0001
31,1.4908142907214292,1.8610393187208691,0.0001
32,1.4733528864875485,1.6876332604263518,0.0001
33,1.4523413092019781,1.7239884856490746,0.0001
34,1.4428684188504721,1.896337598275204,0.0001
35,1.4007365418647897,1.7501255169298038,0.0001
36,1.3841189805106333,1.8242206007727195,0.0001
37,1.3706800030293624,1.6280824855806344,0.0001
38,1.3382767250140926,1.6758153990866218,0.0001
39,1.3298776456596506,1.983739913479904,0.0001
40,1.3046787521429337,1.777934390300534,0.0001
41,1.2824810425328281,1.8518464932090142,0.0001
42,1.2630823899157344,1.6806572402129336,0.0001
43,1.2459178004070528,1.850927658826954,0.0001
44,1.2270658063354065,2.1260674593259394,0.0001
45,1.2091025269984454,1.8926341174568144,0.0001
46,1.1927875248100155,1.8332914173781218,0.0001
47,1.1712695223930176,1.7863565442649996,0.0001
48,1.1463359318472361,1.953252684511801,0.0001
49,1.1306486327409755,1.8671905271478841,0.0001
50,1.1236296651828637,1.843993619148694,0.0001
51,1.1025174378768556,2.0003569593701953,0.0001
52,1.0830676926598426,1.9726319844759963,0.0001
53,1.0700255196609205,1.9347011460611805,0.0001
54,1.0446655443367627,2.030997700249385,0.0001
55,1.0411456747109507,2.103423877872529,0.0001
56,1.0141098197273768,1.9382177778986434,0.0001
57,0.9964931828148531,1.974280396239459,0.0001
58,0.98285131768729,2.058804265370364,0.0001
59,0.971062506498034,2.167882615646545,0.0001
60,0.9515954170298985,1.844560924577222,0.0001
61,0.9411437298745101,2.0038694334521083,0.0001
62,0.9250247572331467,2.0710009823444078,0.0001
63,0.9089021707750553,2.0280853671831216,0.0001
64,0.8970629563313922,2.0461810292773213,0.0001
65,0.8796832915006659,2.0864190536256406,0.0001
66,0.8655972615681207,2.2451909592839736,0.0001
67,0.8488049363422864,2.0895188630755577,0.0001
68,0.8372294118786063,1.9399804017029898,0.0001
69,0.829000673948209,1.9860348450072538,0.0001
70,0.8151207201861937,2.0206690114504946,0.0001
71,0.7933348581058619,1.9634311766531016,0.0001
72,0.7863446396921574,2.032387559337103,0.0001
73,0.7686496642847428,2.173123366767012,0.0001
74,0.7595008818169198,2.1010117609213452,0.0001
75,0.7478330082472113,2.0459098047847486,0.0001
76,0.7328706917155533,2.107728062733904,0.0001
77,0.7216466030345735,2.1429790160617177,0.0001
78,0.7139519514012169,2.199597416546447,0.0001
79,0.6983283087319215,2.088838655740389,0.0001
80,0.6885571872812272,2.142126372350644,0.0001
81,0.6745536800424166,2.1420738789299643,0.0001
82,0.6632685012720131,2.22377978512236,0.0001
83,0.6524392066685671,2.0321849130467693,0.0001
84,0.6455655014450624,2.1993506779032503,0.0001
85,0.6316110810539896,2.1145977614053417,0.0001
86,0.6187120215177767,2.1224470279098786,0.0001
87,0.6084507510276386,2.1810135473566805,0.0001
88,0.6040013043745134,2.091084702788536,0.0001
89,0.5869972180156781,2.0713731001002254,0.0001
90,0.5791925840635808,2.131919924819323,0.0001
91,0.5724048592308761,2.0979869011350343,0.0001
92,0.5597973605639152,2.1893148232203155,0.0001
93,0.555561271333588,2.246610151498035,0.0001
94,0.5463235270077337,2.2207413300530376,0.0001
95,0.5315900897146864,2.08606713659856,0.0001
96,0.5314187516013177,2.1542394678286247,0.0001
97,0.5163517120659997,2.0876414114674313,0.0001
98,0.5079703990846783,2.023423629557718,0.0001
99,0.49893317534545695,2.106285097075633,0.0001
100,0.496904728594323,2.1396269553208898,0.0001
End of training: 2022-08-27 09:55:34

Loss min training: 0.496904728594323

Loss min val: 1.3868007043872075

Best epoch: 9


--> Fold: 1

Begin of training: 2022-08-27 09:55:45

Epoch,train_loss,val_loss,lr
1,9.192252986698259,1.6418497986738327,0.0001
2,2.645180959059132,1.5054988731287373,0.0001
3,2.4539036233075215,1.4963606360674244,0.0001
4,2.3583606685588303,1.535011023559096,0.0001
5,2.276209960776183,1.5773657536128092,0.0001
6,2.239208912371742,1.6045719915539194,0.0001
7,2.189824704747584,1.531169811300428,0.0001
8,2.134843127378204,1.7380312099395008,0.0001
9,2.0975308844225444,1.7477776387579786,0.0001
10,2.078989863794085,1.9229040620507853,0.0001
11,2.0414903372085504,2.010127452381681,0.0001
12,1.9938678610237601,2.1726423817373877,0.0001
13,1.9705623070954774,1.9783025893887678,0.0001
14,1.9353986166195203,1.9329130725711114,0.0001
15,1.90931175895126,2.0047025538486665,0.0001
16,1.8651279905066604,2.375321194286857,0.0001
17,1.8405465499222278,1.8618280548463875,0.0001
18,1.827062609567246,2.402539695828614,0.0001
19,1.7868147022021694,2.3112920663179057,0.0001
20,1.7526387411094295,2.3937319717622376,0.0001
21,1.7405010376609173,2.266978349876624,0.0001
22,1.714535659426175,2.643689196215996,0.0001
23,1.6783926591911882,2.583416433868334,0.0001
24,1.647590560530705,2.7197675006479103,0.0001
25,1.614399712420103,2.5650429248583,0.0001
26,1.5971299126928649,2.2181051054039522,0.0001
27,1.5757208610078113,2.6281863469365105,0.0001
28,1.5404789077569239,2.2824608802541597,0.0001
29,1.5160161653483992,2.6363363353206326,0.0001
30,1.4979460208840927,2.4379129864226683,0.0001
31,1.4717649597902895,2.3518509392792453,0.0001
32,1.4554288245353613,2.665490925985732,0.0001
33,1.423925359773713,2.773896582099778,0.0001
34,1.4024862740659805,2.784571616181798,0.0001
35,1.3847914671470731,2.737968129953357,0.0001
36,1.367015690618595,2.347906353363011,0.0001
37,1.3296053728000343,2.695998164075869,0.0001
38,1.3135947458173587,1.993834403793054,0.0001
39,1.2944699504397574,2.3918553179351414,0.0001
40,1.2609983806795428,2.3832963661131292,0.0001
41,1.2452297081535872,3.149420099292553,0.0001
42,1.22900723293952,2.739637188961229,0.0001
43,1.207416834237883,2.1820135693006946,0.0001
44,1.185926281992495,2.9196860040472723,0.0001
45,1.1654576053147685,3.1816517796942287,0.0001
46,1.1444218570020306,2.425070091860948,0.0001
47,1.1232396508887466,2.508184075477037,0.0001
48,1.0988742605567619,3.2007655755842084,0.0001
49,1.094806161808106,2.766914235033204,0.0001
50,1.0735845952957417,2.3982575991412447,0.0001
51,1.045997339196248,2.7215920260879836,0.0001
52,1.033938298788441,2.526302481419114,0.0001
53,1.014384833698808,3.1204058419629623,0.0001
54,0.9962164603144703,2.497664639751553,0.0001
55,0.9715351505886344,2.7861115493553865,0.0001
56,0.9613952777575425,2.399314654378643,0.0001
57,0.948093486542328,2.4692853292243453,0.0001
58,0.9224649780475737,3.0667739444476823,0.0001
59,0.910415633594894,3.4589686456813493,0.0001
60,0.8950576060511007,3.459506327159413,0.0001
61,0.8688427223467551,2.4224434920125657,0.0001
62,0.8611022734346245,3.750895518365972,0.0001
63,0.8331659544287914,2.423647063483592,0.0001
64,0.8263210001445952,2.615389367581418,0.0001
65,0.80985796193584,2.5971145435876437,0.0001
66,0.7936884569685669,2.937582143103864,0.0001
67,0.7750934517129381,3.460521839680754,0.0001
68,0.764976229628757,2.7974128154545195,0.0001
69,0.756965460468634,2.7084900281791597,0.0001
70,0.7398967712054081,3.217552929665052,0.0001
71,0.7237653476637554,3.494513956227981,0.0001
72,0.7137138556464138,3.395506618976021,0.0001
73,0.6921883567282717,3.0237145772101575,0.0001
74,0.6822635652964887,3.8144952643943424,0.0001
75,0.6744662240983004,2.5504534109097414,0.0001
76,0.6603253127442592,3.2896932156164973,0.0001
77,0.6484376200541769,3.097782815390258,0.0001
78,0.6360148560316558,2.695166608755817,0.0001
79,0.6224293723658462,2.772362309637992,0.0001
80,0.6123112750934537,2.523736447569074,0.0001
81,0.6002779296614952,2.7773359317779973,0.0001
82,0.5880975196992598,2.6834605520326567,0.0001
83,0.5769012025902486,2.9893220872575963,0.0001
84,0.5648366500077417,2.5756321382424296,0.0001
85,0.5560583625730865,3.0293438015374248,0.0001
86,0.5458189914857589,2.9190008807969137,0.0001
87,0.5345165614328453,2.805121215262654,0.0001
88,0.5251885647533034,2.4690558407006358,0.0001
89,0.5149734333001825,2.7691653210346328,0.0001
90,0.5109703069491836,2.9063411109236705,0.0001
91,0.49951594705633434,2.6329821028086537,0.0001
92,0.48868141824515327,2.7348131365747874,0.0001
93,0.47980715712039784,3.222121095902523,0.0001
94,0.47006091012717777,3.1933470773125547,0.0001
95,0.4637399946905182,2.8096061287445995,0.0001
96,0.45753698049056707,2.7302264539719534,0.0001
97,0.4464596504705761,2.4880685442023056,0.0001
98,0.4382709996605566,2.854561511802064,0.0001
99,0.43256794609455795,2.7308254954299125,0.0001
100,0.42519045371565095,2.656593523273063,0.0001
End of training: 2022-08-27 10:36:07

Loss min training: 0.42519045371565095

Loss min val: 1.4963606360674244

Best epoch: 3


--> Fold: 2

Begin of training: 2022-08-27 10:36:14

Epoch,train_loss,val_loss,lr
1,8.611445291940564,2.1335053159164854,0.0001
2,2.6253266979269174,1.5701694139484554,0.0001
3,2.464762503745709,1.6849514298983617,0.0001
4,2.3916860961406443,1.7505655179560597,0.0001
5,2.31616659771701,1.8093779368909875,0.0001
6,2.278340322397445,1.5133876690434547,0.0001
7,2.22393636226961,1.4864335264371364,0.0001
8,2.1793107394619877,1.499628366644229,0.0001
9,2.1347271322214816,1.6371885449813686,0.0001
10,2.100721668771071,1.3866071025266622,0.0001
11,2.063858397918889,1.5009960202454808,0.0001
12,2.0096312813369637,1.6342029909213291,0.0001
13,1.9948999900340274,1.436239579617418,0.0001
14,1.9638853791364113,2.100336311966575,0.0001
15,1.924984840828751,1.9050166890015319,0.0001
16,1.887443109047445,1.6799108380087426,0.0001
17,1.8660494903761302,1.8821951444218994,0.0001
18,1.8332312875207777,1.724861388997625,0.0001
19,1.8057628457821775,1.7177705701561243,0.0001
20,1.7915216063779666,1.6297919825599434,0.0001
21,1.7667626746161644,1.8963096355373066,0.0001
22,1.716148271088762,1.268923216407658,0.0001
23,1.69934370251904,1.5975313732988685,0.0001
24,1.6757213302433425,1.6044137786850827,0.0001
25,1.6463162993634566,1.4812431693071044,0.0001
26,1.6157101339326074,1.250743720416285,0.0001
27,1.591548600001109,1.3579609653195215,0.0001
28,1.5636058077368813,1.2161853156148037,0.0001
29,1.5419679735277707,1.3603062149164262,0.0001
30,1.5173544253891715,1.3007783755617002,0.0001
31,1.4866822777021889,1.6357724341061701,0.0001
32,1.473978224440762,1.195127356147273,0.0001
33,1.455542292049817,1.449724822512822,0.0001
34,1.4156400288379303,1.3744558368227369,0.0001
35,1.3977494132546189,1.5361114692209386,0.0001
36,1.3788892216759063,1.5601212731720002,0.0001
37,1.357015689288941,1.3455526686635668,0.0001
38,1.341355944079055,1.6565926338152195,0.0001
39,1.312200294797127,1.5387345475275978,0.0001
40,1.2871196028410912,1.3691762926164337,0.0001
41,1.2678105120763619,1.4875992898698838,0.0001
42,1.250812047108687,1.5395760558613194,0.0001
43,1.2390553246528828,1.384508874658432,0.0001
44,1.2063799832060889,1.4925201746637546,0.0001
45,1.1912719767187079,1.7358782270262025,0.0001
46,1.1759749132535124,1.5141280906250083,0.0001
47,1.1541472848846406,1.5390559653887284,0.0001
48,1.1288787682181067,1.7022693933533928,0.0001
49,1.1158917184499406,1.5670969423631602,0.0001
50,1.0934443908601286,1.7533104693212203,0.0001
51,1.0761774430388056,1.64002045154354,0.0001
52,1.0629629597545247,1.6689478478230109,0.0001
53,1.0349097087547292,2.0758261907092823,0.0001
54,1.0296080185287275,2.0718019502647698,0.0001
55,1.0003591841896937,2.1486622332656427,0.0001
56,0.989051423263865,1.9817707893205088,0.0001
57,0.971822518718549,1.7734923827193128,0.0001
58,0.9582592687431466,1.4392131659579348,0.0001
59,0.9341162576720112,1.7828718470676252,0.0001
60,0.9203199797171827,1.7870659787335688,0.0001
61,0.9107464070823706,1.8730469732221215,0.0001
62,0.8925110741695093,1.953312201259913,0.0001
63,0.8791790770335305,2.1055984206887817,0.0001
64,0.8625351056474464,1.5735181241497869,0.0001
65,0.8481645450435038,1.6093416155130917,0.0001
66,0.8318298689648618,1.6960037028474682,0.0001
67,0.8178492975728006,1.8521240521910682,0.0001
68,0.8017498822147157,1.5853020062574463,0.0001
69,0.7907575667657831,2.0349370443181005,0.0001
70,0.7671617553779474,1.9062314970649104,0.0001
71,0.7595633517795798,1.921177459728786,0.0001
72,0.7451815956529485,1.7614226041154624,0.0001
73,0.7304673950868515,1.9178862327581099,0.0001
74,0.7144346799420485,1.858433679154878,0.0001
75,0.7061748075024029,1.799802146124974,0.0001
76,0.6946617121609042,2.353564825145969,0.0001
77,0.6781911481997847,2.055894675018905,0.0001
78,0.6670671842243429,2.693388861928702,0.0001
79,0.6544158841310546,2.5228040406893335,0.0001
80,0.6437512077592069,2.420587140155248,0.0001
81,0.6373799249682036,2.1809061263924576,0.0001
82,0.6239607125670212,1.979982451442143,0.0001
83,0.6145184530782997,1.9851647386465334,0.0001
84,0.5991052605519814,2.0431008879470167,0.0001
85,0.590009204771268,1.934526061409841,0.0001
86,0.5776930726054506,2.2147176080197966,0.0001
87,0.5660335640311901,2.0728385679659107,0.0001
88,0.5601812961524043,1.850007421193123,0.0001
89,0.5516279724599844,1.856930332151931,0.0001
90,0.540177486941787,1.8306153906928415,0.0001
91,0.5302112628832106,1.8603036416225343,0.0001
92,0.5209320835394884,1.8971169744471177,0.0001
93,0.5115764389186273,1.7343766085247179,0.0001
94,0.5047991861702925,1.9423877746720342,0.0001
95,0.49570295288084315,1.944846343890202,0.0001
96,0.4873480587423035,1.857626105234712,0.0001
97,0.4805138260408047,1.982654081788302,0.0001
98,0.47123426031764803,2.226870141305158,0.0001
99,0.46170637547423266,2.0909187263281472,0.0001
100,0.4593765157443338,1.9065580318973232,0.0001
End of training: 2022-08-27 11:17:15

Loss min training: 0.4593765157443338

Loss min val: 1.195127356147273

Best epoch: 32


--> Fold: 3

Begin of training: 2022-08-27 11:17:18

Epoch,train_loss,val_loss,lr
1,8.566055173732526,1.7024513264462169,0.0001
2,2.660255035582582,1.604698521793815,0.0001
3,2.4852039472823995,1.8076268656873116,0.0001
4,2.4054105186298047,1.8609546407962771,0.0001
5,2.325939681026393,1.9021741199410673,0.0001
6,2.277639790450406,1.8353967363812491,0.0001
7,2.2366097959858133,2.1695226161230656,0.0001
8,2.196874473621373,2.2963093277011737,0.0001
9,2.138513839006869,1.8888220353382428,0.0001
10,2.1089486897943814,2.188555954846916,0.0001
11,2.0672076705663742,2.1567768452210427,0.0001
12,2.0470716100682065,1.9281701584288846,0.0001
13,2.0033877770946797,2.060270081038222,0.0001
14,1.958805897017224,2.0039799395712277,0.0001
15,1.9294614282747704,2.2668528258405507,0.0001
16,1.9027854317324624,2.13717935622323,0.0001
17,1.8751485428974553,2.0627440283590763,0.0001
18,1.8500279670323434,2.337181336575739,0.0001
19,1.8055891268637623,2.7216344057750934,0.0001
20,1.7899278402880148,2.2013768010229438,0.0001
21,1.7638711989489955,2.3633884126790665,0.0001
22,1.7255155315523503,2.0235562776000706,0.0001
23,1.7053076787143082,2.3580725747918407,0.0001
24,1.682168884480658,2.219649049116364,0.0001
25,1.6587176364672722,2.3038003229447397,0.0001
26,1.618230124028335,2.3822607634587327,0.0001
27,1.5999993897158538,2.335797601209582,0.0001
28,1.5706644376819012,2.6061137377372647,0.0001
29,1.5571206625054197,2.4956229790051587,0.0001
30,1.5272717958743236,2.294559621993618,0.0001
31,1.5121823881539393,2.412702749961169,0.0001
32,1.4798773392464968,2.3579053587605214,0.0001
33,1.4579539568904698,2.501439123988844,0.0001
34,1.4345420341369421,2.546115277054643,0.0001
35,1.410509791609631,2.18226903741192,0.0001
36,1.390656034064209,2.5876043476414807,0.0001
37,1.3698190029430601,2.474610527254005,0.0001
38,1.3491602722957075,2.4673322709143286,0.0001
39,1.3338456388476068,2.4425269559994947,0.0001
40,1.3110919378848032,2.774372342902758,0.0001
41,1.2919971326976487,2.3817940194322325,0.0001
42,1.2677148452395501,2.4492525569984167,0.0001
43,1.2573927313173545,2.509621520437361,0.0001
44,1.2270513447030258,2.555017312038352,0.0001
45,1.2203271823123643,2.580495739826585,0.0001
46,1.1912592721669848,2.948661459403793,0.0001
47,1.179177675010817,2.448994707440136,0.0001
48,1.1548683123280623,2.8115500117519185,0.0001
49,1.1358620255873084,2.9295750707104244,0.0001
50,1.1238955773562629,2.6869938561096878,0.0001
51,1.1005773247786335,2.4223584996639027,0.0001
52,1.0791335985389556,2.803948026446086,0.0001
53,1.069204778163512,2.654993126202018,0.0001
54,1.0470412095136679,2.767459268176039,0.0001
55,1.0383873689411864,3.055779180139031,0.0001
56,1.0135990162166406,2.7892371400952682,0.0001
57,0.9995091724179274,2.9018417875212377,0.0001
58,0.9853657437743905,2.5686349177885095,0.0001
59,0.9618236976411972,2.731184256979709,0.0001
60,0.9524393703724972,2.7868806644471595,0.0001
61,0.9341488462239601,2.9028406758697605,0.0001
62,0.9178148667586397,3.2129484345046118,0.0001
63,0.9075035723506599,2.950364967741202,0.0001
64,0.8828286769861221,2.8094686700984233,0.0001
65,0.8764596225782901,3.258874747271503,0.0001
66,0.8582769832705132,3.1657343713404758,0.0001
67,0.8446160742544383,3.2126176675566738,0.0001
68,0.8298935410227564,3.134141089643493,0.0001
69,0.805704233042119,2.5399454995621014,0.0001
70,0.8031237171374492,2.9710290979689242,0.0001
71,0.7897437303154556,3.0483865288851346,0.0001
72,0.7759923179851145,3.1428953400461874,0.0001
73,0.7626351588860504,3.201368544858217,0.0001
74,0.75050514566076,3.516683237493522,0.0001
75,0.7374712770635431,3.0209134152519486,0.0001
76,0.7222918507661606,3.986878712108274,0.0001
77,0.7130975243762466,4.222810063117481,0.0001
78,0.7027348511872491,3.2491793513806506,0.0001
79,0.6839631715112974,3.566758699806885,0.0001
80,0.6770739313837713,3.5738552611951504,0.0001
81,0.6670028314835923,3.521763688992784,0.0001
82,0.6568295877208519,2.919124592952672,0.0001
83,0.6445462661636226,3.0207966918539912,0.0001
84,0.6354113410852951,3.2170096385173603,0.0001
85,0.6199555164253429,3.2483080443202477,0.0001
86,0.6072896030206488,2.9449853791493514,0.0001
87,0.6040997399593215,3.0507494745206944,0.0001
88,0.5946500755213164,3.1795401509291845,0.0001
89,0.5814829187448582,3.2867954917840794,0.0001
90,0.5757633849800348,3.518695564865477,0.0001
91,0.5657383189163385,3.278926033277002,0.0001
92,0.5657215112630071,3.4824646545392413,0.0001
93,0.5492468458404661,3.2261012740677217,0.0001
94,0.5336221457393241,3.6547133162799743,0.0001
95,0.5333114962482174,3.838291362604153,0.0001
96,0.5192910641351438,3.3358359970173024,0.0001
97,0.5103361013476186,3.6597153090837735,0.0001
98,0.5092392766563372,3.4286105811465206,0.0001
99,0.49872833614827444,3.3278347011945084,0.0001
100,0.49177990157652307,3.7030362109263253,0.0001
End of training: 2022-08-27 11:58:17

Loss min training: 0.49177990157652307

Loss min val: 1.604698521793815

Best epoch: 2


--> Fold: 4

Begin of training: 2022-08-27 11:58:26

Epoch,train_loss,val_loss,lr
1,8.444672368157999,1.499400810037693,0.0001
2,2.6240036149485344,1.4236840764106424,0.0001
3,2.4451423664629766,1.4688800629127146,0.0001
4,2.363487113347104,1.5473135884065445,0.0001
5,2.2979398653073937,1.44567148401745,0.0001
6,2.2471041099960245,1.418103995962742,0.0001
7,2.2056537167344494,1.5170221467858391,0.0001
8,2.1374934153265577,1.4247759879149597,0.0001
9,2.1008387542605043,1.455720451132138,0.0001
10,2.0676391470996487,1.586153688577645,0.0001
11,2.034262509325072,1.3716826700879983,0.0001
12,2.005845645155433,1.8913097742323226,0.0001
13,1.9590857323692128,2.6983107769759123,0.0001
14,1.923972074055173,1.908804269515154,0.0001
15,1.8958430463879288,2.0121438453166354,0.0001
16,1.8573042520346252,1.588434323217604,0.0001
17,1.8415472999483584,1.668291197822215,0.0001
18,1.8116492124704213,1.6371199075399585,0.0001
19,1.7708595942388459,1.814531673459958,0.0001
20,1.7534672404030722,1.5256295873438968,0.0001
21,1.732907242990214,1.6904109241257423,0.0001
22,1.7081237426148583,2.0981147026870177,0.0001
23,1.6668196819888779,2.1361131139073315,0.0001
24,1.6383567686932101,1.954062168531192,0.0001
25,1.6094830783263347,1.76015843238862,0.0001
26,1.5816624380912288,1.8991054927827253,0.0001
27,1.5734793971625323,1.8433100124736888,0.0001
28,1.5429984177069194,1.8744239968016783,0.0001
29,1.517200110435456,2.2843180331391095,0.0001
30,1.4960599422788252,1.867929517788433,0.0001
31,1.4717053239644584,2.3296566923030624,0.0001
32,1.4488089625396834,2.1538971464918757,0.0001
33,1.420786203048209,1.9434648348688173,0.0001
34,1.3940621469363166,1.9244211020595037,0.0001
35,1.3717232818778533,1.8638007612903502,0.0001
36,1.3630057522355714,2.1030826578426853,0.0001
37,1.3347171275183067,2.2730609089181404,0.0001
38,1.3185075418016188,1.9056046978934267,0.0001
39,1.2889813523055684,1.7920130488417154,0.0001
40,1.2667646125047702,1.9858898986326172,0.0001
41,1.2483313024918563,2.1679978357098015,0.0001
42,1.223704927456461,1.9914448713441564,0.0001
43,1.2167357396914806,1.9371784681811308,0.0001
44,1.1925022436307946,2.1055494396562473,0.0001
45,1.1724027842858349,2.0474675747446516,0.0001
46,1.1486233967075397,1.9560605279202041,0.0001
47,1.1332880355307482,2.0183827535376664,0.0001
48,1.122254827057608,1.7683394353398274,0.0001
49,1.099439059438723,1.859716144293394,0.0001
50,1.0796028892648102,1.6410001225786213,0.0001
51,1.0570655065535843,1.8438768266504917,0.0001
52,1.0445245678380988,1.9628427091095604,0.0001
53,1.0305610975344988,1.9607748776452478,0.0001
54,1.0062837292789326,1.9828131620580585,0.0001
55,0.9891636037672309,1.975402608759032,0.0001
56,0.9731337994774345,1.810660546296189,0.0001
57,0.9523828836561682,1.8184424213090606,0.0001
58,0.932674116763393,1.904451400792912,0.0001
59,0.9303325197860937,2.0589244200905625,0.0001
60,0.9095928023819976,1.9045386753019529,0.0001
61,0.8886244736497638,1.8363540724034602,0.0001
62,0.8806919371391263,1.753795920029715,0.0001
63,0.8641878959042897,1.6282330129663098,0.0001
64,0.8484440786583084,1.9378912317495895,0.0001
65,0.8399992941353447,1.6878568645184608,0.0001
66,0.8158661860117966,1.7391826344814025,0.0001
67,0.8040828831924248,1.722343147881562,0.0001
68,0.7909446706525829,1.7336106501118496,0.0001
69,0.7815242794208649,1.8929451279933303,0.0001
70,0.7655499203450721,1.7967653386859876,0.0001
71,0.7546457220099695,1.7195405738382523,0.0001
72,0.7386780980704406,1.8135830299302882,0.0001
73,0.7331390220157153,1.8365591975283488,0.0001
74,0.7191594158838118,1.66647595130476,0.0001
75,0.7050066994709694,1.7897723583005765,0.0001
76,0.6918307523643299,1.6678204678784312,0.0001
77,0.6759114890015199,1.7071584940687277,0.0001
78,0.6677618887233023,1.662100009523683,0.0001
79,0.6561283159539854,1.7763688764573862,0.0001
80,0.6501859128489159,1.7041222353272338,0.0001
81,0.6351726010031293,1.7379023862917136,0.0001
82,0.6262938317897687,1.7026246249548354,0.0001
83,0.6172192275163711,1.6787749950889395,0.0001
84,0.6050754986436452,1.769746563775532,0.0001
85,0.5963194707423128,1.6663440521398292,0.0001
86,0.5892506475955182,1.6114533400703195,0.0001
87,0.5764952654266646,1.6246470422603294,0.0001
88,0.5646735402177588,1.709427077227555,0.0001
89,0.5564094188013148,1.6994872248655024,0.0001
90,0.5481594951583564,1.7245774180540463,0.0001
91,0.5385284751658793,1.5934138289746225,0.0001
92,0.5296248373932168,1.72698093275509,0.0001
93,0.523080341239339,1.7024421374784866,0.0001
94,0.5156113076645702,1.7892140594422794,0.0001
95,0.5081309725018981,1.6796219944877173,0.0001
96,0.5000679287497469,1.6548142166493547,0.0001
97,0.4886676246107466,1.7031422397267841,0.0001
98,0.4807060334011492,1.6413184602528337,0.0001
99,0.4738098221414061,1.6418230468504884,0.0001
100,0.46751028779249687,1.6840091147252232,0.0001
End of training: 2022-08-27 12:39:37

Loss min training: 0.46751028779249687

Loss min val: 1.3716826700879983

Best epoch: 11


--> Fold: 5

Begin of training: 2022-08-27 12:39:40

Epoch,train_loss,val_loss,lr
1,7.899804614107709,2.2368975407671123,0.0001
2,2.5140956774055083,2.1627658836549792,0.0001
3,2.382132994306887,1.675545079636536,0.0001
4,2.2819840950577475,1.90475424783246,0.0001
5,2.2305556062117486,1.7959275681443423,0.0001
6,2.1690918288071845,1.8698901040947755,0.0001
7,2.125623946371429,2.063701968555966,0.0001
8,2.082768950028636,1.913430427310746,0.0001
9,2.0571629246118643,2.2449106814061253,0.0001
10,2.0038303951530394,2.3402827089243403,0.0001
11,1.9656975192213475,2.1056047985904023,0.0001
12,1.9430370346584807,2.3806965527575694,0.0001
13,1.9131327225048764,2.232478580181511,0.0001
14,1.8699716549980847,2.5353077857116153,0.0001
15,1.8500946835418322,2.232694411984541,0.0001
16,1.8207834702655112,2.5218851350184854,0.0001
17,1.783837820340373,2.333707533564203,0.0001
18,1.7557953309722756,2.471568658708385,0.0001
19,1.7212808030890874,2.303528124581991,0.0001
20,1.7103336200698163,2.745297298922369,0.0001
21,1.6810354928623572,2.260972306471577,0.0001
22,1.6463122709230025,2.1462132488858154,0.0001
23,1.6231876775519205,2.661651547962533,0.0001
24,1.6017412631485322,2.6091635491189744,0.0001
25,1.5695490921688797,2.546616602449122,0.0001
26,1.5363472249685928,2.660779076009842,0.0001
27,1.5138568871134155,2.6063079427868536,0.0001
28,1.4933176268393886,2.191676952528495,0.0001
29,1.4742897942196258,2.4522317618134406,0.0001
30,1.4391854435569722,2.501286565470946,0.0001
31,1.422691714107151,2.113165276063972,0.0001
32,1.3963542973485195,2.33008365674972,0.0001
33,1.3747036279914338,2.547695977594117,0.0001
34,1.355481320087852,2.4156754786347205,0.0001
35,1.334908333190038,2.5538098907262436,0.0001
36,1.3181556201714384,2.5260418946277077,0.0001
37,1.28275766400666,2.232503353225599,0.0001
38,1.2620792019097284,2.594424833773725,0.0001
39,1.2488942204130589,2.603647633939746,0.0001
40,1.2299726422535542,2.2436659974287947,0.0001
41,1.2135992511303135,2.46163568030546,0.0001
42,1.1854360816800127,2.3268791919148506,0.0001
43,1.1668799003384527,2.405305560487496,0.0001
44,1.149230992363471,2.398440145998127,0.0001
45,1.1281916564002055,2.829417373907853,0.0001
46,1.1078421731341943,1.9629025176913861,0.0001
47,1.0870837515861402,2.527772168711696,0.0001
48,1.0758517856943124,2.3313221405589575,0.0001
49,1.0562963642574383,2.156013686842396,0.0001
50,1.0385959969140315,2.2719275523556974,0.0001
51,1.0185154544768542,2.0691643745612724,0.0001
52,0.9970357128528503,2.602037842461372,0.0001
53,0.9802793439841553,2.592840370818614,0.0001
54,0.9727977956938122,2.425116516313924,0.0001
55,0.9455445583228744,2.706038670960373,0.0001
56,0.9237665396928836,2.660473226226957,0.0001
57,0.9187003164746524,2.507170026125756,0.0001
58,0.8898059592965846,2.3486994078207855,0.0001
59,0.8801938840866751,2.8820619082851886,0.0001
60,0.8640344697343381,2.255525225789205,0.0001
61,0.8453356567996703,2.2299817568993725,0.0001
62,0.8328929408898764,2.3634671927849915,0.0001
63,0.8166855233323098,2.5988376797513997,0.0001
64,0.8052666105160078,2.7655031078893804,0.0001
65,0.7913054879268306,2.4777458689600746,0.0001
66,0.774057491954726,2.9137626144813122,0.0001
67,0.7623253251938903,2.8487875662088373,0.0001
68,0.7441964962908743,2.4816298300022863,0.0001
69,0.7360835973837051,2.352009710176828,0.0001
70,0.7200384363338861,2.644804333900499,0.0001
71,0.7113249754616217,2.65034986362062,0.0001
72,0.6954750318484926,2.3780891834144176,0.0001
73,0.6821173614287754,2.2345814056006987,0.0001
74,0.6686314445162038,2.5476957357857,0.0001
75,0.6586664799599545,2.7553566986827,0.0001
76,0.6413724908100731,2.7846947694598008,0.0001
77,0.6342391643091427,2.9600221364984014,0.0001
78,0.6255075445070163,2.509721620354707,0.0001
79,0.6098865272328798,2.430834073735019,0.0001
80,0.5996610788530637,2.507440631002556,0.0001
81,0.5890738374621416,2.6359655742983805,0.0001
82,0.5806323056286031,2.493054237588167,0.0001
83,0.5716881166426103,2.777262064639814,0.0001
84,0.5569875765055969,2.3798996579546254,0.0001
85,0.5518035413528909,2.5944987335520575,0.0001
86,0.5410275610486013,2.7377781111803454,0.0001
87,0.5336169688454971,2.5806174348493167,0.0001
88,0.5224380272358147,2.8200218697239414,0.0001
89,0.5092705794717196,2.321755449863385,0.0001
90,0.5043010286099586,2.7530206233282404,0.0001
91,0.49434720043213976,2.311551057010676,0.0001
92,0.4827325644010881,2.454244246858168,0.0001
93,0.4794889498788424,2.737932195119306,0.0001
94,0.4687875810484941,2.3578432849454742,0.0001
95,0.4659883030894631,2.4030059185483155,0.0001
96,0.4538533215861287,2.5949736320333248,0.0001
97,0.44970527953446016,2.4641351441935573,0.0001
98,0.4402150140733577,2.961156140449665,0.0001
99,0.4383335713462437,2.270223712934436,0.0001
100,0.42422414411336073,2.5192656313140045,0.0001
End of training: 2022-08-27 13:20:14

Loss min training: 0.42422414411336073

Loss min val: 1.675545079636536

Best epoch: 3


--> Fold: 6

Begin of training: 2022-08-27 13:20:22

Epoch,train_loss,val_loss,lr
1,8.171053791610165,1.6279754105495603,0.0001
2,2.59869794975253,1.4986497101251042,0.0001
3,2.463080154027568,1.314178601404128,0.0001
4,2.3907978906941456,1.3103451512668258,0.0001
5,2.3209643299325147,1.4238000769530572,0.0001
6,2.2733273653751183,1.298596313599839,0.0001
7,2.2262657973488467,1.3457104144539835,0.0001
8,2.1674304853530955,1.280520406306708,0.0001
9,2.1358600367296208,1.3527774711779206,0.0001
10,2.098236589964551,1.3961155548688844,0.0001
11,2.055250696758243,1.343244615505722,0.0001
12,2.0435118263184306,1.3811145586492397,0.0001
13,2.000617670799096,1.3972683596690048,0.0001
14,1.958447558187959,1.3628981320289497,0.0001
15,1.9174924166253964,1.4519456916674462,0.0001
16,1.8927552338090878,1.3831810111143268,0.0001
17,1.8623894342092213,1.5435816339870996,0.0001
18,1.8438917811045266,1.4649907144962824,0.0001
19,1.8104674890993346,2.1578733406003674,0.0001
20,1.7848072999391673,1.476411433102769,0.0001
21,1.7498691259641044,1.6585754431068003,0.0001
22,1.7293390987918174,1.8956321670567926,0.0001
23,1.7073218613415952,1.6491158443669591,0.0001
24,1.6774849657155781,1.6833131577006835,0.0001
25,1.6487191646417243,1.877063921098008,0.0001
26,1.62698909518804,1.7815714096507034,0.0001
27,1.6057795561793036,3.089163031673822,0.0001
28,1.5790469581930606,1.642267946891093,0.0001
29,1.5467727048757973,1.9371522969322423,0.0001
30,1.5381987380680482,3.049027360282834,0.0001
31,1.5093903576446728,3.1826856041726233,0.0001
32,1.4824672243462627,2.917370202434902,0.0001
33,1.4589040017443358,4.360185317092296,0.0001
34,1.4397329591003043,2.1063680820796056,0.0001
35,1.4223111478121302,2.8335362238873745,0.0001
36,1.3859507685546322,4.1794766610443626,0.0001
37,1.369662922423053,2.167507528166344,0.0001
38,1.3569292817593648,3.7921938907335457,0.0001
39,1.3412373934468031,2.6961193608363763,0.0001
40,1.3126287280621032,3.413446504392455,0.0001
41,1.2968601079584368,2.5131084373248767,0.0001
42,1.2749035678657217,3.8953715095884456,0.0001
43,1.2505547902181509,3.1289026766963164,0.0001
44,1.2334634742861599,2.2396296158848417,0.0001
45,1.2108983028856017,3.4979656937759644,0.0001
46,1.1941769692822726,2.4903005609551374,0.0001
47,1.1753853317046172,2.526044908706894,0.0001
48,1.152659193431944,2.1330089759213067,0.0001
49,1.1421470901869608,2.4986508587085847,0.0001
50,1.1190946862619309,2.6183796195775635,0.0001
51,1.102447033331204,2.4590375033891974,0.0001
52,1.0806862152101604,2.3521840970263796,0.0001
53,1.0594705551447423,3.5566066625546378,0.0001
54,1.044740925285636,3.6264687133918474,0.0001
55,1.0295574455518262,2.1296811941005167,0.0001
56,1.0123921025012466,2.8107267222829346,0.0001
57,0.9954035912906888,2.3707423657788986,0.0001
58,0.985727162048204,2.3305734504986795,0.0001
59,0.956837653773575,2.740019142430157,0.0001
60,0.9409499127177019,3.0326333977507205,0.0001
61,0.9351201077011853,3.3188778638700267,0.0001
62,0.915996335383048,2.4620847381283886,0.0001
63,0.9013505331324214,3.2674030507835736,0.0001
64,0.8869461704593878,2.798193019834218,0.0001
65,0.8692273004275686,2.7831313855979474,0.0001
66,0.8489422542527536,2.9632118601249564,0.0001
67,0.8428735517913658,2.6441599019997577,0.0001
68,0.8320318520860857,2.5061682712313584,0.0001
69,0.8136647193026028,2.35135867191723,0.0001
70,0.7947309301447588,2.8096648456293094,0.0001
71,0.7867879296979212,2.610231695781328,0.0001
72,0.7679766516366935,2.6524180558067614,0.0001
73,0.7577420412906114,2.8599797188596527,0.0001
74,0.7397179516623311,2.6518963846134893,0.0001
75,0.7300632143438719,2.7513783004089136,0.0001
76,0.716478365478861,2.520012576530309,0.0001
77,0.7042601391774839,2.3717800618542824,0.0001
78,0.6946679179281363,2.579634106631027,0.0001
79,0.680719334351101,2.7741242870296228,0.0001
80,0.66595941334675,2.629016474804513,0.0001
81,0.660528496655098,2.2681965881515187,0.0001
82,0.6457466178443023,2.2534854758387772,0.0001
83,0.6370347838729992,2.464722620160242,0.0001
84,0.6215849127988105,2.4590675988423243,0.0001
85,0.6052185329167348,2.405125385605352,0.0001
86,0.5989410307600902,2.4879064714729635,0.0001
87,0.589185266576592,2.3698466476768423,0.0001
88,0.5743581296076654,2.3426094347446558,0.0001
89,0.5707939537011444,2.3777145847611365,0.0001
90,0.5568157749650441,2.4306964248587315,0.0001
91,0.5501187971118878,2.2184143607717295,0.0001
92,0.5424282531736234,2.0355095781297288,0.0001
93,0.5331210221009253,2.156580935679209,0.0001
94,0.5226480604115472,2.003209154702088,0.0001
95,0.5122561616354703,2.0705322243591384,0.0001
96,0.503283411765709,1.9524161843069117,0.0001
97,0.4950122562581698,2.2087657535882648,0.0001
98,0.484403260280876,2.026287974240278,0.0001
99,0.481497682918203,1.9950165012050591,0.0001
100,0.4715720928098423,1.925001785894146,0.0001
End of training: 2022-08-27 14:00:54

Loss min training: 0.4715720928098423

Loss min val: 1.280520406306708

Best epoch: 8


--> Fold: 7

Begin of training: 2022-08-27 14:00:57

Epoch,train_loss,val_loss,lr
1,8.987745692066019,1.579061500796333,0.0001
2,2.6390608636110247,1.4702691599486564,0.0001
3,2.4984748622336346,1.4556168605083983,0.0001
4,2.3985937757998386,1.350048107735947,0.0001
5,2.347683634113458,1.335340846770436,0.0001
6,2.2878935432991176,1.471564103180068,0.0001
7,2.2404653078049575,1.3292683733242303,0.0001
8,2.1985676844602646,1.477698253256755,0.0001
9,2.164604303821426,1.5340929761524675,0.0001
10,2.1164613378790933,1.5169955448343666,0.0001
11,2.077601976069642,1.599542001826381,0.0001
12,2.0658425068818853,1.5430836623121424,0.0001
13,2.014390625310704,1.419854228673105,0.0001
14,1.9806988056293247,1.4059921032935827,0.0001
15,1.949137307561846,1.5668713735620436,0.0001
16,1.923395539034478,1.6631625650923423,0.0001
17,1.8796207088232921,1.4978793698794866,0.0001
18,1.8693455438451543,1.6347150438909959,0.0001
19,1.84324686957845,1.5118571286067568,0.0001
20,1.8199991903340782,1.3882897438979633,0.0001
21,1.7684919165329303,1.4048917475822513,0.0001
22,1.7585652801270713,1.5269924823249155,0.0001
23,1.727570450833651,1.5128143252581732,0.0001
24,1.7133295931727484,1.5872320482451159,0.0001
25,1.6782446062262992,1.552069051706651,0.0001
26,1.6547830241653043,1.3834752777481654,0.0001
27,1.6301792199235134,1.3486093310680753,0.0001
28,1.5979639005272768,1.5211839321210965,0.0001
29,1.5956051589931126,1.6855366544224448,0.0001
30,1.562831822819422,1.4625966915779482,0.0001
31,1.5399917470955764,1.4587237206820565,0.0001
32,1.5264438140058711,1.4099570201411749,0.0001
33,1.4859003421716,1.426480771905155,0.0001
34,1.473327556690232,1.5515068065645339,0.0001
35,1.4365089285725692,1.5777793337003738,0.0001
36,1.424051576442127,1.4809882771470253,0.0001
37,1.4260183380665463,1.4341973658901876,0.0001
38,1.387834387612076,1.611397100834014,0.0001
39,1.3720255562118961,1.3830845727418404,0.0001
40,1.341009414120403,1.47547736054979,0.0001
41,1.3189824520263451,1.3431725168644564,0.0001
42,1.3061578269502916,1.3331277199078133,0.0001
43,1.2875114105199756,1.4166782508281237,0.0001
44,1.270540927114701,1.4120166029155308,0.0001
45,1.2527656149930406,1.3492575593537615,0.0001
46,1.230665845883665,1.4616003639468103,0.0001
47,1.2181898031628546,1.4719018224870113,0.0001
48,1.1883882747587433,1.3958137770754084,0.0001
49,1.1730453694750365,1.4769770057815914,0.0001
50,1.1456984738978655,1.466133486715422,0.0001
51,1.1384456475565319,1.5164580059423538,0.0001
52,1.121318174478624,1.34095095180357,0.0001
53,1.1056244065998704,1.4603449943114948,0.0001
54,1.0934243146891756,1.5367519456998813,0.0001
55,1.059221882812059,1.4107965001702285,0.0001
56,1.0506403115662395,1.625150499327596,0.0001
57,1.0343534729969945,1.591317015491162,0.0001
58,1.019465211189696,1.5856320767479062,0.0001
59,0.9976842366428915,1.6884348514610237,0.0001
60,0.9777598288007247,1.5662429268077895,0.0001
61,0.9653041243224076,1.6161801517227719,0.0001
62,0.954717389929864,1.7683837077749598,0.0001
63,0.9365100806041934,1.7352828790863706,0.0001
64,0.9218809336214767,1.5918398643529756,0.0001
65,0.9127523547035161,1.682545717637595,0.0001
66,0.8972183667209139,1.7529128861638157,0.0001
67,0.8693272714373382,1.6371301934342675,0.0001
68,0.859391433231806,1.7952477002229996,0.0001
69,0.8528742266075041,1.6755021421675285,0.0001
70,0.8403911249159686,1.669503129479532,0.0001
71,0.8209710732499794,1.833128391307891,0.0001
72,0.8104915685634255,1.7429997814164813,0.0001
73,0.7977670854149164,1.662500138709971,0.0001
74,0.7809913043354328,1.7045141922486158,0.0001
75,0.7711407589593515,1.736586480330715,0.0001
76,0.7588341457277635,1.7636824310662162,0.0001
77,0.7438278740792641,1.9353662001145215,0.0001
78,0.732537152489731,1.8030392563104984,0.0001
79,0.7247525031544642,1.7811395394309848,0.0001
80,0.7084841398008337,1.8814502973586322,0.0001
81,0.6919194202787675,1.7361414505028303,0.0001
82,0.6873562507307988,1.7380626214629389,0.0001
83,0.6731238163853283,1.7636361569486554,0.0001
84,0.6626450751371447,1.6811261109924038,0.0001
85,0.6530872091984211,1.781993413665345,0.0001
86,0.6434602148236259,1.740045496775759,0.0001
87,0.6336855475981342,1.679679590941749,0.0001
88,0.6227533790180877,1.7429689160976956,0.0001
89,0.6145565588140056,1.6578945438022201,0.0001
90,0.6046631666801142,1.8743652056740894,0.0001
91,0.5957763633245643,1.8078954987252522,0.0001
92,0.5869404296205311,1.7294761223829704,0.0001
93,0.5816259518355587,2.0586524507420614,0.0001
94,0.5689933883508577,1.843724871690036,0.0001
95,0.5627264438534703,1.8230308414861016,0.0001
96,0.5523258562288363,1.8754499364169266,0.0001
97,0.5435935458236365,1.8158149156364976,0.0001
98,0.5380192602617279,1.6199342013541553,0.0001
99,0.5296275586706164,1.798100535755507,0.0001
100,0.5233090821268142,1.9390914399781822,0.0001
End of training: 2022-08-27 14:40:57

Loss min training: 0.5233090821268142

Loss min val: 1.3292683733242303

Best epoch: 7


--> Fold: 8

Begin of training: 2022-08-27 14:41:16

Epoch,train_loss,val_loss,lr
1,8.910783882612858,1.8042746244709305,0.0001
2,2.628800268002003,1.5775251798496386,0.0001
3,2.4512357341909974,1.6538055788023667,0.0001
4,2.361697263839019,1.6907479756336858,0.0001
5,2.3130347209630178,1.6619228923691112,0.0001
6,2.2581001493734134,1.5593701313078256,0.0001
7,2.20635773750356,1.557192708591495,0.0001
8,2.1624017181220214,1.7931313856492828,0.0001
9,2.121667133292577,1.6882604071866667,0.0001
10,2.0783363818183163,1.7984611575779366,0.0001
11,2.030416421199981,1.7617228158219997,0.0001
12,1.9927998800077598,1.857791836136775,0.0001
13,1.9559605946297736,1.9423403984787395,0.0001
14,1.9295367052984747,1.8240962347684477,0.0001
15,1.8829663506728864,1.9246234162125884,0.0001
16,1.8498273863962913,1.864372842490285,0.0001
17,1.8278837584101895,1.8995016493918968,0.0001
18,1.7963718502514832,2.098370948791809,0.0001
19,1.754564149679898,1.9185645437958376,0.0001
20,1.7304509815614555,1.9100308651194648,0.0001
21,1.713603282041617,2.0387797197741224,0.0001
22,1.6752750416830013,1.9966387910497752,0.0001
23,1.6578168424148738,2.07057972082629,0.0001
24,1.6253200802981118,1.8872968664822944,0.0001
25,1.6063523262542772,2.0405312093278827,0.0001
26,1.571575724329969,1.896527336124067,0.0001
27,1.5467808099598896,1.8801365840952997,0.0001
28,1.5220604668331095,1.973277192310754,0.0001
29,1.5011588218907281,1.9693213592207366,0.0001
30,1.478848736004056,1.772718295183586,0.0001
31,1.4495634854666148,2.0069671089753305,0.0001
32,1.4328364576844408,2.026336707971617,0.0001
33,1.4005787354149193,1.9398608458084143,0.0001
34,1.3690763403543802,1.808097117918462,0.0001
35,1.3505406583423787,1.8720737815043251,0.0001
36,1.3228456782108093,2.121357644633854,0.0001
37,1.3022871870785426,1.816106577358366,0.0001
38,1.284246421151067,1.8483380299565428,0.0001
39,1.2639863686185562,1.9003469292300734,0.0001
40,1.2419109101946015,1.924942517461295,0.0001
41,1.2149606536314457,2.0560505927480808,0.0001
42,1.1941369877506067,2.0719720000911193,0.0001
43,1.18104982570973,1.9090606427235959,0.0001
44,1.1663340369360653,1.9146604342535465,0.0001
45,1.1351277997137768,1.8535217771665562,0.0001
46,1.1161814529311882,1.8124622618998079,0.0001
47,1.1002598426909296,1.9760118674580336,0.0001
48,1.0820657105556393,1.8813903722295235,0.0001
49,1.0602815371545442,1.9812932542004935,0.0001
50,1.0402282738241315,2.0941341939750826,0.0001
51,1.0180305747058065,1.9797283515205273,0.0001
52,1.001949039827413,1.7392994739055583,0.0001
53,0.9907980205651332,1.9912607134960245,0.0001
54,0.9713091210825553,1.8617951602453202,0.0001
55,0.9478688092062342,2.00120093254113,0.0001
56,0.9395076130657574,2.0329153851738884,0.0001
57,0.9198751930503825,1.8855007869858516,0.0001
58,0.9036661467076468,2.0342058977577286,0.0001
59,0.8916204022310077,2.0087318166694303,0.0001
60,0.8691250202249609,1.9438333995621984,0.0001
61,0.8494521399427838,2.111460056846572,0.0001
62,0.8394027327689318,2.05350696886567,0.0001
63,0.8279438772742725,1.9795687686471786,0.0001
64,0.8113779771401118,1.7680143299232085,0.0001
65,0.7910940713109812,1.8993484172035056,0.0001
66,0.786272190328927,1.9276741967252649,0.0001
67,0.7700226753338315,1.9719852038530399,0.0001
68,0.7551117825856688,1.8731089179157205,0.0001
69,0.7399641155365805,1.9142047376888238,0.0001
70,0.7232180941507641,1.8981742406942628,0.0001
71,0.7177388820961726,1.876867972385467,0.0001
72,0.6999840268771962,1.9099534810868402,0.0001
73,0.6915429522806781,1.861922590539386,0.0001
74,0.6787826367001959,1.8598615464016761,0.0001
75,0.6619138550179519,1.9403321280835264,0.0001
76,0.6520450521532256,1.8367710057706885,0.0001
77,0.6399271773529833,1.8529555750794227,0.0001
78,0.6290427172584033,1.9501955668827227,0.0001
79,0.6205609249306505,1.852841062651152,0.0001
80,0.6065565283483976,1.957431244969788,0.0001
81,0.6011383049689534,1.7857980568660696,0.0001
82,0.5881548959936538,1.9141228665711978,0.0001
83,0.5808084033491142,1.8371827135119658,0.0001
84,0.5699490116862724,1.8578003558708354,0.0001
85,0.5581559499441949,1.7392228061926076,0.0001
86,0.5491542484889237,1.7950951883451043,0.0001
87,0.5422798575158282,1.7978996750740075,0.0001
88,0.528339526025863,1.8284605909923588,0.0001
89,0.5204062930833805,1.7935145314874728,0.0001
90,0.5130516580402575,1.9240689908553306,0.0001
91,0.5083511776666227,1.7803463338520225,0.0001
92,0.4963651839812753,1.773883681563541,0.0001
93,0.4879128576453802,1.7555376607427173,0.0001
94,0.4804477270295535,1.712668642354289,0.0001
95,0.470014799499537,1.8011125601125753,0.0001
96,0.4669652061641745,1.9162737863765298,0.0001
97,0.4569601595988735,1.74789636191098,0.0001
98,0.45488558270770324,1.766192337177957,0.0001
99,0.44644895117035976,1.7368293689513163,0.0001
100,0.4382012748190439,1.792834402184432,0.0001
End of training: 2022-08-27 15:24:14

Loss min training: 0.4382012748190439

Loss min val: 1.557192708591495

Best epoch: 7


--> Fold: 9

Begin of training: 2022-08-27 15:24:23

Epoch,train_loss,val_loss,lr
1,7.883732304282763,1.818282637550071,0.0001
2,2.6122966935905803,1.8406612679142604,0.0001
3,2.446178460956653,1.559033823122394,0.0001
4,2.3581925939040937,2.07361873277788,0.0001
5,2.3013331244673347,1.8351235966261434,0.0001
6,2.233114986918767,1.953345775079008,0.0001
7,2.193804463267845,1.636730571820198,0.0001
8,2.140971942567977,2.055812424086975,0.0001
9,2.097136841446474,1.5240939268114768,0.0001
10,2.0612090779713563,2.096345572305158,0.0001
11,1.997257126918337,1.602928060532586,0.0001
12,1.9996153553450084,1.8779542009379173,0.0001
13,1.963166385791023,1.8968885872166472,0.0001
14,1.9345313791962926,1.9757085292142562,0.0001
15,1.8902469111572704,1.776719718358412,0.0001
16,1.8597938082020153,2.092126320063351,0.0001
17,1.8416702530188764,1.923673906340031,0.0001
18,1.799252819169856,1.5499467516810062,0.0001
19,1.7670594330904827,2.0672608770125804,0.0001
20,1.7432162887529166,2.5951074492101083,0.0001
21,1.7104354116107185,2.0900400073381626,0.0001
22,1.690362632668107,2.10027886319819,0.0001
23,1.6671680889593157,2.4358665621133198,0.0001
24,1.6382600296784058,1.9385593072819802,0.0001
25,1.6140589858442258,2.243994123106224,0.0001
26,1.57451974515094,1.8982559395955592,0.0001
27,1.556084124901251,2.4963566437957043,0.0001
28,1.5277319588707523,1.8010945818905426,0.0001
29,1.5115553753127713,3.087003810954001,0.0001
30,1.4856050791936712,2.7746864384947094,0.0001
31,1.4629041435102064,2.1525421138941847,0.0001
32,1.4319723054925246,2.278435447138864,0.0001
33,1.4146692386363546,2.092732659155505,0.0001
34,1.3860110117198332,1.8968393552951783,0.0001
35,1.3685735740400955,1.9518125372162474,0.0001
36,1.348805139687419,2.6717328410737697,0.0001
37,1.3200039780000372,2.6262527407074234,0.0001
38,1.3101320057930559,2.778170325476888,0.0001
39,1.2706641585762921,2.5205311185322543,0.0001
40,1.2605496091734596,2.564650275407858,0.0001
41,1.2350090939729286,2.787419269093415,0.0001
42,1.2218758180952913,3.1715025867047784,0.0001
43,1.1991520275730008,2.878764770209153,0.0001
44,1.1824665753029646,3.5460416209271473,0.0001
45,1.1630268011318305,2.0590716070127657,0.0001
46,1.14163751722055,2.8176857009416434,0.0001
47,1.1165621294263088,2.123134927494286,0.0001
48,1.102193445871276,2.7552635482641987,0.0001
49,1.0740068213769252,3.6868742137334243,0.0001
50,1.059353411450775,3.6969246813410965,0.0001
51,1.0479357617254415,3.1709603377670135,0.0001
52,1.0246824901130616,3.400249134381127,0.0001
53,1.0100472777520655,3.9075546373332726,0.0001
54,0.9861767668137309,3.4425158074014854,0.0001
55,0.9719887364624915,3.6117792571526306,0.0001
56,0.9554510808869814,3.414158320875415,0.0001
57,0.93668021991406,3.6581603352285366,0.0001
58,0.9254826211851984,3.657955440297569,0.0001
59,0.9066519055958446,3.1543865013760928,0.0001
60,0.8875501021644677,3.8693013763734796,0.0001
61,0.8719600545569163,2.60605231185542,0.0001
62,0.859309580384817,3.4441462623893235,0.0001
63,0.8453957269952022,3.1618749130541866,0.0001
64,0.8256706474501792,3.136956996017544,0.0001
65,0.8175392578227324,2.7470671301917533,0.0001
66,0.7963942220083757,3.343098958252527,0.0001
67,0.7890877047717669,3.387269880262154,0.0001
68,0.7678834919248065,3.0331568128071567,0.0001
69,0.7570010037393998,3.5019406100649526,0.0001
70,0.74453501313599,3.488525737000611,0.0001
71,0.7252003833033137,3.483085701696308,0.0001
72,0.7218638656544843,3.06419360522516,0.0001
73,0.7010858798960341,2.8385505242340443,0.0001
74,0.6941322287055037,3.610247749693211,0.0001
75,0.6754796239387149,3.2883979460886423,0.0001
76,0.6711257210293077,3.062590464032963,0.0001
77,0.6543584135267733,3.36567309932615,0.0001
78,0.6425003794212072,3.2141924479758814,0.0001
79,0.6324993052258163,2.9938911162600883,0.0001
80,0.6209329893647394,3.0144167873257803,0.0001
81,0.6130093022779898,3.248737337144426,0.0001
82,0.6023283140825798,3.075816982803739,0.0001
83,0.5902521232325167,3.6268484558903187,0.0001
84,0.5806093226139338,3.1637363165965464,0.0001
85,0.5747738130455111,3.00348500978379,0.0001
86,0.5626115755712751,3.4499425605239957,0.0001
87,0.5504436946190884,3.0883825145683295,0.0001
88,0.5418766682728029,3.158651952076071,0.0001
89,0.5308642082848921,3.1230795735364203,0.0001
90,0.5223753625264389,3.1139160783346216,0.0001
91,0.5137562208589713,3.015542207299966,0.0001
92,0.505246231951039,3.1282624200408167,0.0001
93,0.5015494838552014,2.74106224010282,0.0001
94,0.4925781070526795,2.983080778580927,0.0001
95,0.4815191154944114,2.9513999829553303,0.0001
96,0.47433221496484457,3.2623839925010616,0.0001
97,0.4664450575973454,3.0590071819976434,0.0001
98,0.4629846828727183,3.0378382612822157,0.0001
99,0.45385011625734384,2.930526622976818,0.0001
100,0.4535415270377342,2.771605477466803,0.0001
End of training: 2022-08-27 16:07:49

Loss min training: 0.4535415270377342

Loss min val: 1.5240939268114768

Best epoch: 9
