
Dispositivo usado pelo Pytorch: cuda:3

Features usadas: Felipe

*****************************************

-----> GRID 7:   hyperparameters
0             100
1            adam
2              32
3             0.7
4           1e-05
5             0.5

 LSTM =True


 option_overlap=True , option_causal=False ,option_dropout_lstm=0.5



--> Fold: 0

Format of train data: frames: 118655 , pressures: 118655 

Format of validation data: frames: 48176 , pressures: 48176 

Option shuffle: True

Begin of training: 2022-12-14 19:27:51

Epoch,train_loss,val_loss,lr
1,43.979797475820526,9.140095576460833,1e-05
2,7.092939374725264,2.358589245211203,1e-05
3,5.338854575610273,1.9402033237475012,1e-05
4,4.654528264881642,1.7896969729743104,1e-05
5,4.4614772576205945,1.7672230747996356,1e-05
6,4.36962864441253,1.85515019029369,1e-05
7,4.300818702839131,1.8617181336907445,1e-05
8,4.256254486721991,1.937848222390317,1e-05
9,4.2225349795586755,1.892141742034831,1e-05
10,4.165191144241173,1.9528883682933214,1e-05
11,4.154044765282971,1.930759330517982,1e-05
12,4.127932484384725,1.8828973761431524,1e-05
13,4.103824715425239,1.8914104805005345,1e-05
14,4.051805471569221,1.9664198125331198,1e-05
15,4.057774210235402,1.8700143673300387,1e-05
16,4.016391139403994,1.8750027646182266,1e-05
17,4.008883568032051,1.8740065952584182,1e-05
18,3.9938866391012557,1.842305370637722,1e-05
19,3.9779196877680687,1.89325030235625,1e-05
20,3.939861015543906,1.8961476658872098,1e-05
21,3.9200499347376363,1.7972529619803503,1e-05
22,3.9261000887863675,1.8929077362309497,1e-05
23,3.9140876307951045,1.867360893375887,1e-05
24,3.8922760805465404,1.903462905299422,1e-05
25,3.8665168392005698,1.8873114413258563,1e-05
26,3.848624595834826,1.806865385425166,1e-05
27,3.8488294784652313,1.8643479736015196,1e-05
28,3.8431128269933548,1.8529420658743132,1e-05
29,3.827053636690995,1.8372065960786859,1e-05
30,3.7949321306036623,1.8831098877445323,1e-05
31,3.83650844207149,1.8162339037338073,1e-05
32,3.75622456050754,1.9246639222728181,1e-05
33,3.769991441773864,1.785802354649506,1e-05
34,3.7746344379757635,1.8586825622113905,1e-05
35,3.7504685466094916,1.8384117304150427,1e-05
36,3.7260359520848074,1.8620247217318973,1e-05
37,3.7491329327078122,1.9942492551084612,1e-05
38,3.7292478496921553,2.0159144872686308,1e-05
39,3.7086878198221225,1.9999423244394603,1e-05
40,3.655104050088344,1.985521010487866,1e-05
41,3.7204154580418356,1.9984291279209052,1e-05
42,3.641072711134413,1.9262174794698466,1e-05
43,3.6608070760775715,1.956595216388126,1e-05
44,3.6518947737772836,1.92886752078241,1e-05
45,3.663454010212227,1.84944094969402,1e-05
46,3.626461407653119,1.9915044036508596,1e-05
47,3.5884918292983032,2.00817098933492,1e-05
48,3.627802361508074,1.8693503506830544,1e-05
49,3.5824431117207576,1.8633718675887692,1e-05
50,3.552928542696989,2.0786618453171197,1e-05
51,3.570384179220143,1.8662104180230528,1e-05
52,3.5673509078744963,2.0001727299451115,1e-05
53,3.5377250776716473,1.9036346647439308,1e-05
54,3.53842905693051,1.9047915419642214,1e-05
55,3.500867325197374,1.960735187958895,1e-05
56,3.51977688056279,2.028913209937966,1e-05
57,3.5063735949918287,1.9883755317204659,1e-05
58,3.488721304796603,1.9815873310677596,1e-05
59,3.4894274699010306,2.02458557772581,1e-05
60,3.470615493920212,2.07464740795774,1e-05
61,3.4344688830697767,2.006227956345532,1e-05
62,3.460895038403561,2.048084193430482,1e-05
63,3.4434602543806476,2.0601213657353177,1e-05
64,3.42680027455256,2.0834028052951123,1e-05
65,3.4302017403364253,2.012244806896211,1e-05
66,3.414670698195953,1.9461659330024708,1e-05
67,3.3995136435658506,2.0737829237671557,1e-05
68,3.3726222497182863,2.086079413373777,1e-05
69,3.3866526459628847,2.118813938019245,1e-05
70,3.350491747123333,2.066375675291684,1e-05
71,3.357196933787851,2.0790444069706853,1e-05
72,3.357655754803074,1.8875511055252394,1e-05
73,3.36159004593643,1.991784884263732,1e-05
74,3.324088848312818,2.09577275114335,1e-05
75,3.3240333153693045,2.031176547004867,1e-05
76,3.3191006439604505,1.9763525378779294,1e-05
77,3.2991402509917673,1.9736680482875781,1e-05
78,3.3064231687859795,1.9174929228940703,1e-05
79,3.2918189416275903,2.05666412550205,1e-05
80,3.2585343737512016,2.0071744886358407,1e-05
81,3.2634086236193802,2.0535945921235608,1e-05
82,3.2610057674805164,1.990898431020494,1e-05
83,3.2317435638606486,2.149297358941414,1e-05
84,3.2475297344041874,2.1108623587463593,1e-05
85,3.2093730976465937,2.077275971723371,1e-05
86,3.2222757887204314,1.983921675142043,1e-05
87,3.178304659948051,2.021805235215969,1e-05
88,3.227255453670991,2.059211390947274,1e-05
89,3.200420238484344,2.0040317732644057,1e-05
90,3.185194317898986,2.05732794842899,1e-05
91,3.1912301868902317,2.068411171258149,1e-05
92,3.1584247672880834,2.150572145709719,1e-05
93,3.1660742967832327,2.0997205905762275,1e-05
94,3.148639960620744,2.0908283895925206,1e-05
95,3.130118014946995,2.0878423365672454,1e-05
96,3.1024094447821957,2.093057355901325,1e-05
97,3.1130169824022573,2.174973412155511,1e-05
98,3.107108348393771,2.031792784243951,1e-05
99,3.0733804638218696,2.079923504573172,1e-05
100,3.093495674566515,2.0992086218742387,1e-05
End of training: 2022-12-14 20:10:33

Loss min training: 3.0733804638218696

Loss min val: 1.7672230747996356

Best epoch: 5

Correlation: (0.4771219587274085, 0.0)




--> Fold: 1

Format of train data: frames: 122682 , pressures: 122682 

Format of validation data: frames: 44149 , pressures: 44149 

Option shuffle: True

Begin of training: 2022-12-14 20:10:40

Epoch,train_loss,val_loss,lr
1,42.772965352203045,8.871469672456511,1e-05
2,6.733974691610423,2.643985426991077,1e-05
3,5.277763369451055,2.4454545704067576,1e-05
4,4.672527232158211,2.0264699348639454,1e-05
5,4.470220591184304,1.9607315087939996,1e-05
6,4.349090899108346,1.9282237191079181,1e-05
7,4.300676950544978,1.9359153943676493,1e-05
8,4.272262731231761,1.925799845593408,1e-05
9,4.181649874362898,1.9560003930459748,1e-05
10,4.178725302039628,1.9467585591590106,1e-05
11,4.13075629973485,1.907461103430345,1e-05
12,4.135781232981995,1.9774264084766016,1e-05
13,4.10097068280501,1.9698394027641182,1e-05
14,4.072235809396507,1.9589139793939225,1e-05
15,4.057004821080709,1.914702847278327,1e-05
16,4.024259485957212,1.9302338873339109,1e-05
17,4.012112237121351,1.944689154246917,1e-05
18,4.020129615475672,1.958546927824234,1e-05
19,3.992842295823547,1.9894336912866308,1e-05
20,3.9549502470315265,1.9260015609664052,1e-05
21,3.929501733296237,1.910187648504776,1e-05
22,3.9452989443135045,1.896776320583329,1e-05
23,3.897728818203857,1.8722370778823882,1e-05
24,3.889114380978883,1.8863585836720111,1e-05
25,3.883305967612988,1.84995315029504,1e-05
26,3.885499551285701,1.8684472193596233,1e-05
27,3.8910303569197997,1.816602991686777,1e-05
28,3.857274112344455,1.9169974405283987,1e-05
29,3.8363295512577897,1.8309233426999127,1e-05
30,3.8074905303399054,1.9010539064240155,1e-05
31,3.825166652344901,1.852862964362509,1e-05
32,3.793689821847011,1.868578095825351,1e-05
33,3.799800827747255,1.8412631603677225,1e-05
34,3.7767225764704584,1.8744275749206283,1e-05
35,3.748431089915885,1.8786136930468247,1e-05
36,3.739709051103005,1.8971827225079312,1e-05
37,3.7373608879102354,1.8983041079695782,1e-05
38,3.7196758383166673,1.936683296771165,1e-05
39,3.7196128044803785,1.8904659747645367,1e-05
40,3.7206581388410918,1.858706451396056,1e-05
41,3.672969770230184,1.8983448687656896,1e-05
42,3.6691358379128256,1.8533380529116865,1e-05
43,3.642288856481006,1.866051330253512,1e-05
44,3.6518346582800993,1.883911324653348,1e-05
45,3.637786766844588,1.8335378756973844,1e-05
46,3.6074159695683496,1.9019845533582664,1e-05
47,3.6047906635563214,1.8759761725161341,1e-05
48,3.583952637495794,1.8985141149671347,1e-05
49,3.5709461852286495,1.881276326124529,1e-05
50,3.5759471488324284,1.8820966551448537,1e-05
51,3.5714401826049915,1.8756254877049714,1e-05
52,3.5776369145112388,1.9317198260356627,1e-05
53,3.5214882602888475,1.9281814924336584,1e-05
54,3.5311359390063766,1.863935010074454,1e-05
55,3.5229756146029527,1.8721918758361746,1e-05
56,3.5173395390097864,1.8856236683169119,1e-05
57,3.5090284399111664,1.8542246253912376,1e-05
58,3.480959242874704,1.8813358467835803,1e-05
59,3.4695027925214874,1.8771463883887354,1e-05
60,3.4568902794813123,1.8538908536616325,1e-05
61,3.445318796347791,1.8505600394580304,1e-05
62,3.447766427883701,1.8980594420476786,1e-05
63,3.4347188850503327,1.8944344666215387,1e-05
64,3.3953976529642023,1.86155929860611,1e-05
65,3.396462363921283,1.8486015218287466,1e-05
66,3.406824348269858,1.837541396216808,1e-05
67,3.3764219685483594,1.901162738735137,1e-05
68,3.374759954650678,1.8322397082110473,1e-05
69,3.372286306564277,1.8856432135641006,1e-05
70,3.3446568449756104,1.870037482336679,1e-05
71,3.3528460934460607,1.854688669979679,1e-05
72,3.3338237067869185,1.925457145876732,1e-05
73,3.3436520393518845,1.8508974956616655,1e-05
74,3.322716917419272,1.8769040935082562,1e-05
75,3.3295415362109044,1.818117118563025,1e-05
76,3.2797213092773543,1.900608242374873,1e-05
77,3.3005095484694356,1.8792484656241923,1e-05
78,3.2895347464121745,1.8550577218023474,1e-05
79,3.261022691725441,1.9001859179028904,1e-05
80,3.281686526232121,1.825719224644932,1e-05
81,3.256973867038121,1.8743346492853565,1e-05
82,3.247001278313163,1.8496126605904428,1e-05
83,3.2493065363683615,1.8368234787444389,1e-05
84,3.239855560347914,1.8799634095958173,1e-05
85,3.213089984283513,1.8555821660188763,1e-05
86,3.1988444484478666,1.870274494027991,1e-05
87,3.19732979855491,1.8354922722640394,1e-05
88,3.1629006062897846,1.8709534812252768,1e-05
89,3.1871799778474603,1.886733041792165,1e-05
90,3.169364702794657,1.8350957606278306,1e-05
91,3.151385646011293,1.8652953937284869,1e-05
92,3.1546181160758335,1.8506573177809116,1e-05
93,3.1166316409488894,1.8572994294681,1e-05
94,3.115981168927761,1.8669609051711558,1e-05
95,3.0916562295593955,1.8842767591252219,1e-05
96,3.098870030112702,1.8448445941965055,1e-05
97,3.1004363321600743,1.8317234843862014,1e-05
98,3.0813756124431597,1.8393347703380982,1e-05
99,3.0834398733384276,1.8996946197336004,1e-05
100,3.070033723534818,1.8126359097714435,1e-05
End of training: 2022-12-14 20:54:03

Loss min training: 3.070033723534818

Loss min val: 1.8126359097714435

Best epoch: 100

Correlation: (0.5325856345282232, 0.0)




--> Fold: 2

Format of train data: frames: 127377 , pressures: 127377 

Format of validation data: frames: 39454 , pressures: 39454 

Option shuffle: True

Begin of training: 2022-12-14 20:54:08

Epoch,train_loss,val_loss,lr
1,41.22820553000615,8.472234464316552,1e-05
2,6.4374887467243,2.6286087264072915,1e-05
3,5.313581494593907,2.477615140687799,1e-05
4,4.733224081398072,2.2557178196641394,1e-05
5,4.517080516894248,2.292535454616439,1e-05
6,4.407423694517637,2.232089495751936,1e-05
7,4.364025533398184,1.9376357938113646,1e-05
8,4.3090431262800735,1.7925958215008941,1e-05
9,4.2352660006760745,1.9014926216542742,1e-05
10,4.250350082871569,1.847263273304738,1e-05
11,4.175755139670085,2.268993124848487,1e-05
12,4.182605146205947,2.0643664239936697,1e-05
13,4.1226788125745335,1.6687646496040311,1e-05
14,4.107084068591696,2.1992318053902293,1e-05
15,4.089818683385192,2.14595740611454,1e-05
16,4.086159692186119,2.076156346574475,1e-05
17,4.060353631816114,2.2143099304690295,1e-05
18,4.04002447830279,2.4739581822333783,1e-05
19,4.027173756242872,2.3801911217325054,1e-05
20,3.99471492914716,2.2983839360072413,1e-05
21,3.979324656121242,2.189613937479548,1e-05
22,3.986711945454727,2.302271052562756,1e-05
23,3.946125117149902,2.282073926018008,1e-05
24,3.9425270946485345,2.399809916322675,1e-05
25,3.938280799177246,2.37411873433789,1e-05
26,3.912051109307915,2.3395015500807306,1e-05
27,3.9054394318307133,2.5169135914950145,1e-05
28,3.8513459804735146,2.4222794689795912,1e-05
29,3.8622437708052733,2.503351985710273,1e-05
30,3.864366008235172,2.4317633372914162,1e-05
31,3.8129633528998865,2.68428526577563,1e-05
32,3.832756371980534,2.3402884942311597,1e-05
33,3.8117257709871986,2.555060574496796,1e-05
34,3.8012733717980787,2.300012346583529,1e-05
35,3.792614776222647,2.4868940491269518,1e-05
36,3.796512854805206,2.7620106255850425,1e-05
37,3.729320607443329,2.798171864439629,1e-05
38,3.7475399303577785,2.5706085418490976,1e-05
39,3.721561686052294,2.6699444360786693,1e-05
40,3.7186746850950323,2.714131437977383,1e-05
41,3.713205524200189,2.7450211080395577,1e-05
42,3.7060023566854974,2.670061153454746,1e-05
43,3.6691997482556955,2.9625521221761315,1e-05
44,3.6845968410942334,2.6228051112609063,1e-05
45,3.653199420528609,2.6647763954811756,1e-05
46,3.687622886302366,2.6582542727648253,1e-05
47,3.6306520255566546,2.593157678378748,1e-05
48,3.6225004700474033,2.769583685674748,1e-05
49,3.6214515629272306,2.7641120748113326,1e-05
50,3.5981539048696867,2.821986735136007,1e-05
51,3.5885965627461864,2.837258873451389,1e-05
52,3.585884406920625,2.8048338656938645,1e-05
53,3.577058240822416,2.742395326588081,1e-05
54,3.5557068342880913,2.803643079006334,1e-05
55,3.5637638325980485,2.946285672779289,1e-05
56,3.5544548473051787,3.1405063554121115,1e-05
57,3.511473434092339,3.1942816670887155,1e-05
58,3.509797075056684,3.0169432826029365,1e-05
59,3.4879870793708188,2.801368164727321,1e-05
60,3.505651820419757,3.1300393575564978,1e-05
61,3.4864364330929014,3.1778426373513127,1e-05
62,3.4797790443331884,3.108824438625035,1e-05
63,3.462397172127449,3.0457671276245684,1e-05
64,3.4271067241955393,2.8727388003064998,1e-05
65,3.4417944894500736,3.2337738321877385,1e-05
66,3.4368107055877832,3.1998140381057776,1e-05
67,3.392440336285172,3.1807953854523774,1e-05
68,3.406712342034086,3.334942442215286,1e-05
69,3.391370061215472,3.0164694998300208,1e-05
70,3.3828492493591535,3.189251620583257,1e-05
71,3.3603528036385004,2.8777669879640477,1e-05
72,3.344396693088627,3.1184260002796993,1e-05
73,3.352567714499584,3.2404349474970493,1e-05
74,3.339598104955394,3.4165893811053643,1e-05
75,3.336740799301037,3.467561370694233,1e-05
76,3.341455046017283,3.263207333506214,1e-05
77,3.3106561305342725,3.1675906310533737,1e-05
78,3.2769077789152976,3.2233898827614724,1e-05
79,3.285726375837088,3.3703463176770416,1e-05
80,3.285189166453452,2.9000470001710714,1e-05
81,3.241611462182513,3.3452805736505202,1e-05
82,3.2857249856188906,3.219946445838397,1e-05
83,3.241855466186219,3.224759198627403,1e-05
84,3.255304092553313,3.281407387190029,1e-05
85,3.2399910231074287,3.3328632066463406,1e-05
86,3.2351706668480578,3.1813291935803,1e-05
87,3.2225345155758665,3.304057047564942,1e-05
88,3.198735816113531,3.3495256705237466,1e-05
89,3.1889014514922587,3.414775515458343,1e-05
90,3.169316187997788,3.132276149783983,1e-05
91,3.1631119012059608,3.0809891641475367,1e-05
92,3.1651305856419234,3.5110140690397684,1e-05
93,3.1565341149268766,3.203202055453795,1e-05
94,3.1279448957516687,3.088173965352193,1e-05
95,3.1355146825909253,3.3146793263280134,1e-05
96,3.111977790746808,3.0873309519551135,1e-05
97,3.0971040126708864,3.1585513091385864,1e-05
98,3.1001835710532895,3.084151893740836,1e-05
99,3.0952172938983207,3.292840627744834,1e-05
100,3.0792310723137093,3.2737684496913757,1e-05
End of training: 2022-12-14 21:38:31

Loss min training: 3.0792310723137093

Loss min val: 1.6687646496040311

Best epoch: 13

Correlation: (0.22139339998696841, 0.0)




--> Fold: 3

Format of train data: frames: 125334 , pressures: 125334 

Format of validation data: frames: 41497 , pressures: 41497 

Option shuffle: True

Begin of training: 2022-12-14 21:38:36

Epoch,train_loss,val_loss,lr
1,42.41721955356491,7.722573041634367,1e-05
2,6.726757058721859,2.293645417503263,1e-05
3,5.191601375524775,1.7544214574619095,1e-05
4,4.62503197712198,1.6998777755712071,1e-05
5,4.492532139859904,1.705783205554954,1e-05
6,4.422663635517972,1.7483996272698987,1e-05
7,4.326119530550405,1.8494706692303664,1e-05
8,4.283191380966544,1.8406444284075194,1e-05
9,4.228285892402325,1.8875788288794186,1e-05
10,4.2256598089402795,1.8635559293808217,1e-05
11,4.17238801243238,1.9802828589459456,1e-05
12,4.185666777954571,1.8659245415613168,1e-05
13,4.133036602065979,1.9016158184287122,1e-05
14,4.120756294655534,1.8829405382115787,1e-05
15,4.094837068273039,1.897254796158214,1e-05
16,4.090558293475734,1.884856857443257,1e-05
17,4.061855786584827,1.8859112272263263,1e-05
18,4.05322524482664,1.901472272058681,1e-05
19,4.029716274201759,1.9155503919872257,1e-05
20,4.007416883929403,1.8593643552197472,1e-05
21,3.974779308297847,1.9349338154443807,1e-05
22,3.9799864702843957,1.9348430855031686,1e-05
23,3.9745341232832803,1.9220879258203325,1e-05
24,3.94102083694496,2.025026097066012,1e-05
25,3.9505150078726583,1.880445370436387,1e-05
26,3.895551785625756,2.0284853867744252,1e-05
27,3.9432784418241247,1.8677139140888706,1e-05
28,3.8886685184558383,2.099775409331927,1e-05
29,3.8816860112292164,2.012097727089821,1e-05
30,3.8652714796261227,2.020764527235944,1e-05
31,3.8507954697775815,1.8282920071960176,1e-05
32,3.810682456143779,2.0187120866289447,1e-05
33,3.8066923089068267,1.8563366185459087,1e-05
34,3.82876625804745,2.003873540087861,1e-05
35,3.802203088382936,1.9308756034219168,1e-05
36,3.796523256170395,2.0149513508988153,1e-05
37,3.7607502482523194,1.9222115111022948,1e-05
38,3.783035571429033,2.033288600588602,1e-05
39,3.7218449756778695,2.0469533550591916,1e-05
40,3.745488339580469,1.9876900173070693,1e-05
41,3.745624647618048,1.8667501130873838,1e-05
42,3.720102910151486,2.1065637699209887,1e-05
43,3.7032125766070307,1.9106229921075226,1e-05
44,3.709972361131026,2.190544636042074,1e-05
45,3.6665483664014498,1.8815726752648552,1e-05
46,3.6713204885135178,1.9461531147303706,1e-05
47,3.646269558003618,1.9801540012620693,1e-05
48,3.644305650006247,1.8585146380053412,1e-05
49,3.6214044389621707,1.9869582463790816,1e-05
50,3.605422046890775,2.0394640814830853,1e-05
51,3.5982987008708154,2.1383705097735524,1e-05
52,3.6066499716311027,2.130033487112697,1e-05
53,3.5931436721709473,1.94955512675664,1e-05
54,3.5840387893068915,2.057346511106047,1e-05
55,3.5577823493141585,1.9921500439497006,1e-05
56,3.562273343339457,2.000746477114757,1e-05
57,3.5501067440561576,2.072814743579214,1e-05
58,3.5362217377449863,1.9930869601940733,1e-05
59,3.5351086025413654,2.001964726936307,1e-05
60,3.5365002336057247,1.9351938630246621,1e-05
61,3.4882201794616066,2.084601102887767,1e-05
62,3.4755284883049695,2.1022999070335744,1e-05
63,3.480019739881836,2.086428442630354,1e-05
64,3.4573852037183914,2.118365561769368,1e-05
65,3.439150912404785,2.1580157391200006,1e-05
66,3.441923614040357,2.0730553840296433,1e-05
67,3.4274360873954204,2.025542471047858,1e-05
68,3.4175600452489445,2.1105495239334298,1e-05
69,3.4329570989359035,2.001097469665138,1e-05
70,3.3928707308220383,2.063142109029847,1e-05
71,3.398731234093917,2.0912607204575973,1e-05
72,3.3935800085445615,2.0552231536921726,1e-05
73,3.355396890803093,2.0171063126956255,1e-05
74,3.362000131709017,2.15958688188858,1e-05
75,3.347242423542908,1.9847510075354848,1e-05
76,3.3217014800819884,2.067812744478411,1e-05
77,3.333188382453912,1.9874742436237207,1e-05
78,3.303419299645903,2.1393443427407735,1e-05
79,3.3017078745668935,2.0849734673451916,1e-05
80,3.28438514491123,2.115175147813484,1e-05
81,3.2851623957223373,2.25871865950507,1e-05
82,3.285924776137595,2.178519836916396,1e-05
83,3.254513717708557,2.058165167097178,1e-05
84,3.2651960644868914,2.0577567765220754,1e-05
85,3.2410583731442073,2.160607176964394,1e-05
86,3.230866897457519,2.220737454609506,1e-05
87,3.2283078951534847,2.1377235974340945,1e-05
88,3.2181195356825043,2.1342666913455464,1e-05
89,3.209420599080582,2.247577124674194,1e-05
90,3.2210729207992097,2.080156444000802,1e-05
91,3.2036546151950422,2.091390085326053,1e-05
92,3.1699912198162417,2.227336659920854,1e-05
93,3.1591003886291364,2.11271216513022,1e-05
94,3.156038945826096,2.079703180623962,1e-05
95,3.1474484391230497,2.081886231826007,1e-05
96,3.135698660721886,2.165503969892759,1e-05
97,3.1315434013351298,2.0728558691093126,1e-05
98,3.1082040906372854,2.1071092780332674,1e-05
99,3.1047339820339834,2.192456034277394,1e-05
100,3.112598713097125,2.1376978266304376,1e-05
End of training: 2022-12-14 22:23:35

Loss min training: 3.1047339820339834

Loss min val: 1.6998777755712071

Best epoch: 4

Correlation: (0.5732016243143668, 0.0)




--> Fold: 4

Format of train data: frames: 127998 , pressures: 127998 

Format of validation data: frames: 38833 , pressures: 38833 

Option shuffle: True

Begin of training: 2022-12-14 22:23:41

Epoch,train_loss,val_loss,lr
1,40.90641520181636,8.52270706441644,1e-05
2,6.5117011633598665,2.3449413869443143,1e-05
3,5.129462857866968,1.835983679581489,1e-05
4,4.599241333429969,1.609226685023199,1e-05
5,4.459027691974061,1.6572072014354202,1e-05
6,4.36434730746362,1.598372600821657,1e-05
7,4.307318776016576,1.5391146591247329,1e-05
8,4.248649848159599,1.5091096495776517,1e-05
9,4.1739766911012355,1.5849136758255247,1e-05
10,4.15213939433124,1.5108770903503916,1e-05
11,4.144382458656743,1.5074844490388013,1e-05
12,4.1168361523015085,1.4882877333055606,1e-05
13,4.088077702621596,1.4879179527876634,1e-05
14,4.062451952354884,1.5267614150871234,1e-05
15,4.050959851954546,1.5111335605153453,1e-05
16,4.006150308893119,1.5249493737410231,1e-05
17,4.02370612598471,1.5363481520617972,1e-05
18,3.990036764577634,1.4761323029751898,1e-05
19,3.9694483534287905,1.4801351091290929,1e-05
20,3.938817083452822,1.58304374688525,1e-05
21,3.9247420434476874,1.508969405265146,1e-05
22,3.8966804354054365,1.5826702039271814,1e-05
23,3.9127868675276996,1.6830488772916963,1e-05
24,3.8765082023101263,1.6271163674438223,1e-05
25,3.8789488599997735,1.6133953809824113,1e-05
26,3.8631745309695154,1.5305795324173201,1e-05
27,3.820729974076201,1.6720041174424212,1e-05
28,3.8378659958157604,1.5588377001351061,1e-05
29,3.841485135508589,1.6004389177358291,1e-05
30,3.8172045076941528,1.7678471767073223,1e-05
31,3.7707892714758384,1.6643624362086507,1e-05
32,3.766643476239588,1.6721742720189274,1e-05
33,3.7491679722600533,1.5929758487064423,1e-05
34,3.756712302436817,1.5476723312518108,1e-05
35,3.7660717574128375,1.7270345992389722,1e-05
36,3.7181554813847253,1.6960850968084742,1e-05
37,3.6890127644203377,1.7315272736186529,1e-05
38,3.724046753705275,1.6104962299612546,1e-05
39,3.6801548972144946,1.6780065173968695,1e-05
40,3.68000267517172,1.6016091727806465,1e-05
41,3.681983505037215,1.829192144059166,1e-05
42,3.6487387218751612,1.7156184457981734,1e-05
43,3.6566158868619825,1.869304423331232,1e-05
44,3.631184180845821,1.6163640376470603,1e-05
45,3.6254779041389944,1.7398512595909297,1e-05
46,3.593013251549948,1.7336245377776618,1e-05
47,3.594505277510224,1.6206999117624559,1e-05
48,3.576227246754788,1.6679140935614474,1e-05
49,3.569309088004325,1.9615817286673347,1e-05
50,3.579574205437333,1.8277795209433507,1e-05
51,3.533715468033859,1.8553814594958005,1e-05
52,3.552822909278198,1.8561002848871773,1e-05
53,3.534406426761349,1.9131227458585187,1e-05
54,3.504812284813022,1.7615345265646571,1e-05
55,3.4838859753865083,1.771935739171676,1e-05
56,3.506520911614171,1.9735782572050022,1e-05
57,3.465840246161848,1.6608975644066568,1e-05
58,3.472464585177971,1.8255424843482075,1e-05
59,3.4496982980943116,1.7196691366227161,1e-05
60,3.439544278034283,1.778328532547352,1e-05
61,3.4453024242808645,1.8217500941634832,1e-05
62,3.429631962895619,1.6884137216543975,1e-05
63,3.3947368035433967,1.966870989505536,1e-05
64,3.395875621656714,1.7890187479774138,1e-05
65,3.406082272553817,1.9000695160589944,1e-05
66,3.372947344111417,2.003136057146787,1e-05
67,3.3533169681607666,1.8967363911187336,1e-05
68,3.389122414271156,1.9677057203427377,1e-05
69,3.3422079257185446,1.9721312491361405,1e-05
70,3.3388891543453023,1.7994257621656098,1e-05
71,3.3007873379757062,1.96888828811118,1e-05
72,3.3088923617022794,1.906552634639989,1e-05
73,3.3076445621170754,1.9700306427640568,1e-05
74,3.2940935373146085,1.8652457203457506,1e-05
75,3.296763507233431,2.00755724187239,1e-05
76,3.275334291617277,1.9460413320892223,1e-05
77,3.2414040272156783,1.952279868367938,1e-05
78,3.2556637787953395,1.7946120221029183,1e-05
79,3.216302343084599,2.0255687504840254,1e-05
80,3.2142363226498105,1.8730311408534197,1e-05
81,3.2114443140578723,1.956357066195959,1e-05
82,3.2199836048264565,2.065422688536673,1e-05
83,3.197299181676458,1.9713475668337928,1e-05
84,3.2048625735301957,1.8400069493899691,1e-05
85,3.21255351224559,1.9708172688095433,1e-05
86,3.157512081908268,1.9470513606425726,1e-05
87,3.1637573037330586,1.9493866609335344,1e-05
88,3.1395889051754153,1.9602609489769165,1e-05
89,3.1296743694086606,1.9868903810093284,1e-05
90,3.1295167223345732,2.009276448337294,1e-05
91,3.1257570484477704,1.9985218074250344,1e-05
92,3.1015221956184176,2.0074684782050056,1e-05
93,3.0972063695530023,1.995524449100165,1e-05
94,3.0973917835717923,1.9380029770512206,1e-05
95,3.0790187374189735,2.125275243901299,1e-05
96,3.0784066257298885,2.0662514379918244,1e-05
97,3.0778464640611247,2.027186890003674,1e-05
98,3.0326411795058466,1.7493451047151796,1e-05
99,3.0488732246539056,1.877187586240813,1e-05
100,3.035734775306698,1.9948170136924053,1e-05
End of training: 2022-12-14 23:09:54

Loss min training: 3.0326411795058466

Loss min val: 1.4761323029751898

Best epoch: 18

Correlation: (0.4858547574884859, 0.0)




--> Fold: 5

Format of train data: frames: 123787 , pressures: 123787 

Format of validation data: frames: 43044 , pressures: 43044 

Option shuffle: True

Begin of training: 2022-12-14 23:10:00

Epoch,train_loss,val_loss,lr
1,42.56264625629964,8.554276904766471,1e-05
2,6.704477493578089,2.5398489357026888,1e-05
3,4.9806473482738225,2.965278040896383,1e-05
4,4.517073106772296,3.1774130502095863,1e-05
5,4.375137614141839,3.0931090221630133,1e-05
6,4.320880650570687,3.1956029292897057,1e-05
7,4.225246281086841,2.7960252603869957,1e-05
8,4.199394525598309,2.6311097790257505,1e-05
9,4.1195403580708465,2.5838843579629507,1e-05
10,4.122141528947855,2.2961256480130574,1e-05
11,4.110311499318932,2.3783839405408282,1e-05
12,4.070454255258403,2.4781461307056643,1e-05
13,4.0183537296632235,2.3882204653017918,1e-05
14,4.04975752962362,2.3467037458283984,1e-05
15,4.0076451755388,2.370268484283453,1e-05
16,3.978092529231205,2.29846602883794,1e-05
17,3.9826719584681474,2.443387566662092,1e-05
18,3.966200339604155,2.2911638614912255,1e-05
19,3.931935889227061,2.2664907580469524,1e-05
20,3.9023503464752696,2.3033930075931877,1e-05
21,3.919844863408736,2.3572195174691624,1e-05
22,3.9040449161650956,2.313492254811629,1e-05
23,3.87982974492375,2.327023799152869,1e-05
24,3.863764013402747,2.440473237031898,1e-05
25,3.8408104458668166,2.417317727475946,1e-05
26,3.8353741391539256,2.5274503804219166,1e-05
27,3.8208305291531213,2.450610918938233,1e-05
28,3.8185320070928617,2.4346266436998913,1e-05
29,3.799963847516911,2.556009491229299,1e-05
30,3.7686536038182017,2.524594926599255,1e-05
31,3.7461717673649333,2.529759928524555,1e-05
32,3.754070046643579,2.5107274976276064,1e-05
33,3.739884958351418,2.448112104497604,1e-05
34,3.7281456951972265,2.3906744292495574,1e-05
35,3.69521101156276,2.5223943918414435,1e-05
36,3.697071380262076,2.5636130837345754,1e-05
37,3.6863964240798897,2.503927393835192,1e-05
38,3.689754256844907,2.5930967641113836,1e-05
39,3.669994110742799,2.5705515050154704,1e-05
40,3.650396177951238,2.7668746646790354,1e-05
41,3.6179550574858137,2.53282744874964,1e-05
42,3.62902152878438,2.5981358199876854,1e-05
43,3.620102706891329,2.5478688913332843,1e-05
44,3.60175552755452,2.624239936635769,1e-05
45,3.590198362702883,2.6002950719071745,1e-05
46,3.5901822845942,2.6297667276658774,1e-05
47,3.555204301649037,2.6261158258362602,1e-05
48,3.527791163539365,2.826462552290669,1e-05
49,3.5516279770592285,2.5902210935408845,1e-05
50,3.54813077114533,2.65188799187127,1e-05
51,3.5241794854093653,2.641634631961177,1e-05
52,3.5200657275591563,2.576032687248256,1e-05
53,3.4911399440445967,2.8214419297531252,1e-05
54,3.501766802223844,2.6073266417438927,1e-05
55,3.469505643842101,2.565132816067616,1e-05
56,3.463047811643664,2.6742813444477664,1e-05
57,3.4331407195283106,2.6524286832123503,1e-05
58,3.439460655688889,2.595985668918123,1e-05
59,3.413968567390309,2.7802549549088957,1e-05
60,3.4428116420461965,2.691181846316802,1e-05
61,3.398255253993373,2.607444488479351,1e-05
62,3.406056874026818,2.5885065326060563,1e-05
63,3.3860624528928325,2.653998211606397,1e-05
64,3.3886481599756046,2.561950443602109,1e-05
65,3.358808167201063,2.6083943018981066,1e-05
66,3.340163893672951,2.828366553403445,1e-05
67,3.355498279263999,2.662216613111238,1e-05
68,3.315807582382775,2.553945874084428,1e-05
69,3.3244633632691714,2.766485686473228,1e-05
70,3.3419106489518793,2.5930216567864837,1e-05
71,3.3041781335102476,2.6801707325410624,1e-05
72,3.291678610324486,2.6079784791583234,1e-05
73,3.2817186559689313,2.5046658105715514,1e-05
74,3.2720633661266336,2.524403345074178,1e-05
75,3.277610811697634,2.607026989625495,1e-05
76,3.271861816608777,2.4724834116625636,1e-05
77,3.2447876889693696,2.7185522269697486,1e-05
78,3.229965412622604,2.649708363637861,1e-05
79,3.2349336855840285,2.653056002817525,1e-05
80,3.1843000126301804,2.5208430161940076,1e-05
81,3.2177941935700716,2.5983775171268917,1e-05
82,3.204481299870121,2.6207110267868163,1e-05
83,3.1593380929102723,2.655168681990623,1e-05
84,3.157533830140559,2.551265506072621,1e-05
85,3.1729009472587206,2.6170888589157646,1e-05
86,3.174012951103318,2.5215649666833606,1e-05
87,3.1520365134110406,2.42544158188985,1e-05
88,3.1344662084795725,2.737856649752056,1e-05
89,3.124607287483524,2.513700869942828,1e-05
90,3.1187003018165815,2.6983030512146584,1e-05
91,3.1068766384179765,2.6222196809532763,1e-05
92,3.092499288050424,2.5756160016397085,1e-05
93,3.0949437988517334,2.645900025951321,1e-05
94,3.070599031974943,2.5987133707059447,1e-05
95,3.0599965784826235,2.620242518747665,1e-05
96,3.0650347773923827,2.5341343079099823,1e-05
97,3.0457233653132527,2.524694922665838,1e-05
98,3.05740593527991,2.6128047282074744,1e-05
99,3.043893169522583,2.5273679079768847,1e-05
100,3.0527151370183923,2.546805253852844,1e-05
End of training: 2022-12-14 23:55:31

Loss min training: 3.043893169522583

Loss min val: 2.2664907580469524

Best epoch: 19

Correlation: (0.3325296488838093, 0.0)




--> Fold: 6

Format of train data: frames: 125799 , pressures: 125799 

Format of validation data: frames: 41032 , pressures: 41032 

Option shuffle: True

Begin of training: 2022-12-14 23:55:38

Epoch,train_loss,val_loss,lr
1,40.363706533229916,10.295710916104523,1e-05
2,6.4051329469543195,2.829696671682437,1e-05
3,5.131275601638674,2.1469662213190697,1e-05
4,4.581335294660687,1.852867891342697,1e-05
5,4.432291036639616,1.7424325020742315,1e-05
6,4.327619407975604,1.6546505591771272,1e-05
7,4.2943961161286115,1.5598724983918735,1e-05
8,4.216707598570889,1.510847092372071,1e-05
9,4.165262595048511,1.490301852385234,1e-05
10,4.161755401734382,1.496195170214172,1e-05
11,4.121936686060823,1.4867763838170216,1e-05
12,4.107472901840889,1.4784089991818117,1e-05
13,4.085794006300169,1.4906212078662708,1e-05
14,4.06009607874385,1.4865461410800251,1e-05
15,4.031907562155821,1.4432981030637466,1e-05
16,4.032528676020428,1.468691578430143,1e-05
17,4.018098275854157,1.4130970631270503,1e-05
18,3.983576463745103,1.42723123619119,1e-05
19,3.958309159400051,1.4631814203966103,1e-05
20,3.9487713778750226,1.4174784615295954,1e-05
21,3.9123714848871805,1.4066192222097087,1e-05
22,3.9425368579774167,1.5101703455350999,1e-05
23,3.9074882892807294,1.4556670898488446,1e-05
24,3.8921997000469326,1.48176212674764,1e-05
25,3.884607793212137,1.4568887061369908,1e-05
26,3.8735366181674022,1.396765416234203,1e-05
27,3.859394435536726,1.417701560076414,1e-05
28,3.853259608558307,1.4226126090247024,1e-05
29,3.8452883619256877,1.410546079042665,1e-05
30,3.8166956580668177,1.4077084319218252,1e-05
31,3.8096047308872563,1.3894178708130958,1e-05
32,3.7846311079458794,1.4551443288516386,1e-05
33,3.775803696748275,1.4500153241630045,1e-05
34,3.7572035037991443,1.4847709906684605,1e-05
35,3.770265699908362,1.3878291915280705,1e-05
36,3.749754736112276,1.5911506122026464,1e-05
37,3.698835337552152,1.3991247893983474,1e-05
38,3.703625295225483,1.4102488693774478,1e-05
39,3.7481796531228304,1.4054114210789235,1e-05
40,3.689389061979535,1.5153401316339496,1e-05
41,3.6888144492329773,1.387199833974617,1e-05
42,3.6612068342328064,1.5465293536527414,1e-05
43,3.6586369947556694,1.3947740403688729,1e-05
44,3.643970428687675,1.4459481899746214,1e-05
45,3.6325412900790184,1.5379822589565983,1e-05
46,3.5999903351776603,1.5011012661780128,1e-05
47,3.602131985921733,1.4538149434610472,1e-05
48,3.5883764810892433,1.4290828699023432,1e-05
49,3.5939521694447922,1.4933953700555558,1e-05
50,3.589494633909062,1.4431620808599706,1e-05
51,3.567644195606523,1.4137866718944785,1e-05
52,3.553793071729193,1.457616642219185,1e-05
53,3.5433513688942964,1.481803516031683,1e-05
54,3.5363798760046063,1.4461707605165588,1e-05
55,3.5122003924262066,1.4849243054591696,1e-05
56,3.52394129081836,1.4581101219146009,1e-05
57,3.501943387252077,1.4724604822920415,1e-05
58,3.4934279024935018,1.5666859125179908,1e-05
59,3.4921472207674666,1.520801054801502,1e-05
60,3.452809871064183,1.5617847376386658,1e-05
61,3.4609589057502803,1.4735260790471423,1e-05
62,3.4466385697028583,1.5083125958690915,1e-05
63,3.44055767441178,1.5559956238710944,1e-05
64,3.4565080912536073,1.5120693186055059,1e-05
65,3.414916358796408,1.5138634113592349,1e-05
66,3.4271706122499346,1.5578136655595898,1e-05
67,3.3892191201369077,1.6075598278294811,1e-05
68,3.3828035546533264,1.5133216004084369,1e-05
69,3.396763710451842,1.4688900127632154,1e-05
70,3.3666083427886297,1.5848455459059598,1e-05
71,3.3499922416772283,1.5413477543060903,1e-05
72,3.3309930395614358,1.4671268246052533,1e-05
73,3.338496542858971,1.5518764867190382,1e-05
74,3.3342423057572073,1.4954779935547844,1e-05
75,3.298987018291535,1.51544653251404,1e-05
76,3.3077933857418755,1.5335078728224572,1e-05
77,3.2983095484563245,1.5237611423437767,1e-05
78,3.2799479296793455,1.553169084027581,1e-05
79,3.283029460965924,1.5616975754272824,1e-05
80,3.2820309928731843,1.5179350783797494,1e-05
81,3.253486543243038,1.4888691907738774,1e-05
82,3.2622150887040444,1.4965431076854172,1e-05
83,3.2453566263832223,1.498416254082998,1e-05
84,3.219863055816505,1.4696143494058618,1e-05
85,3.215404635661689,1.574206292408441,1e-05
86,3.2077583161835763,1.5124297459982226,1e-05
87,3.202287835048901,1.4674561278214346,1e-05
88,3.1910251232520928,1.4829802569368704,1e-05
89,3.171216633565496,1.5058559874364288,1e-05
90,3.1627104707385443,1.5325405807331491,1e-05
91,3.1610467076450353,1.5464486048267607,1e-05
92,3.1399526321942646,1.5311333794044366,1e-05
93,3.125536091525776,1.5077342731861092,1e-05
94,3.103029656081773,1.570937606553442,1e-05
95,3.111244671376919,1.5200348842862197,1e-05
96,3.0982541023918757,1.479111753760037,1e-05
97,3.092824458624862,1.4638267071490214,1e-05
98,3.1100815593505033,1.5035626551030694,1e-05
99,3.08462112513696,1.5534117891207893,1e-05
100,3.0805693612121323,1.5135926281407601,1e-05
End of training: 2022-12-15 00:41:22

Loss min training: 3.0805693612121323

Loss min val: 1.387199833974617

Best epoch: 41

Correlation: (0.5491171375343646, 0.0)




--> Fold: 7

Format of train data: frames: 121714 , pressures: 121714 

Format of validation data: frames: 45117 , pressures: 45117 

Option shuffle: True

Begin of training: 2022-12-15 00:41:28

Epoch,train_loss,val_loss,lr
1,43.30292457041367,8.251593293980282,1e-05
2,6.8998048513971515,2.3231226963642513,1e-05
3,5.243129672039146,1.7576108976921498,1e-05
4,4.630802251660437,1.5577886849638498,1e-05
5,4.519922892838951,1.500072166921135,1e-05
6,4.412197971535178,1.457921256372649,1e-05
7,4.329379955311149,1.439775355866206,1e-05
8,4.295172446615244,1.4534949418471517,1e-05
9,4.24333041711354,1.4353528477387438,1e-05
10,4.226204175077177,1.367472147107703,1e-05
11,4.182110437403563,1.377782557260975,1e-05
12,4.157831776014208,1.3716261033394406,1e-05
13,4.1400296892543835,1.3314678791205183,1e-05
14,4.1256934078637215,1.412583613442194,1e-05
15,4.1067502409969485,1.3517912956386138,1e-05
16,4.0992913352089,1.418182391991632,1e-05
17,4.066776607392199,1.3387442570268298,1e-05
18,4.043440850096762,1.3553242708881699,1e-05
19,4.049371348183168,1.3001735294705696,1e-05
20,3.9991082657233066,1.3356733850139484,1e-05
21,3.971275068503537,1.3572865862091439,1e-05
22,3.9816117087154415,1.4091340269151356,1e-05
23,3.9617300592544686,1.3689812907545449,1e-05
24,3.937065677900449,1.2965306820386342,1e-05
25,3.9231553350975896,1.340479395761952,1e-05
26,3.930976261061377,1.3187902980399084,1e-05
27,3.9150152311571573,1.3720304210904108,1e-05
28,3.894042609890019,1.3368687945736304,1e-05
29,3.8696315183510555,1.290166395581471,1e-05
30,3.8700427946350238,1.3589245667336989,1e-05
31,3.859900550876604,1.2737747613484864,1e-05
32,3.8437348943924357,1.3597195324281706,1e-05
33,3.8323005936787773,1.3252626119185353,1e-05
34,3.816954404005492,1.3374093897173527,1e-05
35,3.793672483197776,1.3162394936109003,1e-05
36,3.7795633645156954,1.3841776577909595,1e-05
37,3.787902819028452,1.2771331721603318,1e-05
38,3.7312638877927133,1.2690231489168666,1e-05
39,3.7355086274274516,1.3198658052450334,1e-05
40,3.75539959938121,1.3696673670344988,1e-05
41,3.7090697381989157,1.3371263449503354,1e-05
42,3.7056628128947,1.4293325624691695,1e-05
43,3.699600642092223,1.4025755050553999,1e-05
44,3.704653595774048,1.4340777849478352,1e-05
45,3.692053981816704,1.367560445869989,1e-05
46,3.6619901708112756,1.4773363354680789,1e-05
47,3.649634901723541,1.367462459283404,1e-05
48,3.6324315395255247,1.3087701026536784,1e-05
49,3.6156676677629767,1.414893389334743,1e-05
50,3.586849212266469,1.3617427139007223,1e-05
51,3.6154848149731804,1.330360591476325,1e-05
52,3.615152311095497,1.3745363578519059,1e-05
53,3.5851767969105612,1.3946896032108933,1e-05
54,3.6049443312757052,1.2927938116794493,1e-05
55,3.566180652430234,1.3856066798773825,1e-05
56,3.566275564634669,1.4123020858675024,1e-05
57,3.53079958166696,1.3054544806842392,1e-05
58,3.518986014313606,1.2877570555179834,1e-05
59,3.5290730122675087,1.3517474754113958,1e-05
60,3.514361327772283,1.32305143137473,1e-05
61,3.4999458526047684,1.3028552872673227,1e-05
62,3.5026364241267394,1.3430166081058765,1e-05
63,3.476812592764396,1.311367667204607,1e-05
64,3.462561115217285,1.2728039264747653,1e-05
65,3.4434814067938175,1.3214407682466383,1e-05
66,3.4456267897826556,1.378820570012178,1e-05
67,3.4285939463490633,1.3443226110618938,1e-05
68,3.409729991770207,1.368561146891698,1e-05
69,3.415640992441467,1.3868444350302835,1e-05
70,3.3784782506724707,1.3640940684620326,1e-05
71,3.38552027683652,1.3994214209580824,1e-05
72,3.367470174437746,1.4904668832350003,1e-05
73,3.3578817586607173,1.46692757897204,1e-05
74,3.362755121926891,1.3852730271061475,1e-05
75,3.3626269020941706,1.405476485081439,1e-05
76,3.340779742011909,1.364221850766763,1e-05
77,3.349938941197385,1.4011723695791742,1e-05
78,3.3245986743367997,1.4460227653685753,1e-05
79,3.315888136045962,1.3332699287401952,1e-05
80,3.332099612191659,1.4650754620320414,1e-05
81,3.2799356000776063,1.3868914842790547,1e-05
82,3.302644522458808,1.3537878461331898,1e-05
83,3.2994004279433353,1.3841118790392763,1e-05
84,3.287568759892356,1.376950887019117,1e-05
85,3.249972555344591,1.4620319241752602,1e-05
86,3.257410856975293,1.384930279895019,1e-05
87,3.2240766563144736,1.377667512874547,1e-05
88,3.236937639917281,1.3679684679154733,1e-05
89,3.238590957250397,1.4348976799305955,1e-05
90,3.2062998228409882,1.4007396354640838,1e-05
91,3.209643307154034,1.4407940749266834,1e-05
92,3.1993007295645723,1.2994227574581156,1e-05
93,3.179615405186584,1.3768060731478802,1e-05
94,3.1501682873950028,1.375789460823659,1e-05
95,3.1673104174437956,1.3581270767679228,1e-05
96,3.164354801272003,1.4090617159557175,1e-05
97,3.1437354305927134,1.4383378060946246,1e-05
98,3.162710052649418,1.4357170729909083,1e-05
99,3.122902313490801,1.3437497103671634,1e-05
100,3.103421530835696,1.4309233660699734,1e-05
End of training: 2022-12-15 01:26:37

Loss min training: 3.103421530835696

Loss min val: 1.2690231489168666

Best epoch: 38

Correlation: (0.6484027200537653, 0.0)




--> Fold: 8

Format of train data: frames: 132010 , pressures: 132010 

Format of validation data: frames: 46835 , pressures: 46835 

Option shuffle: True

Begin of training: 2022-12-15 01:26:44

Epoch,train_loss,val_loss,lr
1,40.87663721921597,6.8569910143920145,1e-05
2,6.290692319198862,2.360195771607083,1e-05
3,5.218180116242816,2.039067567348022,1e-05
4,4.674540577248347,1.6207668840051574,1e-05
5,4.4939323580144945,1.5570064134349357,1e-05
6,4.414406196289591,1.5190373779144972,1e-05
7,4.35405890199508,1.524194952919069,1e-05
8,4.278638686805808,1.506302467013062,1e-05
9,4.229952222951821,1.5844976252802945,1e-05
10,4.184321935082393,1.4945548823476156,1e-05
11,4.18120105907724,1.457233449215694,1e-05
12,4.17605749887279,1.4759478954822414,1e-05
13,4.106382427655533,1.4859910864808128,1e-05
14,4.102683094484988,1.423957008471468,1e-05
15,4.0725897659651125,1.3987770650218057,1e-05
16,4.064638198934607,1.52310632264791,1e-05
17,4.031573251438596,1.5344067805806307,1e-05
18,4.023725274461444,1.4510103875651257,1e-05
19,4.0078977577434,1.4744419738018768,1e-05
20,3.9750509826444005,1.533143827611537,1e-05
21,3.9610081433364908,1.4909110095147913,1e-05
22,3.9541324335502392,1.4441596921307054,1e-05
23,3.9299537864438276,1.5212596066659603,1e-05
24,3.905864557686398,1.4553209251001855,1e-05
25,3.8717384695094714,1.4175447254714404,1e-05
26,3.8735970542355203,1.4714564824213756,1e-05
27,3.86333384569843,1.5278141773662077,1e-05
28,3.861114782023164,1.3865788085961832,1e-05
29,3.8324843661874164,1.433971966843958,1e-05
30,3.792702233203477,1.5086650427573645,1e-05
31,3.807617550880184,1.4250957531367523,1e-05
32,3.784515742449749,1.474141878678041,1e-05
33,3.7810160277783984,1.3944015445634905,1e-05
34,3.7547422765285785,1.496982319119316,1e-05
35,3.7455144196439445,1.5105727393306203,1e-05
36,3.753907231225831,1.391907340662958,1e-05
37,3.738752821217648,1.4619785850529383,1e-05
38,3.711882429947935,1.424885147180656,1e-05
39,3.7008191630439535,1.4351298502622425,1e-05
40,3.677099515506602,1.4156577385336024,1e-05
41,3.694750575890695,1.4637667056653114,1e-05
42,3.647621097876063,1.5384156611885347,1e-05
43,3.657674538508553,1.4333583158554333,1e-05
44,3.618822122506956,1.4853335193448938,1e-05
45,3.603604397290801,1.6824515596148273,1e-05
46,3.6134826327750074,1.5817794638177916,1e-05
47,3.5842020952921008,1.5075494827984415,1e-05
48,3.5860641390760235,1.5442583954142088,1e-05
49,3.568350582803328,1.5165216304493063,1e-05
50,3.566201615841061,1.546633107707762,1e-05
51,3.5504344261755465,1.6113554334416516,1e-05
52,3.5367054221305185,1.622598225085117,1e-05
53,3.527416920847951,1.4117348177832372,1e-05
54,3.527736618551158,1.4850632106149364,1e-05
55,3.4945803688345656,1.5507742156643387,1e-05
56,3.5160218911770214,1.5590779370860457,1e-05
57,3.4835616205128908,1.6089651707257966,1e-05
58,3.4677601558314555,1.474526808683628,1e-05
59,3.4632910378222554,1.4668735663690013,1e-05
60,3.459720729710559,1.666338543282561,1e-05
61,3.4375893770153887,1.6226078653839542,1e-05
62,3.3940565710275084,1.8053596979731543,1e-05
63,3.4144542716414756,1.698799647872064,1e-05
64,3.3741271512362645,1.6028319462750427,1e-05
65,3.393672151336543,1.6979204457127146,1e-05
66,3.3825163512579937,1.5768009156774556,1e-05
67,3.362063901703084,1.6013672022983945,1e-05
68,3.3691113052399952,1.4713236753594676,1e-05
69,3.3270804923263952,1.4894126265945182,1e-05
70,3.3373387049205485,1.594043657720388,1e-05
71,3.3344318278422276,1.7566615971325683,1e-05
72,3.2997492355827527,1.5847662293619542,1e-05
73,3.322986225897268,1.663166029870453,1e-05
74,3.297714018639304,1.6204035431646138,1e-05
75,3.2639755100799723,1.5615628843235208,1e-05
76,3.251469677887616,1.673344610174425,1e-05
77,3.2577963194570057,1.7477517457098466,1e-05
78,3.2508170761652817,1.5649831111293422,1e-05
79,3.2516139160312583,1.7294792947767128,1e-05
80,3.2206778113656527,1.822406407645714,1e-05
81,3.2131278544373156,1.6705975070406434,1e-05
82,3.203568858058604,1.7316719443716362,1e-05
83,3.2054416420405385,1.722438302584286,1e-05
84,3.1802617179002826,1.675922888580376,1e-05
85,3.1673450817602005,1.5592233227986059,1e-05
86,3.1623977133003423,1.597124170007275,1e-05
87,3.1690751773030024,1.7528453050917618,1e-05
88,3.1368059669604005,1.588349747869036,1e-05
89,3.1247904628634897,1.675114581612165,1e-05
90,3.117449918438761,1.7022582460648605,1e-05
91,3.105626652300534,1.6665218558066603,1e-05
92,3.1125581004883105,1.8474664027196843,1e-05
93,3.0887095273710474,1.6682443293051925,1e-05
94,3.0947030129211255,1.705079277773047,1e-05
95,3.071641022818945,1.6049408796440134,1e-05
96,3.061269264688601,1.7932132567719994,1e-05
97,3.0471812902675524,1.649187628782787,1e-05
98,3.031602788395922,1.7996458976923166,1e-05
99,3.0385033650142153,1.600223001977404,1e-05
100,3.012258083365576,1.9360831845057385,1e-05
End of training: 2022-12-15 02:15:12

Loss min training: 3.012258083365576

Loss min val: 1.3865788085961832

Best epoch: 28

Correlation: (0.6067197642633383, 0.0)




--> Fold: 9

Format of train data: frames: 131637 , pressures: 131637 

Format of validation data: frames: 47208 , pressures: 47208 

Option shuffle: True

Begin of training: 2022-12-15 02:15:19

Epoch,train_loss,val_loss,lr
1,38.76528961232832,9.906711124238514,1e-05
2,6.058398085606153,2.76173456089716,1e-05
3,4.950362788189823,2.054579430688258,1e-05
4,4.524116298257052,1.6278590588948623,1e-05
5,4.412829305552275,1.5614111352787041,1e-05
6,4.298629558190448,1.497982843894713,1e-05
7,4.241061624424044,1.5293725854743236,1e-05
8,4.19655944968215,1.5148618904297038,1e-05
9,4.144140021321774,1.4409432128776314,1e-05
10,4.141317008859962,1.4447982217715647,1e-05
11,4.08906878615052,1.4752892419617574,1e-05
12,4.083506359695003,1.3922306846267307,1e-05
13,4.034291422924849,1.3937287328001242,1e-05
14,4.0166111589361035,1.3461722105140506,1e-05
15,4.002471991363484,1.4022711113415982,1e-05
16,3.9987735443251724,1.4414448690220494,1e-05
17,3.9534733792429044,1.5224076128676673,1e-05
18,3.938261966420894,1.3639132118269541,1e-05
19,3.9392081794784266,1.4406441084067108,1e-05
20,3.90684150935326,1.4495709032310184,1e-05
21,3.9025516269810794,1.447824173015248,1e-05
22,3.876746345635124,1.4746699979236177,1e-05
23,3.842907612121832,1.4301456147544447,1e-05
24,3.8679765505954333,1.4629373393853102,1e-05
25,3.8043504502390997,1.5162638988742947,1e-05
26,3.840039370052487,1.454984535667537,1e-05
27,3.784962230920203,1.3808219737672054,1e-05
28,3.7897134821285827,1.5062788848128688,1e-05
29,3.7845419816891783,1.499001869729486,1e-05
30,3.735146236590653,1.4684530671138598,1e-05
31,3.755146771570452,1.4811495553334069,1e-05
32,3.734659745866229,1.4666741211683825,1e-05
33,3.7272063930160133,1.436848642967087,1e-05
34,3.7016773139367194,1.463571705932921,1e-05
35,3.6826396250922753,1.6252429233609853,1e-05
36,3.6605585532399707,1.4326605569546635,1e-05
37,3.6813207813676962,1.483410564686682,1e-05
38,3.6542462170813663,1.5250343167363658,1e-05
39,3.6218423388831416,1.485296367891884,1e-05
40,3.60655515826241,1.476338290396514,1e-05
41,3.619868957336283,1.4589403872771942,1e-05
42,3.591564408703361,1.5644006802255552,1e-05
43,3.5704308467756523,1.5512708662081889,1e-05
44,3.5606232028162292,1.5735891661266617,1e-05
45,3.5577110260258866,1.467016793776116,1e-05
46,3.5392029784755703,1.4562400371982696,1e-05
47,3.5357500852461548,1.5813009616500784,1e-05
48,3.5288172780494382,1.5227048349893613,1e-05
49,3.4978940306659116,1.4920322012242735,1e-05
50,3.519081222935581,1.5504864827492868,1e-05
51,3.5200025735594425,1.440659988736565,1e-05
52,3.494647621558766,1.5297542633676586,1e-05
53,3.4771624580486957,1.5152211767842134,1e-05
54,3.4400246275539246,1.622405616174187,1e-05
55,3.4265665377142764,1.5068669279456806,1e-05
56,3.4370777354358544,1.439846895484879,1e-05
57,3.437263711916223,1.6978542118269677,1e-05
58,3.4182154210202778,1.5230363550236257,1e-05
59,3.3992866281543463,1.5530908264925551,1e-05
60,3.3781955871560876,1.4772619432846261,1e-05
61,3.3769679101685637,1.4839037676379552,1e-05
62,3.355588407336158,1.4088048470503112,1e-05
63,3.356403753339945,1.531522060911285,1e-05
64,3.3409935448311106,1.508602917345878,1e-05
65,3.335793283342363,1.6226030806932705,1e-05
66,3.332708433609938,1.4820970717859843,1e-05
67,3.324751276463757,1.5563734518716021,1e-05
68,3.3196858183921787,1.5304101768074916,1e-05
69,3.27992168424036,1.5606017608073703,1e-05
70,3.2882276184845742,1.4035680183332424,1e-05
71,3.2808537371157493,1.4901111270589074,1e-05
72,3.2718698524632397,1.4557464878713857,1e-05
73,3.254867882889663,1.4853992163983467,1e-05
74,3.235916807073807,1.4280686084748608,1e-05
75,3.2213844151139974,1.483785912296041,1e-05
76,3.214682537834323,1.568952248593828,1e-05
77,3.2125419657573975,1.5038047990562997,1e-05
78,3.2044111072473314,1.4774535810153497,1e-05
79,3.1795106645539173,1.5301314792558716,1e-05
80,3.1743795827360657,1.4091604070842438,1e-05
81,3.170052342726126,1.431849498927361,1e-05
82,3.1528493294971294,1.4417486355640468,1e-05
83,3.161534249136423,1.3884739594082978,1e-05
84,3.1265350840763055,1.499411327922532,1e-05
85,3.1481939927091593,1.3856740455024628,1e-05
86,3.1472053899522825,1.4935079115747376,1e-05
87,3.1185712787018427,1.408377530594596,1e-05
88,3.085403060096605,1.4714201282109471,1e-05
89,3.0719118584285177,1.4430808260610115,1e-05
90,3.074130965915397,1.6852188356860858,1e-05
91,3.0693932060005897,1.422896056331996,1e-05
92,3.0488247341682495,1.4762427817056025,1e-05
93,3.03860817372899,1.394408135540585,1e-05
94,3.0330205961228853,1.514971241468576,1e-05
95,3.028612515689404,1.417873088878366,1e-05
96,3.022284186804562,1.4477878352622424,1e-05
97,3.0044086142857465,1.5104460341104955,1e-05
98,2.9841168385452086,1.5284744829388923,1e-05
99,3.008522715492799,1.3861349696851226,1e-05
100,2.974729172449206,1.5597740097422454,1e-05
End of training: 2022-12-15 03:03:54

Loss min training: 2.974729172449206

Loss min val: 1.3461722105140506

Best epoch: 14

Correlation: (0.4853951788844505, 0.0)




Mean validation loss: 1.608009847277018
