
Dispositivo usado pelo Pytorch: cuda

*****************************************

-----> GRID 7:   hyperparameters
0             100
1            adam
2              32
3             0.5
4           1e-05
5             0.5

 LSTM =True


 option_overlap=True , option_causal=False ,option_dropout_lstm=0.5



--> Fold: 0

Format of train data: frames: 118655 , pressures: 118655 

Format of validation data: frames: 48176 , pressures: 48176 

Option shuffle: True

Begin of training: 2022-07-04 19:00:12

Epoch,train_loss,val_loss,lr
1,47.51602901461794,12.93289109853683,1e-05
2,6.942681029717894,2.4304235701306007,1e-05
3,3.274637910096143,1.85784941695925,1e-05
4,2.877187096690324,1.8203950207798,1e-05
5,2.716489014501573,1.835653942116706,1e-05
6,2.6211939481671975,1.8519445311702474,1e-05
7,2.5419923366716057,1.9568740693646307,1e-05
8,2.497796230849442,2.0400819337395726,1e-05
9,2.4531462146692244,2.170618042800166,1e-05
10,2.4184691480376426,2.1356149254269634,1e-05
11,2.4043124677699796,2.053166774331989,1e-05
12,2.3658602338027905,2.137465935773289,1e-05
13,2.3257021331529915,2.168197890564834,1e-05
14,2.313168505262793,2.2109838850036567,1e-05
15,2.2884234262675163,2.283732843177337,1e-05
16,2.2564820039428533,2.2667347886799103,1e-05
17,2.251461343889637,2.411497823861856,1e-05
18,2.2187310128049016,2.4013257485931003,1e-05
19,2.2222019142550176,2.4302000791200644,1e-05
20,2.202112421274718,2.479319509181894,1e-05
21,2.173988082258104,2.4752933469494884,1e-05
22,2.1735999340404426,2.6688349549456,1e-05
23,2.153624990343982,2.7470714712174615,1e-05
24,2.143970412063888,3.071859619776619,1e-05
25,2.116718781073282,2.7927876349819414,1e-05
26,2.124676708359116,2.834297709550544,1e-05
27,2.116398756107515,3.1685818946072524,1e-05
28,2.0957589297322547,2.8226325217373383,1e-05
29,2.0972534329323262,3.078007300562813,1e-05
30,2.0625949847060747,2.926466197913685,1e-05
31,2.0665180289445435,3.1949161807788404,1e-05
32,2.045652300823926,3.2444166139842108,1e-05
33,2.0523252163758787,3.214222548452179,1e-05
34,2.034468527681321,3.3461952622013604,1e-05
35,2.019995645805424,3.3919749449986787,1e-05
36,2.0075472410808928,3.1384722565306022,1e-05
37,1.9931501924632438,3.556538115858992,1e-05
38,1.9852637463084948,3.666298270819394,1e-05
39,1.986116249299794,3.6145851194799166,1e-05
40,1.9763056658275873,3.5526226594653174,1e-05
41,1.962300659116152,3.7687998504505646,1e-05
42,1.9576446330601083,3.532948244928482,1e-05
43,1.960890845813199,3.6379547872166427,1e-05
44,1.9500463882000376,3.599264315417026,1e-05
45,1.9394488628250897,3.881222183702001,1e-05
46,1.9429120241347368,3.863294568104587,1e-05
47,1.9164643474427112,3.7084440666352028,1e-05
48,1.9168623143093186,3.7662794907518258,1e-05
49,1.9161672325252024,3.8383866765894235,1e-05
50,1.910174347097395,3.7219143812540003,1e-05
51,1.9095559554417312,3.864023253197925,1e-05
52,1.889165833375029,3.526345635798634,1e-05
53,1.8870041263735926,3.9419655679508288,1e-05
54,1.8786434575231532,4.027821338204441,1e-05
55,1.873129696865298,3.939637571503973,1e-05
56,1.8643982332689433,4.087930070566046,1e-05
57,1.8311311852218157,4.285067247893081,1e-05
58,1.8244033141270997,4.0557617831174735,1e-05
59,1.8464534334203877,3.68913262399555,1e-05
60,1.8282439416611542,4.197782952775198,1e-05
61,1.829805670765708,3.9527761162574486,1e-05
62,1.8069343045409774,4.047071437826191,1e-05
63,1.8163502464397512,3.832207068380269,1e-05
64,1.8091689547437124,4.157380895177536,1e-05
65,1.820588727014656,3.8406312719843627,1e-05
66,1.7934943765440772,3.668928417008171,1e-05
67,1.7934768793972828,3.9169463951379426,1e-05
68,1.7859383334693975,4.185741823719649,1e-05
69,1.7786593075714041,4.116697777786432,1e-05
70,1.7758140371168394,4.1651249555843055,1e-05
71,1.7677445908823697,4.205839009191537,1e-05
72,1.759912478596777,4.050960388028396,1e-05
73,1.7516825234983922,3.9879862737988208,1e-05
74,1.7545965787709465,4.0095189552060075,1e-05
75,1.744398621070913,4.1584294267525825,1e-05
76,1.725618836063033,4.094913558978173,1e-05
77,1.7297212860043847,4.209227902910631,1e-05
78,1.7313464429093082,4.119234020311703,1e-05
79,1.7161775596464013,4.0669815043839295,1e-05
80,1.7048455072219864,4.160700320009772,1e-05
81,1.70754903914639,4.365858417300044,1e-05
82,1.7000944170767587,4.236599647337636,1e-05
83,1.6860685136444695,4.458745612531198,1e-05
84,1.690592981362372,4.314137974517047,1e-05
85,1.6781730660093774,4.253961692098683,1e-05
86,1.6873667349551542,4.5452774478446125,1e-05
87,1.6785484001974176,4.192857599147567,1e-05
88,1.6729247743464226,4.113942321848925,1e-05
89,1.6766109302409515,4.660366534394942,1e-05
90,1.6642417924914819,4.667379085386524,1e-05
91,1.654189246113053,4.482786865022166,1e-05
92,1.661642331585943,4.576678130049438,1e-05
93,1.6496677371836819,4.157230256285552,1e-05
94,1.6378571515619607,4.295905139033717,1e-05
95,1.635227457409356,4.318593981415677,1e-05
96,1.6408329456566126,4.169118339300393,1e-05
97,1.6160824083457086,4.3427134588761644,1e-05
98,1.618682400170874,4.462737161192297,1e-05
99,1.616312844211446,4.373202119068385,1e-05
100,1.6124545098878176,4.286729746346298,1e-05
End of training: 2022-07-04 19:41:59

Loss min training: 1.6124545098878176

Loss min val: 1.8203950207798

Best epoch: 4

Correlação: (0.14099594220530526, 2.2685522557435083e-212)




--> Fold: 1

Format of train data: frames: 122682 , pressures: 122682 

Format of validation data: frames: 44149 , pressures: 44149 

Option shuffle: True

Begin of training: 2022-07-04 19:42:06

Epoch,train_loss,val_loss,lr
1,48.12304671952906,13.02517043588094,1e-05
2,6.653639977551329,2.68271022072038,1e-05
3,3.3773533609556643,2.177051542925779,1e-05
4,2.8678456476527185,2.3465623202314516,1e-05
5,2.6390497422782295,2.499185354226999,1e-05
6,2.5416401121789365,2.523568317594176,1e-05
7,2.482311835312866,2.2775628265728294,1e-05
8,2.415913311548305,2.465002382546039,1e-05
9,2.3787649666523962,2.5172285118195696,1e-05
10,2.3688726831571945,2.3180107123644027,1e-05
11,2.352416127415356,2.1985481666269524,1e-05
12,2.3091512612058493,2.1906248354048294,1e-05
13,2.286860994138214,2.244807901969785,1e-05
14,2.2723622353157276,2.353839763574588,1e-05
15,2.250873493570291,2.274282637875132,1e-05
16,2.2208740356233125,2.207008239693646,1e-05
17,2.210015616903011,2.4116418009725185,1e-05
18,2.2105245506061313,2.4231501210626654,1e-05
19,2.1881243179565875,2.3936589964546053,1e-05
20,2.1749415457733563,2.3096153519075777,1e-05
21,2.170697524012329,2.4927086497965685,1e-05
22,2.157443519512435,2.1496033934510663,1e-05
23,2.1425632378525683,2.049347072698654,1e-05
24,2.1205752613305777,2.428990728482673,1e-05
25,2.1063881911498554,2.3079995204644765,1e-05
26,2.100540575478425,2.385085581140061,1e-05
27,2.0992240120400245,2.1639519801790352,1e-05
28,2.0643915197813554,2.7273401452335633,1e-05
29,2.0656433382867783,2.458227605376228,1e-05
30,2.053271043370785,2.45388013210196,1e-05
31,2.047394657711807,2.436552224935482,1e-05
32,2.056613920039717,2.2452021025485904,1e-05
33,2.030776830506304,2.3307425546420384,1e-05
34,2.025015594677818,2.6481616297336084,1e-05
35,2.0242062574129354,2.3053167555544904,1e-05
36,2.0119076026941394,2.7021161292740845,1e-05
37,1.9881219616109784,2.1980116034734585,1e-05
38,1.9916750245910444,2.4426807070019296,1e-05
39,1.9849603281526242,2.6443273078631417,1e-05
40,1.965298974506817,2.4420057479845263,1e-05
41,1.974203672658744,2.3956193372361856,1e-05
42,1.958373153385174,2.8173599236494673,1e-05
43,1.948447093940147,2.5105561149055795,1e-05
44,1.9571839954409926,2.339998981421222,1e-05
45,1.9443114944417803,2.610852192105916,1e-05
46,1.9254366986447338,2.8096361691939493,1e-05
47,1.9041438974408882,2.622481778328512,1e-05
48,1.9042921561653474,2.504869715976117,1e-05
49,1.9171016751972647,2.713625946388706,1e-05
50,1.908104905955289,2.7204005893633485,1e-05
51,1.8928363840191427,2.659891359857202,1e-05
52,1.8960204728416432,2.452846366402387,1e-05
53,1.8772411455517848,2.5640965437127115,1e-05
54,1.8682572741657035,2.4710156716032206,1e-05
55,1.8626239819396933,2.4493570343365705,1e-05
56,1.8673232630738397,2.8267301752109937,1e-05
57,1.8566562873325536,2.7888428941097354,1e-05
58,1.840378541016384,2.6872818608573343,1e-05
59,1.849533034290971,2.583038589946762,1e-05
60,1.842217718337758,2.6297327948468747,1e-05
61,1.8321202551291882,2.8305575225887276,1e-05
62,1.823828364566732,2.647797659738501,1e-05
63,1.802966600514545,2.368349216689572,1e-05
64,1.817044113222643,2.7101522645620033,1e-05
65,1.8042377809078116,2.83181292248889,1e-05
66,1.7920437160569584,2.5610654475494576,1e-05
67,1.7777231107262854,2.9756927585900983,1e-05
68,1.7864475949280372,2.507097813348062,1e-05
69,1.7992824096033395,2.7401300878599737,1e-05
70,1.7775134990163257,2.61072997928176,1e-05
71,1.7652119479331199,2.4350455359031846,1e-05
72,1.770354342171845,2.5891712803584555,1e-05
73,1.7423142027053078,2.780733067677913,1e-05
74,1.7623635425664952,2.562901352696053,1e-05
75,1.7471331452579435,2.9006239646299097,1e-05
76,1.7435244108536418,2.7374567767577886,1e-05
77,1.7393175666845027,2.772698413372828,1e-05
78,1.7334629144350797,2.6901368638467873,1e-05
79,1.7311822580087466,3.2518983829731325,1e-05
80,1.7296671543019349,2.9824987252751316,1e-05
81,1.7203554450057623,2.8050088707584035,1e-05
82,1.7125291159858007,2.971023813007172,1e-05
83,1.7011690329756002,2.864577808413393,1e-05
84,1.7004275694954678,2.9803743074697886,1e-05
85,1.6904063022952327,2.7704500486341543,1e-05
86,1.692742859994045,2.8456443180251942,1e-05
87,1.6933815750186685,2.8436166318524787,1e-05
88,1.6844033691997786,2.752423634277783,1e-05
89,1.6855562712479588,3.0308415818833834,1e-05
90,1.674058969716848,2.832413129659198,1e-05
91,1.6690028870615494,2.8435986320517035,1e-05
92,1.6785873724023939,3.076504934840965,1e-05
93,1.6594220411322549,2.9483150874813155,1e-05
94,1.6439229347998088,2.9486994888075655,1e-05
95,1.6471265197039269,3.2787861503904874,1e-05
96,1.6432497061157314,3.1079890003274335,1e-05
97,1.6337960281366006,2.9561188234100553,1e-05
98,1.6338457146291192,2.8970137768854096,1e-05
99,1.6284201337373074,2.952206628709102,1e-05
100,1.6263256545785187,2.98877539352052,1e-05
End of training: 2022-07-04 20:24:23

Loss min training: 1.6263256545785187

Loss min val: 2.049347072698654

Best epoch: 23

Correlação: (0.5738160903789988, 0.0)




--> Fold: 2

Format of train data: frames: 127377 , pressures: 127377 

Format of validation data: frames: 39454 , pressures: 39454 

Option shuffle: True

Begin of training: 2022-07-04 20:24:31

Epoch,train_loss,val_loss,lr
1,46.913456156457144,12.132602980841842,1e-05
2,6.053208929513267,2.6329785808207036,1e-05
3,3.3994447279898465,1.717813975940203,1e-05
4,2.9142675482699034,1.5377206111658892,1e-05
5,2.721403090903308,1.5389468973428775,1e-05
6,2.6388548533316407,1.6588248061887236,1e-05
7,2.5551059555576696,2.0232065621044546,1e-05
8,2.5174165043007712,2.078362995536291,1e-05
9,2.4695215575631044,2.0906594428662237,1e-05
10,2.4128658102577614,2.0534534420626036,1e-05
11,2.385539895895199,2.0376265783924383,1e-05
12,2.3538307269992638,2.0435625792891217,1e-05
13,2.3411335999466454,2.0029822024038753,1e-05
14,2.3281832930796087,2.0078446093155256,1e-05
15,2.2878291757298617,2.1096867777653796,1e-05
16,2.2749333922178336,1.8990609520814854,1e-05
17,2.256802158912298,1.8142274519829995,1e-05
18,2.2441622185905685,2.00606043761057,1e-05
19,2.2203520120144344,1.824657807953487,1e-05
20,2.2214626352728826,1.7579375819016103,1e-05
21,2.2001822779664657,1.7270501691232603,1e-05
22,2.1813966442753148,1.736722547356414,1e-05
23,2.192472112232428,1.698227398272383,1e-05
24,2.1690359583633008,1.8223232970003507,1e-05
25,2.1415623925578373,1.818773130423735,1e-05
26,2.1215284514300095,1.892035394588232,1e-05
27,2.122413190423764,1.7698169739034744,1e-05
28,2.111271614801038,1.6858740835972503,1e-05
29,2.103467025099251,1.8176774800974944,1e-05
30,2.1074756687045366,1.899722432125755,1e-05
31,2.0749403301252998,1.8824466805731936,1e-05
32,2.0666642365925476,1.7913371056836467,1e-05
33,2.0577018479801445,1.7555502444338,1e-05
34,2.0464220769588217,2.0145752911827053,1e-05
35,2.0335609504099668,1.976424353093826,1e-05
36,2.021493846877015,1.9273626471143501,1e-05
37,2.0292145717373957,1.8246996945639173,1e-05
38,2.01381359267527,1.8503387188980327,1e-05
39,2.0000163909446087,2.1197656677976275,1e-05
40,2.006973648323602,1.8927355316785452,1e-05
41,1.9855459277207228,2.064373469886919,1e-05
42,1.9716042124289284,2.1535358537365616,1e-05
43,1.9632774623836649,2.2126139602834205,1e-05
44,1.9515050590242788,2.383718006022408,1e-05
45,1.9486813697260377,2.5053658048023824,1e-05
46,1.9490714602111132,2.4684080447779357,1e-05
47,1.937542411226246,2.330497134008005,1e-05
48,1.9233666618673482,2.4306324328255617,1e-05
49,1.927705344595127,2.56839293489564,1e-05
50,1.9107714657960315,2.8378820608939317,1e-05
51,1.8985826833163704,2.6789622458864373,1e-05
52,1.8979374467510015,2.5638132006747254,1e-05
53,1.8857537431867857,2.499891411063457,1e-05
54,1.8709245675524135,2.701767251961326,1e-05
55,1.8664704185965293,2.7658194000035587,1e-05
56,1.863624014442046,2.7929909123949934,1e-05
57,1.8637447314707607,3.0247644044977426,1e-05
58,1.8578258549466018,3.326826956254359,1e-05
59,1.8445844115536132,2.8727656592042616,1e-05
60,1.8307240950164396,2.9043753018289533,1e-05
61,1.8343621159667316,2.8731744993522814,1e-05
62,1.831956136672787,3.371855595098915,1e-05
63,1.8297419439978233,3.308123408264533,1e-05
64,1.809290922154989,3.0568947025202773,1e-05
65,1.8115655954964671,3.0167074214368523,1e-05
66,1.7923329652637428,3.3471393201477704,1e-05
67,1.8065574054635585,3.541584245274033,1e-05
68,1.793873363643775,3.4771701521643115,1e-05
69,1.7915114317377774,3.230619364401896,1e-05
70,1.7777596778849862,3.3984635664856295,1e-05
71,1.7687190746264712,3.6306584287343604,1e-05
72,1.7683175174991586,3.530562979176602,1e-05
73,1.767545331861533,3.340593059849629,1e-05
74,1.761670598516612,3.6466840732754493,1e-05
75,1.7487912925637348,3.5837134491770652,1e-05
76,1.735586216619749,3.8160544054648526,1e-05
77,1.7287734348389479,3.8888059495374883,1e-05
78,1.7338765693757001,3.9159447792824014,1e-05
79,1.7309728161511158,3.687252482694977,1e-05
80,1.7191500994880202,4.085616435536672,1e-05
81,1.716493198134459,4.0236707025457275,1e-05
82,1.7217055910093733,3.820580039957626,1e-05
83,1.7017099707243621,3.790096317778467,1e-05
84,1.7095004557895015,4.097909559328291,1e-05
85,1.6881545672161042,3.9856334364214194,1e-05
86,1.7082635132216413,3.7875587980220398,1e-05
87,1.6749569525671109,4.029593376874766,1e-05
88,1.6739312228073722,4.090748616079966,1e-05
89,1.6679178668010723,4.020219584899298,1e-05
90,1.688135858301857,3.919634067142657,1e-05
91,1.6576968507784244,4.053860596880002,1e-05
92,1.6536671397928902,4.147974128880745,1e-05
93,1.658495074875707,4.2603658542090646,1e-05
94,1.6340703809289492,4.402607403554707,1e-05
95,1.6510526374402055,3.9845368304629463,1e-05
96,1.642641279069388,4.229677012671676,1e-05
97,1.6246732257999885,3.9374866848656183,1e-05
98,1.629225651792808,4.249122835483107,1e-05
99,1.6319131432334881,4.51136404486491,1e-05
100,1.6193984645568074,4.346683087239923,1e-05
End of training: 2022-07-04 21:07:22

Loss min training: 1.6193984645568074

Loss min val: 1.5377206111658892

Best epoch: 4

Correlação: (0.5910345030213877, 0.0)




--> Fold: 3

Format of train data: frames: 125334 , pressures: 125334 

Format of validation data: frames: 41497 , pressures: 41497 

Option shuffle: True

Begin of training: 2022-07-04 21:07:28

Epoch,train_loss,val_loss,lr
1,44.73330159171871,10.098034332765913,1e-05
2,5.949171438203771,2.2504729037543743,1e-05
3,3.2249564588262998,1.7779635071257476,1e-05
4,2.8512366490246364,1.6474514599578634,1e-05
5,2.7245015173825653,1.632082308220927,1e-05
6,2.6341837288054375,1.6404945064683212,1e-05
7,2.5647741613520916,1.7286478396849216,1e-05
8,2.5214090942813363,1.6126986946557365,1e-05
9,2.469693926066017,1.5794961269089642,1e-05
10,2.4563237090537418,1.6231515464442126,1e-05
11,2.406114036885057,1.511842346206919,1e-05
12,2.3714161321556713,1.6942448283711504,1e-05
13,2.351879139454971,1.633681477545359,1e-05
14,2.3284927508901294,1.6503715557164622,1e-05
15,2.3001307637987454,1.5756818184387908,1e-05
16,2.302917834628788,1.660384260045651,1e-05
17,2.2734881791756965,1.4828220322844143,1e-05
18,2.262822028921656,1.532141509436899,1e-05
19,2.2161814866752394,1.6421951118008409,1e-05
20,2.212948440352659,1.5397846911313589,1e-05
21,2.2011485585669206,1.6832216781090663,1e-05
22,2.182186024348063,1.762830039364782,1e-05
23,2.1642297090211757,1.7179840767237353,1e-05
24,2.1444126118029745,1.543696295529339,1e-05
25,2.1426249474326506,1.6347421650703027,1e-05
26,2.1243166169921337,1.6105254763571197,1e-05
27,2.1157514409362865,1.6648755304427922,1e-05
28,2.1059784618718997,1.7578485886682977,1e-05
29,2.0988727435515995,1.6983093644928196,1e-05
30,2.0877616914057815,1.6279911166699987,1e-05
31,2.0834325783397327,1.835997332557815,1e-05
32,2.0686138872535915,1.7913687737455688,1e-05
33,2.0544615888564386,1.8154838461184968,1e-05
34,2.04952880991027,1.7911868173765768,1e-05
35,2.0374287540486864,1.7837772206903684,1e-05
36,2.020212544375207,1.8276435238374447,1e-05
37,2.020339816064439,1.73668574668943,1e-05
38,2.006257633496577,1.7377301198383566,1e-05
39,2.0222945552472837,1.7505181868208413,1e-05
40,1.9839012315293945,1.7679152155128173,1e-05
41,1.9836212913181976,1.8143071760530198,1e-05
42,1.9612119082035517,1.8359041432948027,1e-05
43,1.9894008233650808,1.8133724897135384,1e-05
44,1.9517608991175939,1.7924784586556397,1e-05
45,1.9593177344428594,1.8333121319864187,1e-05
46,1.9462042021744175,1.7460150514668342,1e-05
47,1.9471831889181213,1.7949933089626684,1e-05
48,1.9178079102326084,1.9511903105268857,1e-05
49,1.9223070805728724,1.8531920788480416,1e-05
50,1.909459525957098,1.8007032519338055,1e-05
51,1.9076808896260236,1.8341807499935499,1e-05
52,1.8898767057030426,1.928696288644117,1e-05
53,1.8990540972412948,1.8918150882937894,1e-05
54,1.8837546223775534,1.9199226624586985,1e-05
55,1.8786069724924523,1.9207858562262647,1e-05
56,1.8814910619912157,1.8335796484565823,1e-05
57,1.8641405604117613,1.955881090791242,1e-05
58,1.8531390858873655,1.9380642926804712,1e-05
59,1.8372145632119998,1.932493960569832,1e-05
60,1.846907008439362,1.9793903458378994,1e-05
61,1.833421069004024,1.9783998142711443,1e-05
62,1.836603949920556,1.911262147951796,1e-05
63,1.8321406735512098,1.9247260785440101,1e-05
64,1.8257464944012312,2.123409512882006,1e-05
65,1.815014405836219,2.0503093920136215,1e-05
66,1.8132288772728433,1.977320283304471,1e-05
67,1.808954273206574,1.9476903188308181,1e-05
68,1.8020097315068893,2.0698968056561267,1e-05
69,1.7902495151261038,2.011949015634101,1e-05
70,1.7809987813198662,2.2348523613981253,1e-05
71,1.7837721613718962,2.0843069537977463,1e-05
72,1.7687023697819806,1.9585008518142604,1e-05
73,1.7727576501274325,2.0335112769658252,1e-05
74,1.7587235384644697,2.0309457280341263,1e-05
75,1.7535817275061836,2.079381668593799,1e-05
76,1.738436584680612,2.054031057122455,1e-05
77,1.7427583986320745,2.260296576533929,1e-05
78,1.7348364003284773,2.100883474021796,1e-05
79,1.7233855542268859,2.1163247801767624,1e-05
80,1.7285069856963713,2.0999221892937965,1e-05
81,1.7162435643149858,2.1591980912545954,1e-05
82,1.7079067464165254,2.1883453963265223,1e-05
83,1.7221582819561114,2.2622249670814893,1e-05
84,1.6900730650663158,2.152863622852201,1e-05
85,1.704040748497365,2.095028745383186,1e-05
86,1.6904861592728282,2.3014440635722795,1e-05
87,1.6851712683362003,2.154144490923161,1e-05
88,1.6814636546427486,2.2764438993399883,1e-05
89,1.6794051560153815,2.2236282738598896,1e-05
90,1.6673391724636448,2.2585287998879586,1e-05
91,1.6608660223344527,2.3078767859016778,1e-05
92,1.6645550158172706,2.2749168950109437,1e-05
93,1.656653143102305,2.245143458383998,1e-05
94,1.6544551787427462,2.3331195564704603,1e-05
95,1.650349109782345,2.4004047074961306,1e-05
96,1.6436323685299616,2.36815780023898,1e-05
97,1.632123294975511,2.3343476879368903,1e-05
98,1.632645260378977,2.37037053242831,1e-05
99,1.6361183932006091,2.439082606073132,1e-05
100,1.6280594475830448,2.390655068732757,1e-05
End of training: 2022-07-04 21:50:01

Loss min training: 1.6280594475830448

Loss min val: 1.4828220322844143

Best epoch: 17

Correlação: (0.40356219773726976, 0.0)




--> Fold: 4

Format of train data: frames: 127998 , pressures: 127998 

Format of validation data: frames: 38833 , pressures: 38833 

Option shuffle: True

Begin of training: 2022-07-04 21:50:09

Epoch,train_loss,val_loss,lr
1,47.67656232695309,12.257892272905407,1e-05
2,6.0748747231004785,2.343020994172747,1e-05
3,3.1441244722934463,1.7509881113392893,1e-05
4,2.8129297146586847,2.0021876637469584,1e-05
5,2.673318872802114,2.104897912481279,1e-05
6,2.5786563621002965,2.1234472887412816,1e-05
7,2.5450011506099477,2.127975231158424,1e-05
8,2.4718968554730285,2.288957561541742,1e-05
9,2.4246893828376277,2.017240551465804,1e-05
10,2.38381371651555,2.1030111066684123,1e-05
11,2.355963407064759,2.3043018954581096,1e-05
12,2.3403948298875115,2.026247473192587,1e-05
13,2.296809133297708,2.099966594877752,1e-05
14,2.268152718789954,2.079448654186691,1e-05
15,2.252364052387157,2.0850838629096087,1e-05
16,2.2448565756526393,2.0562279849190817,1e-05
17,2.2299524710460346,2.1788370340216052,1e-05
18,2.207398363168479,2.0966084667506206,1e-05
19,2.194261135988905,2.167155467198836,1e-05
20,2.197030047390297,2.0607861250019632,1e-05
21,2.1748865831326514,2.174462230176127,1e-05
22,2.1590028353640003,2.231930869001322,1e-05
23,2.1429213453850546,2.183845441917846,1e-05
24,2.130616683380967,2.0759276811877583,1e-05
25,2.111951018834882,2.078239775709644,1e-05
26,2.0846836139180533,2.080630133113206,1e-05
27,2.093277185689185,2.1198430161968163,1e-05
28,2.096054314073152,2.319509474318153,1e-05
29,2.0749485238376755,2.1793522526662663,1e-05
30,2.0736394801898537,2.1518722325114474,1e-05
31,2.059350978817969,2.1675598922699333,1e-05
32,2.050105043622795,2.201754261051031,1e-05
33,2.032247172385246,2.2394877804472837,1e-05
34,2.0123998434886827,2.0622585903737773,1e-05
35,2.0095531880668362,2.1721215937092353,1e-05
36,2.004847008745477,2.277209701359547,1e-05
37,2.02104812125757,2.2615555752942402,1e-05
38,1.983865920336042,2.260584650236631,1e-05
39,1.9827459192467485,2.189588215012629,1e-05
40,1.98045087921636,2.2269899137474503,1e-05
41,1.96113753055777,2.1789482447156345,1e-05
42,1.9433923294142665,2.247168491665986,1e-05
43,1.9503202699892583,2.20283889678414,1e-05
44,1.9435241977472482,2.3600636551910803,1e-05
45,1.9328447464199785,2.2433587140851325,1e-05
46,1.9282925566553457,2.1836257329716626,1e-05
47,1.912515255122947,2.2043786989228296,1e-05
48,1.9100881849323006,2.1122391638360285,1e-05
49,1.8996304756280127,2.310530743545401,1e-05
50,1.8947750956500424,2.1573901324447378,1e-05
51,1.8821124319478935,2.3056962195228126,1e-05
52,1.8815147846694567,2.237721059620925,1e-05
53,1.8733911959833909,2.1693420368775436,1e-05
54,1.8581531149821087,2.2097508754565194,1e-05
55,1.8619924038879112,2.288450511764836,1e-05
56,1.8464108470823675,2.1569084747161846,1e-05
57,1.852849328791168,2.3468461821812503,1e-05
58,1.8239363027786109,2.3971473679763444,1e-05
59,1.8395754418508488,2.246047498226178,1e-05
60,1.8310324357698466,2.3713591397660494,1e-05
61,1.802166034185163,2.2516508328046814,1e-05
62,1.825539612971622,2.2479314612153662,1e-05
63,1.8020575511704948,2.4807738541230613,1e-05
64,1.7902813266166648,2.478429344635898,1e-05
65,1.7902661656682928,2.3650078304587585,1e-05
66,1.790849679557511,2.353601319843976,1e-05
67,1.791709352311504,2.3679973050874064,1e-05
68,1.7591794132674106,2.3596734419559846,1e-05
69,1.7570949240448634,2.2888068601374334,1e-05
70,1.7540943104896056,2.3924028014054923,1e-05
71,1.7577099804543028,2.477690943368074,1e-05
72,1.7529308529808685,2.3458939352696877,1e-05
73,1.748922458909322,2.4003076755030155,1e-05
74,1.7455727951431905,2.45874352225887,1e-05
75,1.7364879906159825,2.5204294231750657,1e-05
76,1.731199425768764,2.4525711295121706,1e-05
77,1.707663622086349,2.368661568884569,1e-05
78,1.714476755666413,2.365576852707301,1e-05
79,1.714655604855575,2.4554629656913227,1e-05
80,1.7238251409779641,2.3974473297594443,1e-05
81,1.6991484415330176,2.5591742673265396,1e-05
82,1.685017476346497,2.535359879064114,1e-05
83,1.693798747196274,2.4610175461876302,1e-05
84,1.6710979564631103,2.3961449103870764,1e-05
85,1.6824566239586014,2.4636243198078365,1e-05
86,1.675856622664764,2.4742457468455092,1e-05
87,1.6632655542301653,2.4030099644206744,1e-05
88,1.6656334635470014,2.4960820294180457,1e-05
89,1.664438387073892,2.5659033320852807,1e-05
90,1.6409145664462064,2.5276025653244605,1e-05
91,1.641917746224145,2.7291736204876575,1e-05
92,1.6423094736363535,2.5626962437427214,1e-05
93,1.6319301155358974,2.589941496797856,1e-05
94,1.6229486554955599,2.7813235396652214,1e-05
95,1.6158651581786438,2.5009753746311403,1e-05
96,1.6115353581931404,2.607856460159495,1e-05
97,1.6117619426252805,2.7366563938428596,1e-05
98,1.6111073573419203,2.838876211059651,1e-05
99,1.595887405363574,2.417224456868373,1e-05
100,1.5818629044141896,2.7367529280907164,1e-05
End of training: 2022-07-04 22:33:05

Loss min training: 1.5818629044141896

Loss min val: 1.7509881113392893

Best epoch: 3

Correlação: (0.33595080036523206, 0.0)




--> Fold: 5

Format of train data: frames: 123787 , pressures: 123787 

Format of validation data: frames: 43044 , pressures: 43044 

Option shuffle: True

Begin of training: 2022-07-04 22:33:11

Epoch,train_loss,val_loss,lr
1,41.80113447914246,10.300073229992947,1e-05
2,5.468595988880254,2.6050028414124062,1e-05
3,3.070266791714436,3.6855696459350926,1e-05
4,2.687291633764324,4.221000579971882,1e-05
5,2.5406457697734535,4.408856073284158,1e-05
6,2.468895982890707,4.411550543186623,1e-05
7,2.4059995220174497,3.9205551985393345,1e-05
8,2.3638105903723083,3.836091503989751,1e-05
9,2.32890289869017,3.886958038017061,1e-05
10,2.2876867277734108,4.019182876432355,1e-05
11,2.264267144597292,3.8002903429551944,1e-05
12,2.2548116919722534,3.983960666030371,1e-05
13,2.208934518808586,3.7765110942602003,1e-05
14,2.1928622662359976,3.758506465917537,1e-05
15,2.1937572900836777,3.47414029535225,1e-05
16,2.1644974682983182,3.8806605498793623,1e-05
17,2.1378032551494974,3.6927455591785456,1e-05
18,2.127717299499577,3.8460587652938627,1e-05
19,2.1331247934205004,3.8263095654183723,1e-05
20,2.1095557783803827,3.9023132226622446,1e-05
21,2.1029138571573487,3.6710837358613517,1e-05
22,2.0823612815580477,4.302202637316779,1e-05
23,2.0857094480884526,4.298577694952261,1e-05
24,2.0615325910384614,3.8397206608751273,1e-05
25,2.0405992836301095,4.04879127338843,1e-05
26,2.0283848565697995,4.005604601517872,1e-05
27,2.0225097716138256,3.941548235852217,1e-05
28,2.0192388446339096,4.1788464387036335,1e-05
29,2.0139719742434417,4.192491947812514,1e-05
30,1.9929463519883022,4.225957394194596,1e-05
31,1.9822009479147173,3.8781824780046668,1e-05
32,1.9750915286313462,3.855812098543259,1e-05
33,1.9648839711682622,4.127869935120341,1e-05
34,1.9568442916348545,4.276021246284858,1e-05
35,1.950855842218283,4.44406306009157,1e-05
36,1.9520589758294797,4.03905731975207,1e-05
37,1.9219792382179595,4.079520784958889,1e-05
38,1.9284679901552986,4.451540443912978,1e-05
39,1.9207599530485864,3.9948577847625675,1e-05
40,1.927202961879504,4.334692448889962,1e-05
41,1.9063977781246146,4.070328352475918,1e-05
42,1.8986219495261158,4.123985227737802,1e-05
43,1.885750161904919,4.003340635874848,1e-05
44,1.8805852047670197,4.483371077123578,1e-05
45,1.8794180595314405,4.18497234456059,1e-05
46,1.8644684141628889,4.264866688650078,1e-05
47,1.8586565394417998,4.088788989595892,1e-05
48,1.8584676438224155,3.9597358848069106,1e-05
49,1.8513600853170191,4.134072920057745,1e-05
50,1.8542667429963757,3.847930276674161,1e-05
51,1.8271119669285023,4.216047629737552,1e-05
52,1.8401161113535685,4.511289353242606,1e-05
53,1.8145986311806674,4.148476716477503,1e-05
54,1.8298611158322604,3.9330369106800003,1e-05
55,1.8005080076829731,4.554292912709648,1e-05
56,1.8092793622197145,4.195405540673687,1e-05
57,1.7909948275104615,3.8617397422141804,1e-05
58,1.7732831939372473,4.533612803936049,1e-05
59,1.7737637191282114,4.038996940474009,1e-05
60,1.7731460991604682,4.075318950468385,1e-05
61,1.7682116190159731,4.2479178419610335,1e-05
62,1.7618964412693554,4.450102521743753,1e-05
63,1.759202469528418,3.9252779779353557,1e-05
64,1.7683079113680953,4.280432069936369,1e-05
65,1.7459068755292577,4.05279150134114,1e-05
66,1.7331583499426937,4.49579429050414,1e-05
67,1.736697676349609,4.827202214814508,1e-05
68,1.7271256412564517,4.099967546173215,1e-05
69,1.720688793409923,4.407923873721994,1e-05
70,1.7033758901895468,4.783935715524961,1e-05
71,1.7198520547056853,4.793230510735066,1e-05
72,1.712672792231056,4.528941588910935,1e-05
73,1.7012240107316585,4.150713500696513,1e-05
74,1.694274644031115,4.92579952126907,1e-05
75,1.700926147341084,4.108980522895987,1e-05
76,1.6783009811359364,4.027675577637298,1e-05
77,1.6752619903593606,4.534231316167043,1e-05
78,1.667480207758245,4.974389588120546,1e-05
79,1.6597885015321177,4.362751353508189,1e-05
80,1.6678197092355365,4.44350790117833,1e-05
81,1.650913177664487,4.434503133008277,1e-05
82,1.6637955863974239,4.561771254725155,1e-05
83,1.6377307497939928,4.479171430562777,1e-05
84,1.6411600159091821,4.646923284793851,1e-05
85,1.6329261487882403,4.765766849461103,1e-05
86,1.6433611874096485,4.529762951883061,1e-05
87,1.614819591587579,5.087744768839456,1e-05
88,1.6227644786812991,5.189959305921969,1e-05
89,1.607041974717803,4.839815329645726,1e-05
90,1.5959583138339433,4.937165290092339,1e-05
91,1.60443414288126,4.719065820314485,1e-05
92,1.6047125906198783,4.5484348279749,1e-05
93,1.595785794962316,4.575221870570541,1e-05
94,1.5982934580574821,5.039119832877521,1e-05
95,1.5862903313528267,5.189950208040919,1e-05
96,1.5864281755638667,4.803020947153002,1e-05
97,1.5675441766180633,4.727164659189055,1e-05
98,1.564295717021963,5.384402988502255,1e-05
99,1.5614921375032347,5.301204120361742,1e-05
100,1.5653353775253567,5.046431191602767,1e-05
End of training: 2022-07-04 23:15:35

Loss min training: 1.5614921375032347

Loss min val: 2.6050028414124062

Best epoch: 2

Correlação: (0.06883289739052326, 2.273402239258159e-46)




--> Fold: 6

Format of train data: frames: 125799 , pressures: 125799 

Format of validation data: frames: 41032 , pressures: 41032 

Option shuffle: True

Begin of training: 2022-07-04 23:15:43

Epoch,train_loss,val_loss,lr
1,39.90486445075299,11.801780237326916,1e-05
2,5.217373561944037,2.7264228230169767,1e-05
3,3.1426002354969436,2.191935111217086,1e-05
4,2.817841392165001,1.9952739355833262,1e-05
5,2.685808505961474,2.092480887607144,1e-05
6,2.58391792274484,2.0395855221234234,1e-05
7,2.5311163320627728,2.0512449706965055,1e-05
8,2.486860314154024,1.9907393426685032,1e-05
9,2.4472948412154962,2.293791465485949,1e-05
10,2.413569621995674,2.0998453335074982,1e-05
11,2.4052022348590314,2.141254567988413,1e-05
12,2.3729929415955775,2.480396963788139,1e-05
13,2.355922042956315,2.264492137875095,1e-05
14,2.3187154684585383,2.6141956355469946,1e-05
15,2.305668004043402,2.697045123374911,1e-05
16,2.288520576416608,2.73739639632905,1e-05
17,2.281841498582418,2.394557621539929,1e-05
18,2.24495449447976,2.4875052643696174,1e-05
19,2.2408085502089783,2.599741155814418,1e-05
20,2.2280060873233345,2.7253755481881363,1e-05
21,2.22333740251235,2.652289900683966,1e-05
22,2.1995650756332474,2.6681277261976843,1e-05
23,2.1788284760002723,2.6966267243582593,1e-05
24,2.170319973807925,2.6134434792702135,1e-05
25,2.172458828505261,2.512804271185182,1e-05
26,2.137039884310714,2.5405766825435174,1e-05
27,2.139344944120129,2.3672287177565408,1e-05
28,2.127952544186695,2.60815163871005,1e-05
29,2.1131021115105915,2.591647073338896,1e-05
30,2.1035800479889475,2.657405580454436,1e-05
31,2.0871156713629166,2.6355949425283614,1e-05
32,2.0891586869180623,2.7456095326502297,1e-05
33,2.0752022970410624,2.743566115619751,1e-05
34,2.0697126668243744,2.4462913376101048,1e-05
35,2.0485449047044804,2.604676401482662,1e-05
36,2.0351354976705953,2.7296766829458123,1e-05
37,2.044220440573402,2.80030876592159,1e-05
38,2.02488699252278,2.7367396414872616,1e-05
39,2.0243565659186453,2.6928314240407842,1e-05
40,2.018301907267523,2.5959157790327008,1e-05
41,2.0161099156408198,2.937809427989856,1e-05
42,2.010446570567927,2.863608924285969,1e-05
43,1.9923300338053553,3.220467991242285,1e-05
44,1.97958132020307,3.0119716840823227,1e-05
45,1.973317376068104,3.117394753798427,1e-05
46,1.966338410383302,2.8847594561458774,1e-05
47,1.9489601755852166,3.088247169735232,1e-05
48,1.9581726252374565,3.0472729268374326,1e-05
49,1.9475518068454862,3.042161470501714,1e-05
50,1.935591340573873,3.119878961645295,1e-05
51,1.9231721638376638,3.013014847224952,1e-05
52,1.9214754051187604,3.407163598472832,1e-05
53,1.9087481967002227,2.7867873190996777,1e-05
54,1.9003693297267172,3.2705060361444565,1e-05
55,1.8939267896235832,2.919241582099214,1e-05
56,1.8898160157576542,3.2678563230845126,1e-05
57,1.8783428613540227,3.5777849114459492,1e-05
58,1.8849093412192894,3.5756059752776856,1e-05
59,1.8572860218026688,3.837071889138031,1e-05
60,1.8701048531209454,3.2363396562965647,1e-05
61,1.8569247038341914,3.399852553267394,1e-05
62,1.8644756677888938,3.6348884864772915,1e-05
63,1.8435995260347555,3.167553639872122,1e-05
64,1.8422651335033562,3.785472425110137,1e-05
65,1.8273954434941952,3.4119630810995507,1e-05
66,1.8220161735456675,4.077811128471674,1e-05
67,1.8266741841843614,3.8974075813836393,1e-05
68,1.8117783601654982,3.6024098563645173,1e-05
69,1.7988852542299862,3.9021791197631206,1e-05
70,1.8064998728968247,3.719636463891184,1e-05
71,1.8056081737482408,4.108789198113641,1e-05
72,1.7731627025208447,4.260120918142282,1e-05
73,1.7806340735025303,3.8238162667134463,1e-05
74,1.7666201927895786,3.9611945637580037,1e-05
75,1.76375862330217,4.212669918843472,1e-05
76,1.7664571552801818,3.8194054074398047,1e-05
77,1.753022722678112,4.128025089423079,1e-05
78,1.748457183257873,4.373465756687604,1e-05
79,1.7369022807269174,3.921657913445636,1e-05
80,1.7437734081346787,4.068641176347404,1e-05
81,1.7302259450764315,4.429103590680229,1e-05
82,1.7204153012429202,4.011721274568733,1e-05
83,1.7124475066099463,4.121361228126976,1e-05
84,1.7154301071401243,4.487603156230538,1e-05
85,1.6997883167610566,4.308032957706612,1e-05
86,1.6970963517073347,4.74476188227177,1e-05
87,1.6967841603401372,4.291138134357826,1e-05
88,1.7058769409360433,4.078897182879612,1e-05
89,1.6758145721126685,4.248119434759059,1e-05
90,1.686136114341843,4.183633081302654,1e-05
91,1.666770395373571,4.081632477471554,1e-05
92,1.6863002863844483,4.49406302614411,1e-05
93,1.6739369642649338,4.28781671774134,1e-05
94,1.6605214421765737,4.244437148078744,1e-05
95,1.6587486883912796,4.527064641797071,1e-05
96,1.6581184659482076,4.314734620549661,1e-05
97,1.656278797814097,4.587569752360534,1e-05
98,1.6365135270598443,4.427560689877432,1e-05
99,1.6436691292679813,4.974322530906738,1e-05
100,1.6328147257233563,4.33048751066479,1e-05
End of training: 2022-07-04 23:58:21

Loss min training: 1.6328147257233563

Loss min val: 1.9907393426685032

Best epoch: 8

Correlação: (0.1686469404772296, 1.9543807341755043e-259)




--> Fold: 7

Format of train data: frames: 121714 , pressures: 121714 

Format of validation data: frames: 45117 , pressures: 45117 

Option shuffle: True

Begin of training: 2022-07-04 23:58:28

Epoch,train_loss,val_loss,lr
1,45.841756361463304,11.307415831524194,1e-05
2,6.4856085288042165,2.240957568564107,1e-05
3,3.262178580045234,1.7979412057957418,1e-05
4,2.8245158479136028,1.7960392551319388,1e-05
5,2.711753203842735,1.8149241931282503,1e-05
6,2.642058171743607,1.7407549718137216,1e-05
7,2.581380156499744,1.7862430942273375,1e-05
8,2.546554505669315,1.7956603977684804,1e-05
9,2.4992396071089718,1.7470286550057241,1e-05
10,2.466595674400656,1.7103240843991516,1e-05
11,2.443502933105743,1.7006331199946194,1e-05
12,2.416632462835203,1.670051138486164,1e-05
13,2.3690232957724033,1.6414659794207056,1e-05
14,2.3455444710476057,1.6614463066255212,1e-05
15,2.326977190277239,1.6823575165338502,1e-05
16,2.3201888101241996,1.671923083236175,1e-05
17,2.291926189461048,1.6459143928943867,1e-05
18,2.2905105834022383,1.6799905348308153,1e-05
19,2.2690853542077023,1.6517401344876506,1e-05
20,2.2503113694616204,1.6765337154729296,1e-05
21,2.223590165830625,1.8121822387357234,1e-05
22,2.2198212541348306,1.6803613614034079,1e-05
23,2.200039643381166,1.6619939846722669,1e-05
24,2.199313330317718,1.720648479912962,1e-05
25,2.1778684309459466,1.6786383717084978,1e-05
26,2.15892207597259,1.7682372062746392,1e-05
27,2.170280681523887,1.7573754588485486,1e-05
28,2.148201078304313,1.7398376599174497,1e-05
29,2.154320762013152,1.7234102497234631,1e-05
30,2.12240392057339,1.7047910112558582,1e-05
31,2.117019369883611,1.7198054026391623,1e-05
32,2.112414694228867,1.7130067428011213,1e-05
33,2.0998247708426034,1.8253232571192872,1e-05
34,2.097887140102187,1.6832686507469623,1e-05
35,2.066813334932595,1.7789590023858466,1e-05
36,2.0777513784589443,1.7278082391710905,1e-05
37,2.070491500543475,1.807119705922918,1e-05
38,2.0483775438753797,1.7710684543330557,1e-05
39,2.048782935925192,1.8690351204904154,1e-05
40,2.0274009159678985,1.827908217461737,1e-05
41,2.024774361855942,1.8476915350037904,1e-05
42,2.0129600980203985,1.763797682692962,1e-05
43,2.005730464449964,1.778886050919252,1e-05
44,2.0000917781129384,1.8066967017135318,1e-05
45,1.9947133330182916,1.8483078165870452,1e-05
46,2.005792867797109,1.8894838317662295,1e-05
47,1.969274451683782,1.8956890608805315,1e-05
48,1.9601607428470376,1.959447573980816,1e-05
49,1.9664124250588284,1.8088745303216032,1e-05
50,1.9527484749653472,1.8532115786618357,1e-05
51,1.9390363481839001,1.8216130616756465,1e-05
52,1.946301585600704,1.8803501407588117,1e-05
53,1.939858784429881,1.8897810408966385,1e-05
54,1.9262330533014218,1.9309682110183102,1e-05
55,1.9029922026375132,1.9225140116772104,1e-05
56,1.9197330634420842,1.9441993267112299,1e-05
57,1.8963262792139537,2.0109005653152976,1e-05
58,1.9010922168732192,2.0333775936728884,1e-05
59,1.89395290299074,1.839314298784648,1e-05
60,1.8834368141207132,1.9020685368608143,1e-05
61,1.8819877032976486,1.969232227610081,1e-05
62,1.8838828991959797,2.013600677109796,1e-05
63,1.8593296796513905,2.040562751516873,1e-05
64,1.8593739325854828,2.0486026990735224,1e-05
65,1.8425384521844803,2.0571316508855566,1e-05
66,1.844233891557969,1.8820030159869616,1e-05
67,1.8371744797786744,2.004956572284158,1e-05
68,1.822706873910098,2.034496413257593,1e-05
69,1.8393612104685555,2.0834734293576247,1e-05
70,1.8188280838728832,2.1924374746346773,1e-05
71,1.8190213672580835,1.969655924560801,1e-05
72,1.8036708185917498,2.0443883212710756,1e-05
73,1.8047019112605138,1.9598183375442562,1e-05
74,1.8056432669382572,2.0685029820135847,1e-05
75,1.783836913917436,2.168788173603119,1e-05
76,1.7930345285006783,2.0610113111395103,1e-05
77,1.781811725420038,2.087722937815615,1e-05
78,1.7774785621610847,2.003405026719775,1e-05
79,1.7656936710012503,1.9951257869717838,1e-05
80,1.7673906094398313,2.0311015620627857,1e-05
81,1.7515272216145599,2.0822148839614174,1e-05
82,1.7463533741520842,2.0930505449695733,1e-05
83,1.746094632305842,2.1483923620209247,1e-05
84,1.7419076328267245,2.191637140281404,1e-05
85,1.7414942387713241,2.1313814698987934,1e-05
86,1.729766354505691,2.163015894479018,1e-05
87,1.717220093321412,2.0715247023350556,1e-05
88,1.7141524268620343,2.008063388382852,1e-05
89,1.7217233062293889,2.1253350542499354,1e-05
90,1.695543067228105,2.0319544146013753,1e-05
91,1.7089170459254814,2.104999460945617,1e-05
92,1.6966829224237077,2.227475968656365,1e-05
93,1.692799397202603,2.074394383143958,1e-05
94,1.6857195915369505,2.2572936098327805,1e-05
95,1.6851609494195359,2.2814957883855427,1e-05
96,1.6739191689661221,2.1491128404710613,1e-05
97,1.6780809872795703,2.153928890650922,1e-05
98,1.6637202089136907,2.1109581498740178,1e-05
99,1.6496185712516431,2.262599431456706,1e-05
100,1.664286026704781,2.1335774857405454,1e-05
End of training: 2022-07-05 00:40:39

Loss min training: 1.6496185712516431

Loss min val: 1.6414659794207056

Best epoch: 13

Correlação: (0.46462747558195183, 0.0)




--> Fold: 8

Format of train data: frames: 132010 , pressures: 132010 

Format of validation data: frames: 46835 , pressures: 46835 

Option shuffle: True

Begin of training: 2022-07-05 00:40:46

Epoch,train_loss,val_loss,lr
1,40.328188496995594,8.735260083976494,1e-05
2,5.239938650771656,2.322659042831723,1e-05
3,3.2016491884101965,1.7657812579535643,1e-05
4,2.7949056814858504,1.68416705544379,1e-05
5,2.661468677699191,1.6908839502621704,1e-05
6,2.5721648475851273,1.6752761497331605,1e-05
7,2.5210234457774106,1.7069977815929822,1e-05
8,2.4748571139629587,1.7253438916903263,1e-05
9,2.4426723698650052,1.6800766925540946,1e-05
10,2.396276525206371,1.7535533699292414,1e-05
11,2.3563305730305335,1.663338476486263,1e-05
12,2.332395376406712,1.7346385485845708,1e-05
13,2.316393119923482,1.7161913892280283,1e-05
14,2.304278455222342,1.7883635653901713,1e-05
15,2.2539442302421966,1.8187601759961387,1e-05
16,2.244302853274802,1.7955988680653323,1e-05
17,2.223390790609038,1.8764809139410943,1e-05
18,2.1944241846919863,1.7648660217365384,1e-05
19,2.193004871031505,1.8829693116410713,1e-05
20,2.1773442079096017,1.8097469211426465,1e-05
21,2.1661159810564046,1.9425138753697753,1e-05
22,2.1558478219122086,1.8942188148833496,1e-05
23,2.1284241517866462,1.9569186886512215,1e-05
24,2.1385788380761066,1.994628129657539,1e-05
25,2.1169754934820224,1.8428478688812948,1e-05
26,2.096709367126039,1.943919825235731,1e-05
27,2.0800866062808567,1.9322316265645805,1e-05
28,2.0859189668845683,2.0591051934253346,1e-05
29,2.071871331749283,1.9415349581382364,1e-05
30,2.055295732631601,2.2253952807113584,1e-05
31,2.0397265315245483,2.08280687329608,1e-05
32,2.045491456302781,2.0360127809246995,1e-05
33,2.0214736908857103,2.1159428494938974,1e-05
34,2.0126715198392877,2.078711905814902,1e-05
35,2.005775720919093,2.0910898696196503,1e-05
36,1.981349685316546,2.1312658689950337,1e-05
37,1.9960845368873459,2.1527356449511843,1e-05
38,1.9776765900997941,2.109710695461796,1e-05
39,1.981358461108734,2.1828819898603515,1e-05
40,1.9651457799328935,2.0965864855973075,1e-05
41,1.9446915889434693,2.106991648528929,1e-05
42,1.9330174694512072,2.2279584511807498,1e-05
43,1.9524436824584168,2.1789197411419576,1e-05
44,1.9381369199674063,2.2021556033031326,1e-05
45,1.9423147754229955,2.2786643467451397,1e-05
46,1.9201286608355939,2.1286544498949813,1e-05
47,1.908588009606292,2.4465041593234185,1e-05
48,1.9041809579764575,2.2156448533291417,1e-05
49,1.8997083632912242,2.297052308585838,1e-05
50,1.8949277361742738,2.2488900927758158,1e-05
51,1.8748622438346119,2.202339084859565,1e-05
52,1.8739227026044019,2.301758136769121,1e-05
53,1.8772429642411093,2.2432871555256284,1e-05
54,1.8577159465348103,2.367650629543273,1e-05
55,1.849170091915976,2.3014357664929492,1e-05
56,1.84849958800157,2.1367247794880178,1e-05
57,1.8442366556817498,2.2738822939429757,1e-05
58,1.8466548693612637,2.4358494812286406,1e-05
59,1.841514518979589,2.2200409387414606,1e-05
60,1.8250325067234205,2.2363580272713657,1e-05
61,1.813667390097471,2.2176077941368364,1e-05
62,1.8189298409998809,2.2643292206945143,1e-05
63,1.8135446474124297,2.400750196966377,1e-05
64,1.8086066696808363,2.194817677195278,1e-05
65,1.7947394988815148,2.3561014017300788,1e-05
66,1.7998576150844607,2.1850823091165075,1e-05
67,1.7875398134916138,2.214743563280526,1e-05
68,1.785560464779542,2.449368345942354,1e-05
69,1.7581723387481027,2.4335630554316507,1e-05
70,1.7565292931498835,2.3389904932900936,1e-05
71,1.7615768731105472,2.2814801600517223,1e-05
72,1.7616853061855475,2.3306511843231226,1e-05
73,1.747735712907683,2.2171123994736863,1e-05
74,1.7303384563411044,2.3758179547476947,1e-05
75,1.7424500486596264,2.272402560689272,1e-05
76,1.7380052366813705,2.3870941738315183,1e-05
77,1.7294309109325219,2.5509778439992266,1e-05
78,1.7286067813754524,2.2580717998061552,1e-05
79,1.7191407950644546,2.25349948322479,1e-05
80,1.6985897478556309,2.5066334302974917,1e-05
81,1.6958773587727292,2.353975259757569,1e-05
82,1.6884872779170002,2.298554195308553,1e-05
83,1.6877878337924692,2.48316956662923,1e-05
84,1.6957713525156732,2.4113807131491463,1e-05
85,1.6801788153264408,2.301583811688782,1e-05
86,1.6673605770534137,2.4209567273580697,1e-05
87,1.6714597820540322,2.2873630917567356,1e-05
88,1.6654638157966561,2.4666889197546147,1e-05
89,1.6623841284784473,2.463857283749524,1e-05
90,1.6618693671382907,2.47870981455791,1e-05
91,1.6571441222750665,2.4786389985333463,1e-05
92,1.630103205449743,2.3426274821357893,1e-05
93,1.638596356379228,2.417132515208347,1e-05
94,1.6391080674217755,2.394385649201658,1e-05
95,1.6344098561749785,2.497846796551547,1e-05
96,1.6316753854806492,2.624261626856704,1e-05
97,1.6170338211389357,2.4391619396627147,1e-05
98,1.617523214828064,2.262681015822935,1e-05
99,1.6067778941582807,2.4132170703834386,1e-05
100,1.6008054877851834,2.3773028642451406,1e-05
End of training: 2022-07-05 01:26:18

Loss min training: 1.6008054877851834

Loss min val: 1.663338476486263

Best epoch: 11

Correlação: (0.5369138194938508, 0.0)




--> Fold: 9

Format of train data: frames: 131637 , pressures: 131637 

Format of validation data: frames: 47208 , pressures: 47208 

Option shuffle: True

Begin of training: 2022-07-05 01:26:27

Epoch,train_loss,val_loss,lr
1,38.79391337877308,11.841731524148283,1e-05
2,4.840950623886697,2.6197503848997865,1e-05
3,3.0650390943619534,1.814633888787,1e-05
4,2.7768292680519813,1.565970177146221,1e-05
5,2.6546543316032722,1.5746023364439594,1e-05
6,2.581425300069156,1.5631689373021853,1e-05
7,2.5206370221274152,1.5501332710484612,1e-05
8,2.4550886339476845,1.4941955552103559,1e-05
9,2.4060914299143343,1.5339816404467739,1e-05
10,2.3798869327762886,1.4751513727114092,1e-05
11,2.3479964189732923,1.4588195718641788,1e-05
12,2.337061784352859,1.3795563063769396,1e-05
13,2.294722745865494,1.4142872851049673,1e-05
14,2.2735552091218234,1.4341531480657632,1e-05
15,2.257197652797342,1.368781987296749,1e-05
16,2.2254873494931604,1.4008190795902962,1e-05
17,2.2272647432686625,1.3414454485395968,1e-05
18,2.1962172439947314,1.4866283656459525,1e-05
19,2.182369329450892,1.4860495447284225,1e-05
20,2.183101855568478,1.454503452509182,1e-05
21,2.1522261906086015,1.4213353625759595,1e-05
22,2.1597249063240733,1.4238998888306973,1e-05
23,2.1388466379529594,1.4797134265881882,1e-05
24,2.1243086906140403,1.4481791533407287,1e-05
25,2.1276197617813795,1.4412608751097566,1e-05
26,2.1144967091034896,1.3768263178757745,1e-05
27,2.095706238374952,1.4064123260027432,1e-05
28,2.080162772468562,1.3797635845164489,1e-05
29,2.06440139563765,1.4374857385003794,1e-05
30,2.0573590297019853,1.5172669546944755,1e-05
31,2.0616383904527344,1.3657503041791181,1e-05
32,2.0279904594947498,1.4404884549121375,1e-05
33,2.034229747653374,1.4754177544343636,1e-05
34,2.028485695121671,1.4118136345905847,1e-05
35,2.025690290237953,1.5407769639216082,1e-05
36,2.0165784713969965,1.5178249283900322,1e-05
37,2.0038197327123095,1.5016624961307827,1e-05
38,1.9975030759615808,1.460407734583887,1e-05
39,1.9761185261108485,1.3936425261407803,1e-05
40,1.9565072194917594,1.5073970678478474,1e-05
41,1.968913068158241,1.544078867509393,1e-05
42,1.9602669287650885,1.4968457920352112,1e-05
43,1.9410780766777918,1.498390227561279,1e-05
44,1.9437709682657194,1.4451564913623476,1e-05
45,1.9420992590617352,1.5711415938615112,1e-05
46,1.9292408705284745,1.459001072785184,1e-05
47,1.911172231730283,1.5305972207180425,1e-05
48,1.916187258577119,1.5297363570051221,1e-05
49,1.899691691069855,1.5535861727060494,1e-05
50,1.8954207290485552,1.5995856907646084,1e-05
51,1.885452160703086,1.5131996954887363,1e-05
52,1.8754999097889604,1.6923512289471958,1e-05
53,1.8770009055850843,1.699972041167156,1e-05
54,1.855984223265944,1.6270343920999089,1e-05
55,1.847076996383575,1.7785023324995843,1e-05
56,1.8476036190800986,1.6829482591307743,1e-05
57,1.8429860930903683,1.7816776409328559,1e-05
58,1.8314182870262352,1.76639575854012,1e-05
59,1.8300690217016933,1.7940756576866481,1e-05
60,1.8165818072369113,1.7878421582401536,1e-05
61,1.8083255119230708,1.6855323055885016,1e-05
62,1.8070413448203524,1.827823025637654,1e-05
63,1.814611496122783,1.7792266176183675,1e-05
64,1.7921278978285748,1.664967450807103,1e-05
65,1.807448525159884,1.849272363702234,1e-05
66,1.77698713120248,1.9523232942151933,1e-05
67,1.7814776011454467,1.7810078608426092,1e-05
68,1.7615202405179837,1.898280188827631,1e-05
69,1.7623566665814376,1.952811781955238,1e-05
70,1.7528964475648392,2.0460643515791292,1e-05
71,1.7514596870736523,2.24530400621388,1e-05
72,1.7433746909329446,2.088851381208791,1e-05
73,1.7433712836140034,1.8939489187416112,1e-05
74,1.7303891009539376,1.906346024365531,1e-05
75,1.726246215643005,1.9931965187795484,1e-05
76,1.7257086718742694,1.7774989340107756,1e-05
77,1.718977410476873,1.9799239072652615,1e-05
78,1.7043986074292565,2.1878595258841735,1e-05
79,1.6951018825274238,1.8873011314794181,1e-05
80,1.6905638910681446,1.8194819873035044,1e-05
81,1.7000737439890867,2.1236861756122267,1e-05
82,1.6906226891935277,1.8879916175626694,1e-05
83,1.6794390487534336,2.0110207325602927,1e-05
84,1.6674147478093553,1.8766710044892838,1e-05
85,1.659452154851968,1.8680642713350555,1e-05
86,1.665374209191185,1.9742986847638802,1e-05
87,1.6555852722425968,2.037279158037732,1e-05
88,1.6545494529570794,2.0958947623468944,1e-05
89,1.6363736116392682,2.085383674084706,1e-05
90,1.6385795602614663,1.9565757011442018,1e-05
91,1.6381113186864735,1.9222185997978305,1e-05
92,1.625796859941774,2.0596179647014172,1e-05
93,1.6273195831493683,1.9922001590932392,1e-05
94,1.6163410303784431,1.9968460623343463,1e-05
95,1.6021187477793473,2.32788070028787,1e-05
96,1.6082421512479586,1.9364757059873352,1e-05
97,1.6019447305117955,2.1726011614176484,1e-05
98,1.5977433206835165,2.012404200021058,1e-05
99,1.5823578012365684,2.047609611459353,1e-05
100,1.5867359923339455,2.0384607647580832,1e-05
End of training: 2022-07-05 02:11:48

Loss min training: 1.5823578012365684

Loss min val: 1.3414454485395968

Best epoch: 17

Correlação: (0.47028088974729576, 0.0)


