
Dispositivo usado pelo Pytorch: cuda

 OPTION_SHUFFLE=True


 num_epochs=100 , dropout=0.5 ,lr=0.0001


 LSTM =True


 option_overlap=True , option_causal=False , dropout_value_lstm=0.2



--> Fold: 0

Begin of training: 2022-08-29 15:42:57

Epoch,train_loss,val_loss,lr
1,8.410339816118642,1.6932174293989362,0.0001
2,2.5750189784574706,1.4785437058151383,0.0001
3,2.3702237733219893,1.5370320840279392,0.0001
4,2.2969431135427496,1.4652897313717235,0.0001
5,2.2220264499233986,1.5004967074978592,0.0001
6,2.1687015555369196,1.5422257751137345,0.0001
7,2.1121118909404126,1.590829732053029,0.0001
8,2.0592175092986893,1.8594158220750396,0.0001
9,2.0089550455684213,1.5886366590634804,0.0001
10,1.9653554846577264,1.7808574971785303,0.0001
11,1.9429020989584684,1.652753960448854,0.0001
12,1.9032693059851018,1.6098667064880223,0.0001
13,1.8547013479088679,1.8349590534310292,0.0001
14,1.8161037610336812,1.7491875979164755,0.0001
15,1.7816075788507328,1.618987022048807,0.0001
16,1.7369339578979854,1.7751682036067908,0.0001
17,1.710486530485037,1.7694171584353262,0.0001
18,1.6670335028547387,1.6990847163563034,0.0001
19,1.6477914989926432,2.121454649096666,0.0001
20,1.6081295475235007,1.8299229741294454,0.0001
21,1.5708281602908123,1.842565187066546,0.0001
22,1.5559264388901612,1.819154250190251,0.0001
23,1.5286414580451448,1.884254677158699,0.0001
24,1.485737410031118,2.0784319676025804,0.0001
25,1.4660727297349,1.8519323413374416,0.0001
26,1.433187865267551,1.8194082687163187,0.0001
27,1.4054848599165652,1.6862210466077026,0.0001
28,1.3816312638794315,1.8197896677724787,0.0001
29,1.3607911515334359,1.824076098625306,0.0001
30,1.310108753043558,2.229078917398836,0.0001
31,1.2944855425171051,1.9446350335283005,0.0001
32,1.2678898276855126,1.9432322418757033,0.0001
33,1.2441176100851417,2.151929866551007,0.0001
34,1.2214316036059116,1.8651877355828945,0.0001
35,1.1843264688860173,1.899213582445561,0.0001
36,1.1699553808316605,2.266815104978657,0.0001
37,1.1417893297431854,2.0907777280991198,0.0001
38,1.107512225162254,2.1268044012165355,0.0001
39,1.0919010366301818,2.0682141240432546,0.0001
40,1.0720291223574627,2.046443239393839,0.0001
41,1.0389745708964857,1.9228397215849853,0.0001
42,1.0173412966630757,2.2494863395237994,0.0001
43,0.9988672159855497,1.9639850373839824,0.0001
44,0.9767566579356014,2.030045253618418,0.0001
45,0.9550779113355204,2.0703193207430073,0.0001
46,0.9305936432754811,2.285523523527378,0.0001
47,0.9122405018754617,2.111091424760847,0.0001
48,0.8863466602617357,2.1335178107488435,0.0001
49,0.8682117507983779,2.2034460662686914,0.0001
50,0.8516725521926346,2.0174433958170144,0.0001
51,0.8324339030824386,2.0351951688834893,0.0001
52,0.8093546522672859,2.0075677182736964,0.0001
53,0.7918785071685439,2.0896244511498203,0.0001
54,0.7725800148234456,2.194239613385107,0.0001
55,0.7601539106647514,2.0690291558575766,0.0001
56,0.7315371513246138,2.2440966653570467,0.0001
57,0.7190844727835418,2.131724071399748,0.0001
58,0.7006663897437265,2.1418394345613225,0.0001
59,0.68819851726011,2.2274479180307174,0.0001
60,0.6600591479584127,2.2339004035092636,0.0001
61,0.6517561060690779,2.3185569139383673,0.0001
62,0.6336222377178476,2.3339169451819033,0.0001
63,0.6216872813565396,2.130683337719644,0.0001
64,0.6085506786840372,2.193331332786342,0.0001
65,0.5908597559268021,2.2209479402601024,0.0001
66,0.5748098128009529,2.2036777798894316,0.0001
67,0.5648200292029889,2.2765738917363123,0.0001
68,0.5473415843811837,2.3398123759045153,0.0001
69,0.5399247553957272,2.2407343253785297,0.0001
70,0.5239261207842384,2.0894394065802455,0.0001
71,0.5070364314917241,1.9583934330536417,0.0001
72,0.4970877546013484,2.10277101661786,0.0001
73,0.48438842222480705,2.16893322952401,0.0001
74,0.46956213622623466,2.3143035630695215,0.0001
75,0.46149949611305796,2.172129185284463,0.0001
76,0.4532902564804923,2.121215964583058,0.0001
77,0.43661301304525363,2.3354195532154223,0.0001
78,0.4314492905965261,2.206048541946373,0.0001
79,0.4177480674185316,2.0844219561155275,0.0001
80,0.4096661473484971,2.081923783993412,0.0001
81,0.395422315630186,1.9822437166969706,0.0001
82,0.3881440932264642,2.4089204714330714,0.0001
83,0.37834695679344443,2.119320560277637,0.0001
84,0.37206260040317646,2.0494868887377433,0.0001
85,0.36346400415272967,2.192752506082852,0.0001
86,0.3542464028467326,2.0043764043511523,0.0001
87,0.3469171449498719,2.137581064312294,0.0001
88,0.3368681000149168,2.155940670937013,0.0001
89,0.33043296035022984,2.170927398230934,0.0001
90,0.3243614599193465,2.0257567755212342,0.0001
91,0.318340820024099,2.028276359448992,0.0001
92,0.3086584204347691,2.172339939073406,0.0001
93,0.30475568797282826,2.0216795118573256,0.0001
94,0.2989522131996055,1.990986409594315,0.0001
95,0.2905829342606848,2.1308688367177226,0.0001
96,0.28721548895443855,2.008695841548214,0.0001
97,0.2793129881202112,2.1647960585401287,0.0001
98,0.27245545542941907,1.9405823573841283,0.0001
99,0.2669463104958792,2.0375120155995807,0.0001
100,0.2646178872741975,2.0580278655216566,0.0001
End of training: 2022-08-29 16:23:07

Loss min training: 0.2646178872741975

Loss min val: 1.4652897313717235

Best epoch: 4


--> Fold: 1

Begin of training: 2022-08-29 16:23:20

Epoch,train_loss,val_loss,lr
1,8.442865368415891,2.3564957800898463,0.0001
2,2.5806157622540464,2.6919403788257625,0.0001
3,2.398398587492303,2.8824423786878244,0.0001
4,2.3111878056721378,2.599303834492165,0.0001
5,2.2274885346220543,2.7534960847837464,0.0001
6,2.1818576954323756,2.8582451512728295,0.0001
7,2.1270224142738448,2.3673798546828553,0.0001
8,2.0586330403739956,2.5663544999969625,0.0001
9,2.0176101606780428,2.3632629353013614,0.0001
10,1.9844939638514585,2.351964836982064,0.0001
11,1.949760553727643,2.5422154646281188,0.0001
12,1.8998897007362463,1.9903036517414756,0.0001
13,1.8639263214366704,2.2708134722360254,0.0001
14,1.8271123798624898,2.257928889410264,0.0001
15,1.7910227234632015,2.1662656190173997,0.0001
16,1.744495348211811,1.865415664857996,0.0001
17,1.717292718428612,2.2602388383297285,0.0001
18,1.695338620562496,1.9912547787609272,0.0001
19,1.653378649049909,2.2879861793382195,0.0001
20,1.6198705346375095,2.1672524000613396,0.0001
21,1.5984428687583898,2.0076217975575195,0.0001
22,1.5667415249734615,2.0200865288850456,0.0001
23,1.533204779854103,2.1297892238921565,0.0001
24,1.4968505418764515,1.863942183525652,0.0001
25,1.4609941096447403,2.2052706425294035,0.0001
26,1.443555769810198,1.8860743262251576,0.0001
27,1.4186237509635704,1.8043396634413877,0.0001
28,1.3744503812241415,1.9537955264915126,0.0001
29,1.35750450126325,1.8818406815269546,0.0001
30,1.3311435327759071,1.9857155118172953,0.0001
31,1.300212612468444,2.2223900562072654,0.0001
32,1.2808985946693083,1.9739304463610476,0.0001
33,1.2446351271768932,2.386978077638454,0.0001
34,1.2226567276028526,2.159118140995868,0.0001
35,1.204705682851204,1.9117459656765659,0.0001
36,1.1777984268143593,2.3576680679397324,0.0001
37,1.1397585710255087,1.8257224439572888,0.0001
38,1.1203509372788856,2.0727912231264853,0.0001
39,1.101424137759035,2.0915998495346844,0.0001
40,1.0683971305123667,1.9771457074811718,0.0001
41,1.047282858072212,1.939174554143266,0.0001
42,1.0313861556156239,2.2119462434053503,0.0001
43,1.0099511994581107,1.9206180625297862,0.0001
44,0.9849927503081126,2.4209889026430065,0.0001
45,0.966994905877581,2.0079360233459953,0.0001
46,0.9359792093254217,2.0074088131115877,0.0001
47,0.9165929699266305,1.9813175287065037,0.0001
48,0.8911577618718137,2.3727516078223174,0.0001
49,0.8783548462039341,2.065815489743989,0.0001
50,0.8602812047229433,2.176717222569907,0.0001
51,0.8325662951385001,2.3360267404808015,0.0001
52,0.8205562078337318,2.601701232781564,0.0001
53,0.7948246014013057,2.4103076745220138,0.0001
54,0.7747137829418689,2.418561998943329,0.0001
55,0.7541799665321371,2.4755737612278734,0.0001
56,0.7392631227626416,2.355039060025359,0.0001
57,0.7240511111369627,2.623465787827349,0.0001
58,0.70453659921165,2.1138406378941674,0.0001
59,0.6881882880058624,2.3852563485647993,0.0001
60,0.6724978836506502,2.3340152236310354,0.0001
61,0.6521967529062168,2.5919905066012245,0.0001
62,0.6388600168887579,2.3478029306462678,0.0001
63,0.6175127114072875,2.3734621063747956,0.0001
64,0.6069800450826297,2.6154721480198506,0.0001
65,0.5880658765780626,2.5118381055922288,0.0001
66,0.5785941760029014,2.312694385234312,0.0001
67,0.5581826508536873,2.441185957078753,0.0001
68,0.5464977112583034,2.427352945449093,0.0001
69,0.5399525414466843,2.2565880327571,0.0001
70,0.5234386621943755,2.21995841747216,0.0001
71,0.5101241670931884,2.2168606776403146,0.0001
72,0.49647178685330284,2.326661963735978,0.0001
73,0.4823885438695492,2.3568934839188564,0.0001
74,0.47487823619399594,2.4214119629459327,0.0001
75,0.4649120268251954,2.254011716628583,0.0001
76,0.4485926542681509,2.319813659408278,0.0001
77,0.44073578167094984,2.1570988852790522,0.0001
78,0.43015615148183306,2.1356271130438853,0.0001
79,0.4208216212860044,2.2449338562710133,0.0001
80,0.41269228263424546,2.2663355814257375,0.0001
81,0.40215297663676874,2.270763621340738,0.0001
82,0.392364177511501,2.3167935641868382,0.0001
83,0.38054264670734705,2.0132761939999937,0.0001
84,0.3743043761734462,2.171016903662779,0.0001
85,0.3676811690139354,2.224247096070844,0.0001
86,0.35868979139400375,2.127197753797423,0.0001
87,0.3509571985549839,2.1255206873620547,0.0001
88,0.34064739101355684,2.065899593168192,0.0001
89,0.33604195667890036,2.233404799402415,0.0001
90,0.32925541793575586,2.2753328699312703,0.0001
91,0.32156272005350583,2.002560959086094,0.0001
92,0.31406301944552506,2.119202661828581,0.0001
93,0.30766994881182186,2.087200829444292,0.0001
94,0.30150625086886335,2.1546026754061733,0.0001
95,0.29737067111919335,2.107450218588858,0.0001
96,0.2873811468743646,1.976006743778267,0.0001
97,0.28411638642907855,1.9819292483798197,0.0001
98,0.27862382385888196,1.9477849856878684,0.0001
99,0.27413171500364025,1.9820115036590606,0.0001
100,0.2699512615818123,2.025778031381044,0.0001
End of training: 2022-08-29 17:04:01

Loss min training: 0.2699512615818123

Loss min val: 1.8043396634413877

Best epoch: 27


--> Fold: 2

Begin of training: 2022-08-29 17:04:03

Epoch,train_loss,val_loss,lr
1,8.067721089705307,2.0920710315052675,0.0001
2,2.634896081838615,1.8262785984232583,0.0001
3,2.444421113304336,1.853849544928574,0.0001
4,2.3659534323360263,2.1529242927137253,0.0001
5,2.2755023633465954,2.3299477751923265,0.0001
6,2.222397969848833,2.2484496845007125,0.0001
7,2.1629260080561865,2.327860320787347,0.0001
8,2.1064427798166276,2.1744765028574298,0.0001
9,2.060167581169359,2.5186092014663717,0.0001
10,2.0222311170760943,2.5904476421799223,0.0001
11,1.9807157980740326,2.5806977537367572,0.0001
12,1.9124854844741241,2.9513774055568556,0.0001
13,1.8872736063247393,2.7602126861105654,0.0001
14,1.8484398836938,2.593612012700241,0.0001
15,1.8063734761707109,3.2649516489717634,0.0001
16,1.7512254274953576,2.363159495915113,0.0001
17,1.733005384713166,2.56351106395384,0.0001
18,1.6880240142675325,2.47681635970816,0.0001
19,1.65875929695957,2.4969640844718017,0.0001
20,1.6413236328597491,2.3696144374800614,0.0001
21,1.6080856624136217,2.9239695844100604,0.0001
22,1.5631619979415885,2.376527504979697,0.0001
23,1.5362097231671696,2.673133026189664,0.0001
24,1.5032220687909785,2.4325666868143414,0.0001
25,1.4704818411701928,2.4974695251518213,0.0001
26,1.4388176929885483,2.590196608300566,0.0001
27,1.4107963791421538,2.2776420919653573,0.0001
28,1.3795377935366098,2.6521430587468826,0.0001
29,1.349772386564118,2.199945322612902,0.0001
30,1.3271175483746978,2.2549946320342746,0.0001
31,1.2933929911197133,2.565561891587113,0.0001
32,1.2706954970403563,2.20348312514307,0.0001
33,1.2463079388321863,2.7298255688868456,0.0001
34,1.213351490885005,2.3577872432359315,0.0001
35,1.1886779414771433,2.2790691877587395,0.0001
36,1.1670116785740072,2.4181125758416617,0.0001
37,1.1444889575595587,2.3622450456669055,0.0001
38,1.1197486030775343,2.474049899426658,0.0001
39,1.0915927770408687,2.2641411641743043,0.0001
40,1.0666927570797944,2.184110254863589,0.0001
41,1.0393830661331873,2.3365163327157785,0.0001
42,1.018674915408162,2.4873226093691168,0.0001
43,0.9977165892746778,2.2891828188719967,0.0001
44,0.9733049639133631,2.605572903253572,0.0001
45,0.9512070236700235,2.4847263163329076,0.0001
46,0.9288338156134363,2.5512018191166015,0.0001
47,0.9083137414155128,2.437870707763047,0.0001
48,0.8832413317016792,2.1597297365596426,0.0001
49,0.8633730950543603,2.1157747156181186,0.0001
50,0.8451744222211985,2.15737239590659,0.0001
51,0.8177488178401506,2.1954574810725576,0.0001
52,0.8036312879283464,2.2111207316576476,0.0001
53,0.7772739858449016,2.385674271586216,0.0001
54,0.7664795163677712,2.3871153864452275,0.0001
55,0.7375971920217345,2.101538576671028,0.0001
56,0.7292944918196224,2.5153806191314496,0.0001
57,0.7097077022165807,2.1686927769111235,0.0001
58,0.6918237084357003,2.19243958064412,0.0001
59,0.671015760914163,2.1092454236295937,0.0001
60,0.6558818091463808,2.0784597988697184,0.0001
61,0.6447237667783361,2.1827744816406733,0.0001
62,0.6227900879541456,2.2153257610480384,0.0001
63,0.6098702521567935,1.9549987610544153,0.0001
64,0.5903223884873383,2.021282369308406,0.0001
65,0.5789349789322847,2.059805765766908,0.0001
66,0.563909059625755,2.048458216936884,0.0001
67,0.5543552496924463,2.0522993032729357,0.0001
68,0.5377890239102412,2.062966402650103,0.0001
69,0.5278306233638359,2.222193876257681,0.0001
70,0.5077508426563673,1.8510782811840747,0.0001
71,0.5001281244417202,2.035997269162901,0.0001
72,0.48478388884957424,2.0793196135492558,0.0001
73,0.47414481634246797,2.00969988266913,0.0001
74,0.4574709723664293,2.0807908672565394,0.0001
75,0.44767759232978255,2.169793781605967,0.0001
76,0.43872418707900374,2.072897058556457,0.0001
77,0.42537733754889556,1.9504004314473078,0.0001
78,0.41952869960617245,2.067032987234976,0.0001
79,0.41093566169274726,2.069475349219939,0.0001
80,0.396895370579223,2.070585984565401,0.0001
81,0.391006351664191,2.0674182745050342,0.0001
82,0.3807736755753853,2.033321349590725,0.0001
83,0.3718284649678402,1.9710836561354512,0.0001
84,0.364071325584512,1.8278216793019018,0.0001
85,0.35511957968355823,2.0395315095065434,0.0001
86,0.3449116816520373,2.0157054583179237,0.0001
87,0.33873041752053384,2.0738499216550674,0.0001
88,0.33357649440536163,2.0678553512348152,0.0001
89,0.32603758275548655,2.0339902215355186,0.0001
90,0.3213353952093762,2.23484015244215,0.0001
91,0.311835594466086,2.101785775270828,0.0001
92,0.3061383838915217,2.06937387464932,0.0001
93,0.2996571528455069,2.202079195932023,0.0001
94,0.29313268301616624,2.0416013363461936,0.0001
95,0.2899025015415576,2.1155385239268,0.0001
96,0.2850009679232317,1.825778124365906,0.0001
97,0.2789954581013244,2.1203847410784373,0.0001
98,0.2733601764236038,2.113441312851507,0.0001
99,0.2671861205582934,2.1475689967598237,0.0001
100,0.26450055833489966,1.9859626879106878,0.0001
End of training: 2022-08-29 17:45:34

Loss min training: 0.26450055833489966

Loss min val: 1.825778124365906

Best epoch: 96


--> Fold: 3

Begin of training: 2022-08-29 17:45:51

Epoch,train_loss,val_loss,lr
1,7.958977848820703,1.9277778579306424,0.0001
2,2.599707465593584,1.6393113449935146,0.0001
3,2.4496891064354487,1.591219707997784,0.0001
4,2.354552604282909,1.8036987611861774,0.0001
5,2.276595615793926,1.6910251144311783,0.0001
6,2.2137817061245886,1.6121368778482454,0.0001
7,2.1581593849360425,1.962969895055197,0.0001
8,2.107367113773094,2.3502568823775807,0.0001
9,2.0493141404498174,1.6467590967103607,0.0001
10,2.0143947538467497,1.7906455010377513,0.0001
11,1.966071553419523,1.8606178582218793,0.0001
12,1.9443528090299897,1.6427223887745637,0.0001
13,1.8930132314195423,1.5823053485109573,0.0001
14,1.8561661273951064,1.6665394235743751,0.0001
15,1.802650083099966,1.9626930702576353,0.0001
16,1.781990407301399,1.8518671561577902,0.0001
17,1.7445785886341554,1.5891038447508603,0.0001
18,1.712020656666745,1.62605131748576,0.0001
19,1.6664408391238814,2.0391887732895637,0.0001
20,1.6451665107741296,1.777450625619581,0.0001
21,1.6187624873782398,1.8705646708824204,0.0001
22,1.5774204698021284,1.7804677628590624,0.0001
23,1.550245679885585,1.7225410568170336,0.0001
24,1.5207748729984394,1.978772815056306,0.0001
25,1.4949435921978589,1.6929927710455854,0.0001
26,1.4457094184739834,2.009866239852376,0.0001
27,1.4247981904710234,1.9641543390963638,0.0001
28,1.3994073364306145,1.9051684509585483,0.0001
29,1.3739877205957853,1.8701212171974257,0.0001
30,1.3391026768846537,1.8939737627488273,0.0001
31,1.3192042425748751,1.843632346759817,0.0001
32,1.2837725927829475,1.9124501606244668,0.0001
33,1.2557342880297249,1.8576133473624947,0.0001
34,1.234806087239168,1.9184961195040557,0.0001
35,1.2036762714009337,1.8251016628547734,0.0001
36,1.1812086328881932,2.098118111355108,0.0001
37,1.1509574107536968,1.9495875005662064,0.0001
38,1.1278843592172234,2.055289497814325,0.0001
39,1.113445357314049,1.8445415981683966,0.0001
40,1.0784515319066172,1.9603483962631199,0.0001
41,1.053282983554131,2.0648098167638955,0.0001
42,1.0357041065285475,1.9662071328296786,0.0001
43,1.0122597807832885,1.9157620456031015,0.0001
44,0.983164732084923,1.781189929043715,0.0001
45,0.970098531388665,1.9170630944160982,0.0001
46,0.9438650473933984,1.9731208452142044,0.0001
47,0.9210559819590673,1.796336840548498,0.0001
48,0.8943070971416225,2.0970402274226116,0.0001
49,0.8762219177321622,2.008121085852937,0.0001
50,0.8633454119875521,1.8533481822880382,0.0001
51,0.8364238983816255,2.019009709332361,0.0001
52,0.8126534526121402,1.8438365265303676,0.0001
53,0.7993767214956683,1.8109239948816545,0.0001
54,0.7797787349197878,2.0131122085948556,0.0001
55,0.7587860614322441,1.9044998631487813,0.0001
56,0.7437333936489036,1.9541247635314927,0.0001
57,0.7237721409275991,1.9710645285945894,0.0001
58,0.7048608040720986,1.8040753899159068,0.0001
59,0.6819903243956152,1.8367875640034994,0.0001
60,0.6697484047994167,1.8766243215164202,0.0001
61,0.6497134075503475,1.9060629686711854,0.0001
62,0.637622780565849,2.038951967794826,0.0001
63,0.6239862918068124,2.2103425807101638,0.0001
64,0.6019698635913822,1.8898605124204708,0.0001
65,0.5929118575576445,1.9222523486249103,0.0001
66,0.5797584425922343,2.0721419177480636,0.0001
67,0.5622489548654754,1.8902177317652624,0.0001
68,0.54397177083532,1.839364457938241,0.0001
69,0.5245421774826745,1.7601418596585263,0.0001
70,0.5196666438581043,1.8926965918808578,0.0001
71,0.506176020750995,1.9156011028238316,0.0001
72,0.4935833433779738,1.9441073727291154,0.0001
73,0.4800137115987303,1.8124043314124336,0.0001
74,0.4691255784084949,1.7605499174605392,0.0001
75,0.4572120811730485,1.867887142914147,0.0001
76,0.44449387835321025,1.9915673053028768,0.0001
77,0.43502714745576115,2.1054395356373514,0.0001
78,0.4245679046801926,1.8426331522108708,0.0001
79,0.4092967578001118,1.8904814714753093,0.0001
80,0.4038668250283159,1.7280373912801352,0.0001
81,0.39688050562112603,1.958952790935818,0.0001
82,0.3855776804095795,1.9562854957479447,0.0001
83,0.37812828837875045,1.9570021463462606,0.0001
84,0.37083609844955856,1.7978346009172526,0.0001
85,0.36110046296060566,1.8332759227845072,0.0001
86,0.3525950893590188,1.7350700470810412,0.0001
87,0.3446799124944265,1.7067322920445267,0.0001
88,0.3345243837833899,1.8990355105268744,0.0001
89,0.32816148396625816,1.821488758798168,0.0001
90,0.3256668851390874,1.783541400395184,0.0001
91,0.3178904012830249,1.7719410905310122,0.0001
92,0.31220703318641146,1.7101294614810394,0.0001
93,0.30346235432635393,1.8995320564448541,0.0001
94,0.2990213046861718,1.731992232183906,0.0001
95,0.29207799500342346,1.7489443401901148,0.0001
96,0.2858689329630244,1.8061016072571259,0.0001
97,0.28214548646396465,1.7483252456947347,0.0001
98,0.28046207548596436,1.840160247992127,0.0001
99,0.2739784240951879,1.7335522021331375,0.0001
100,0.2703022965798305,1.637134380224748,0.0001
End of training: 2022-08-29 18:27:17

Loss min training: 0.2703022965798305

Loss min val: 1.5823053485109573

Best epoch: 13


--> Fold: 4

Begin of training: 2022-08-29 18:27:20

Epoch,train_loss,val_loss,lr
1,7.744372743228728,1.7397344092104905,0.0001
2,2.6047156587682903,1.7856897443499944,0.0001
3,2.4108363046268217,1.7545656108581147,0.0001
4,2.3237699021152984,1.6036000639577028,0.0001
5,2.2547867104370845,1.6733525246738623,0.0001
6,2.1956670978787964,1.5646463213986581,0.0001
7,2.149127660944107,1.6197724311694304,0.0001
8,2.0782196252379084,1.701101258984584,0.0001
9,2.0263432021528414,1.7280760918890754,0.0001
10,1.985182008090754,1.766212880889236,0.0001
11,1.9411549626626987,1.842627129298605,0.0001
12,1.911882380770211,1.7419616312185329,0.0001
13,1.8563385698731578,1.8628703972357201,0.0001
14,1.807502105833264,1.9132139771302619,0.0001
15,1.780521098797272,1.830246398749354,0.0001
16,1.7291625532709578,1.8965875654073476,0.0001
17,1.7075643995504501,1.7668105407590382,0.0001
18,1.6717406638881323,1.9594517709899888,0.0001
19,1.6240997259783636,2.374520922396015,0.0001
20,1.6034446503717856,2.057865161247166,0.0001
21,1.5730246905507583,1.9967897358609397,0.0001
22,1.543492840538528,2.08265395448507,0.0001
23,1.5049411138316002,2.338082699367659,0.0001
24,1.468446330447933,2.469103183102418,0.0001
25,1.4362303494334203,2.7783602750467438,0.0001
26,1.4037772640775659,2.040671237505115,0.0001
27,1.3900528009665136,2.2753055893911003,0.0001
28,1.3542503583652716,2.6209081937616387,0.0001
29,1.3274003059506896,2.6305198863843615,0.0001
30,1.3034179426919323,2.307787442764197,0.0001
31,1.2771307226922315,2.287514746936612,0.0001
32,1.2415768093367208,2.527281432511206,0.0001
33,1.2172130748822123,2.24949693777429,0.0001
34,1.1841592752281007,2.3170041529974443,0.0001
35,1.1574714969576507,2.5568612809774667,0.0001
36,1.146497187866796,2.428261287218573,0.0001
37,1.1181576178501142,2.4165727299665023,0.0001
38,1.089215813281918,2.3761749782996446,0.0001
39,1.0601824678892857,2.8812983059310295,0.0001
40,1.0375727295659478,2.450014245011874,0.0001
41,1.0098823272687747,2.627273820023869,0.0001
42,0.9909928742987165,2.6713096841740374,0.0001
43,0.9755141099495196,2.5428305801618225,0.0001
44,0.9442750097958397,2.947221234976099,0.0001
45,0.9231229289870468,2.7312592819509205,0.0001
46,0.9062415041238655,2.8238398542154415,0.0001
47,0.8813414744206575,2.6387072720885096,0.0001
48,0.8679505766055556,2.9410266647398298,0.0001
49,0.8416056476251567,3.349275129471874,0.0001
50,0.8192629858963891,2.8133299906985103,0.0001
51,0.7957073357094488,2.6305287053207898,0.0001
52,0.7824897597271173,2.839511428630696,0.0001
53,0.7667369112863912,3.0208500193225865,0.0001
54,0.7409912220787135,2.7007682051226527,0.0001
55,0.7209167924791067,2.9835826685515,0.0001
56,0.7073369478478644,2.7842672973977907,0.0001
57,0.6868521960542102,2.77836185089759,0.0001
58,0.6691369041953006,3.1172064048687127,0.0001
59,0.6554822139015298,2.690523701115886,0.0001
60,0.6373635456104532,2.8247783545243412,0.0001
61,0.6184416911470105,2.544331524940811,0.0001
62,0.6063146321126697,2.574484867994734,0.0001
63,0.5894755434873699,2.8442349716872486,0.0001
64,0.5749084484877256,2.6379845603693064,0.0001
65,0.5623325064582049,2.6105546439252394,0.0001
66,0.5443071402203867,2.5714282644948336,0.0001
67,0.5316280724422568,2.5816007679510062,0.0001
68,0.513507488654046,2.6793450897483404,0.0001
69,0.5066828785297429,2.591816066513747,0.0001
70,0.4893482822378449,2.5462414948364938,0.0001
71,0.47954481715567326,2.3774150116807773,0.0001
72,0.4665859678718872,2.704922139492668,0.0001
73,0.4541241647351557,2.4848623003159176,0.0001
74,0.44500597148044485,2.5446842381376644,0.0001
75,0.43434358462448,2.7322880247725774,0.0001
76,0.42095957775857606,2.3872332243824457,0.0001
77,0.41227148198308783,2.5263252038964037,0.0001
78,0.40066215896567703,2.659491743511105,0.0001
79,0.390531583337326,2.3464961902335104,0.0001
80,0.38441414923566875,2.561903093494351,0.0001
81,0.37439761721733394,2.3399505831071554,0.0001
82,0.3664448047281625,2.2869133199052962,0.0001
83,0.35914835757535984,2.245598569886498,0.0001
84,0.344270916451726,2.3550420879651544,0.0001
85,0.34206258241071424,2.4444818879200367,0.0001
86,0.3323663037140095,2.244223800406155,0.0001
87,0.32990764615297274,2.3763177480759765,0.0001
88,0.3195324648620393,2.445744787756765,0.0001
89,0.31339708500224056,2.2563039627315375,0.0001
90,0.3050233162665386,2.3022334672167384,0.0001
91,0.3012551355380379,2.3099502601738466,0.0001
92,0.29688543505111814,2.4107149384918323,0.0001
93,0.29069664936231154,2.3698446312826924,0.0001
94,0.2833351925273663,2.145329150587986,0.0001
95,0.2763232633877319,2.257513025033957,0.0001
96,0.2713708365167401,2.251706357976365,0.0001
97,0.26451874892756977,2.211459344290405,0.0001
98,0.25905457333524956,2.2826977023671193,0.0001
99,0.2591139495344366,2.491657259093863,0.0001
100,0.2518771807233491,2.31860639982182,0.0001
End of training: 2022-08-29 19:09:19

Loss min training: 0.2518771807233491

Loss min val: 1.5646463213986581

Best epoch: 6


--> Fold: 5

Begin of training: 2022-08-29 19:09:26

Epoch,train_loss,val_loss,lr
1,7.397148716396482,3.666316926086074,0.0001
2,2.4431086119213172,3.3852133420904864,0.0001
3,2.338828624009872,3.1505253599673972,0.0001
4,2.2398128240203463,3.384388418736461,0.0001
5,2.1923836933141905,3.217398115576294,0.0001
6,2.1282090763801995,3.0349053431261805,0.0001
7,2.076397641546961,2.9617581118461467,0.0001
8,2.0207102297513537,2.96378571397697,0.0001
9,1.9906216773001302,2.801516058614247,0.0001
10,1.9344263701415907,2.8093613258869095,0.0001
11,1.8912008001965714,2.9545475979540807,0.0001
12,1.862422515176352,2.8396627686965554,0.0001
13,1.8191971488182206,2.7207122643622488,0.0001
14,1.7798093779420445,2.8219421453806515,0.0001
15,1.747905638604925,2.9092936921923944,0.0001
16,1.7121349883949906,2.887814402369781,0.0001
17,1.680217802265996,3.00257179318568,0.0001
18,1.6338611431273289,2.6835494773913666,0.0001
19,1.6021843070285198,3.094129849960232,0.0001
20,1.5808878261587087,2.816297200829242,0.0001
21,1.540967918679224,2.940588749360112,0.0001
22,1.5112237636731,2.964179397881136,0.0001
23,1.4861221768089157,3.092431603748884,0.0001
24,1.4542038373735973,2.6762913476467,0.0001
25,1.420778973503359,2.9809199410204483,0.0001
26,1.384006110198148,3.227667228261198,0.0001
27,1.3551830815443806,3.110974380600221,0.0001
28,1.3352899421075808,3.3139552605682763,0.0001
29,1.3103399732896455,2.9687176775659796,0.0001
30,1.267635162602776,2.9513186963558775,0.0001
31,1.2549124321732283,3.232151364495836,0.0001
32,1.2274872845421074,2.952456401921196,0.0001
33,1.1961529066970453,3.0624394909554105,0.0001
34,1.1750742740911613,3.0221300296386415,0.0001
35,1.156032003002533,3.030712278189906,0.0001
36,1.1309109532916979,3.4406468227731395,0.0001
37,1.0928735269608003,3.3189387879576806,0.0001
38,1.0734236344470105,3.013993106270776,0.0001
39,1.0556088719473566,2.7820519106991393,0.0001
40,1.0331359208369275,3.251746196328525,0.0001
41,1.0121732138202195,3.4579277823111148,0.0001
42,0.9880328149014408,3.1951051584330092,0.0001
43,0.9667334274501561,2.9035674978860104,0.0001
44,0.9416256698168237,2.9854452948113397,0.0001
45,0.9221117015707829,2.8923400574352605,0.0001
46,0.8965291236559352,2.727956537552986,0.0001
47,0.8755550012059264,2.5344683138170536,0.0001
48,0.8636269494642588,2.993874288427266,0.0001
49,0.8407378139893346,2.6815907958825385,0.0001
50,0.8208033601005441,2.609008340894949,0.0001
51,0.7979823633542953,3.026528323608397,0.0001
52,0.7826349185770738,2.6989674326678035,0.0001
53,0.763438426458385,2.57066931074054,0.0001
54,0.7493896451796052,2.4949690961514293,0.0001
55,0.7285193074530262,2.5386264445491245,0.0001
56,0.7085592955921706,2.798648149791498,0.0001
57,0.6928622304426106,2.9120081196862873,0.0001
58,0.6707435104235572,2.5400778215045148,0.0001
59,0.6609522217283269,2.5799465149754583,0.0001
60,0.6424454263925978,2.3600029855864095,0.0001
61,0.6206633055019531,2.758868790284352,0.0001
62,0.6087551913240073,2.3905449990346166,0.0001
63,0.5957767994979609,2.576776944486506,0.0001
64,0.5829219361894397,2.5860335241739065,0.0001
65,0.5686961235513505,2.441207235092767,0.0001
66,0.5517008530464939,2.5998110706041144,0.0001
67,0.5402033718835471,2.5907014111096216,0.0001
68,0.5243366796418635,2.565597715414143,0.0001
69,0.5168722898430819,2.526424351461691,0.0001
70,0.5017134296511466,2.3729634404392916,0.0001
71,0.4943468016987486,2.593530138256093,0.0001
72,0.47994320749932196,2.4403558025328205,0.0001
73,0.4656895507365906,2.8035511168480007,0.0001
74,0.4572759893924592,2.653255183638477,0.0001
75,0.4449880666779764,2.5064653833718253,0.0001
76,0.4339569174382535,2.3598884542976966,0.0001
77,0.42373829314528183,2.3953464725083795,0.0001
78,0.4168216666842897,2.438121250045531,0.0001
79,0.4060483737009631,2.4786475514869313,0.0001
80,0.3960276876193753,2.551003833827825,0.0001
81,0.3856730690800746,2.698107178709053,0.0001
82,0.3797573475918235,2.4586140329803903,0.0001
83,0.3691527273218555,2.786378384035279,0.0001
84,0.35976960219755405,2.6659503444820163,0.0001
85,0.3522089304359451,2.481301320129783,0.0001
86,0.3474563074450247,2.6118085562279982,0.0001
87,0.3402571696397598,2.514295371444393,0.0001
88,0.3325709316828381,2.614513661181015,0.0001
89,0.32578796034013835,2.471052601106791,0.0001
90,0.3206774958504685,2.7415782355562084,0.0001
91,0.3138416438137506,2.6478838789874035,0.0001
92,0.307765197140511,2.6198658299771798,0.0001
93,0.30075167251981394,2.57926993644345,0.0001
94,0.29811233796823133,2.5008992310095848,0.0001
95,0.29304423609910646,2.4522538100927584,0.0001
96,0.2867863515613335,2.5323769460213184,0.0001
97,0.28005173187511945,2.7670380200897493,0.0001
98,0.28034983279853604,2.6263502602372935,0.0001
99,0.27106793823605013,2.6445813993463374,0.0001
100,0.2616765664233103,2.543740792873125,0.0001
End of training: 2022-08-29 19:50:51

Loss min training: 0.2616765664233103

Loss min val: 2.3598884542976966

Best epoch: 76


--> Fold: 6

Begin of training: 2022-08-29 19:50:54

Epoch,train_loss,val_loss,lr
1,7.5020824238365496,1.8883876394960564,0.0001
2,2.54580218330908,1.9681788556500006,0.0001
3,2.409167307371885,2.2534224329043093,0.0001
4,2.3279537258952225,2.6031612627081855,0.0001
5,2.2600715219614895,2.3427369273482856,0.0001
6,2.1962669688668512,3.154367058196712,0.0001
7,2.1361635257409763,2.5753374318673052,0.0001
8,2.07325344609574,3.5460668025041886,0.0001
9,2.0270695738705657,2.916848209639185,0.0001
10,1.9849622402112774,4.0205793668940695,0.0001
11,1.9401040497089155,4.2807529159957936,0.0001
12,1.918596331104311,3.6940095057890043,0.0001
13,1.8777300751782853,4.084796864797228,0.0001
14,1.8223298911810526,5.236073689192074,0.0001
15,1.7842872102091591,5.0548131343657845,0.0001
16,1.7570644581118617,5.562300664403792,0.0001
17,1.7268546596286147,4.965876863374188,0.0001
18,1.6965299932301645,4.657593963763988,0.0001
19,1.6590612103659907,6.065312493216994,0.0001
20,1.6277673094714904,4.289179635991546,0.0001
21,1.587394942368264,5.093696948263608,0.0001
22,1.560573959317609,5.532288604043896,0.0001
23,1.5322536002611784,4.849770562972769,0.0001
24,1.5021547185892232,4.973244556327339,0.0001
25,1.4700805255920004,4.51869673820982,0.0001
26,1.437524373219064,4.177446538046057,0.0001
27,1.4181977287132075,4.27178602307878,0.0001
28,1.3862626421895907,5.207215990976508,0.0001
29,1.3519430617965686,4.6708216395706295,0.0001
30,1.3306649659626424,5.250537472455491,0.0001
31,1.2992441951434917,5.414368049004641,0.0001
32,1.2706304874329877,5.74575210672811,0.0001
33,1.2406571795671675,5.59596600042586,0.0001
34,1.2196384417558603,4.984291767232667,0.0001
35,1.191109656744613,5.413407395843131,0.0001
36,1.1564529976242748,5.974006771088391,0.0001
37,1.1348487769377904,5.074323291596346,0.0001
38,1.1104006944477356,4.73464506972624,0.0001
39,1.0931150114359365,4.7659985430176945,0.0001
40,1.063768833876367,4.997333386228386,0.0001
41,1.042042557076478,4.830508552952151,0.0001
42,1.0173405935734388,4.62581817242434,0.0001
43,0.9914771704068467,4.76122883268443,0.0001
44,0.9712367678186287,4.391443581208311,0.0001
45,0.9480894743457595,4.646401725147268,0.0001
46,0.9291063983189906,4.356719245081362,0.0001
47,0.9026680527908899,4.603347058462618,0.0001
48,0.8788231503607261,5.301555940342079,0.0001
49,0.8650261592508307,4.537653788415794,0.0001
50,0.8379819214100961,3.7245845173645913,0.0001
51,0.8212208010295439,4.064646020087147,0.0001
52,0.7986373571724349,4.253761469306805,0.0001
53,0.7789299353243028,4.706846062029331,0.0001
54,0.7560224061404619,4.172780409824269,0.0001
55,0.7433807007632436,3.8502127248005786,0.0001
56,0.7229062734000333,3.916446739248096,0.0001
57,0.7045099429985145,4.015809230879748,0.0001
58,0.693012766374632,4.211057189752494,0.0001
59,0.6664437742444368,4.732968901397889,0.0001
60,0.6508277157468646,4.121271308855045,0.0001
61,0.6393640037977801,4.947285136462513,0.0001
62,0.6176263549735629,3.716745368684563,0.0001
63,0.6069034327630505,3.758257589044569,0.0001
64,0.5919130297025326,3.7546185580209164,0.0001
65,0.5720849402772951,3.7717504925280663,0.0001
66,0.5624402247343882,3.608778811356412,0.0001
67,0.549739839744035,3.518638123125332,0.0001
68,0.5405856299424636,4.159709677823595,0.0001
69,0.5191474416429195,3.7275383941470404,0.0001
70,0.505632637402768,3.8908166700367994,0.0001
71,0.4998467071760313,4.085254164833519,0.0001
72,0.48204117728196577,3.480506184738406,0.0001
73,0.4710582419570726,3.5785127060760598,0.0001
74,0.45803954670731595,3.3564801336984975,0.0001
75,0.45075213559478444,3.718328282902361,0.0001
76,0.43572884474604506,3.5777110303208293,0.0001
77,0.42879429703227895,3.575308506752367,0.0001
78,0.41894828463840383,3.6532639536297005,0.0001
79,0.4103677657325455,3.776025678010265,0.0001
80,0.3983655487822325,3.4775315260743045,0.0001
81,0.39170265980450136,3.3421608946155588,0.0001
82,0.38209979095511404,3.5008017522685826,0.0001
83,0.37089235039748303,3.4502819990595777,0.0001
84,0.36309101768201946,3.395508165967513,0.0001
85,0.3528468471297727,3.6466616944602928,0.0001
86,0.34650100968424374,3.4577565110434008,0.0001
87,0.3396839023497324,3.387960519584259,0.0001
88,0.33200416776922176,3.473213610511515,0.0001
89,0.32991101047431415,3.262530206169713,0.0001
90,0.32125132175067805,3.077124465857595,0.0001
91,0.31242937557055467,3.032837992524236,0.0001
92,0.30474143824177136,3.101008880577675,0.0001
93,0.3036744039571195,2.918445061140531,0.0001
94,0.29619732540320276,2.991424904159692,0.0001
95,0.29036480474929177,3.1277681549847256,0.0001
96,0.28793488029819636,2.9123035299543236,0.0001
97,0.2799162838308135,3.0028750097851558,0.0001
98,0.27340102731735694,2.798429370182117,0.0001
99,0.2687424707582012,2.9175630636116665,0.0001
100,0.2648321081665876,2.6989499290311607,0.0001
End of training: 2022-08-29 20:32:44

Loss min training: 0.2648321081665876

Loss min val: 1.8883876394960564

Best epoch: 1


--> Fold: 7

Begin of training: 2022-08-29 20:32:55

Epoch,train_loss,val_loss,lr
1,8.46185169737967,1.5336578625256831,0.0001
2,2.612415835648461,1.524038711604987,0.0001
3,2.4465630705103476,1.4751753165244865,0.0001
4,2.334473135794279,1.5180772718687912,0.0001
5,2.270810434299057,1.678881921790806,0.0001
6,2.2145428085882677,1.7038731117695811,0.0001
7,2.150856256269513,1.626478897171626,0.0001
8,2.0990225143883308,1.8435979767106967,0.0001
9,2.0618248491926443,1.8435568714494848,0.0001
10,2.0110450216787403,1.8794037361032143,0.0001
11,1.9675773509276604,2.114947848110003,0.0001
12,1.9398409705910562,2.118671502648911,0.0001
13,1.889952042135644,2.1981342946668994,0.0001
14,1.8471769576557937,1.9587887091995684,0.0001
15,1.8071622849255102,2.076457443750319,0.0001
16,1.781680024823759,2.5471153258590364,0.0001
17,1.7288960746259316,2.5583390925035574,0.0001
18,1.7157622853445427,2.414329242703128,0.0001
19,1.6784308045607426,2.733444832554866,0.0001
20,1.6554556185732552,2.5795398600191253,0.0001
21,1.6010938536563137,2.417563870044207,0.0001
22,1.5849130959367181,2.509123433155987,0.0001
23,1.5441440727701832,2.692685372377564,0.0001
24,1.5265212997306645,2.2954163826861844,0.0001
25,1.4789449044351446,2.9459379242569756,0.0001
26,1.453533147533256,2.7508273526418794,0.0001
27,1.4280170042070888,2.53616871719023,0.0001
28,1.3884057207118279,2.3926197897313317,0.0001
29,1.3795457250499126,2.2771815670205866,0.0001
30,1.3433893497173903,2.542731201236261,0.0001
31,1.3127367399469,2.6099571203549767,0.0001
32,1.2932451596886039,2.4413187285038425,0.0001
33,1.254214798377515,3.019072553590804,0.0001
34,1.239207811212752,2.708378512245767,0.0001
35,1.2001779118134193,2.7411997600985956,0.0001
36,1.1798537137531624,2.6015542410001142,0.0001
37,1.1677291744755174,2.3977314530871747,0.0001
38,1.136231996208517,2.1943907438790538,0.0001
39,1.1153367909960141,2.616140364570118,0.0001
40,1.081829579734821,2.388164634381393,0.0001
41,1.0596262281914985,2.3995575489250536,0.0001
42,1.039554677017888,2.64324450578467,0.0001
43,1.015507157176093,2.384708363433271,0.0001
44,0.9984472221111902,2.30059386220234,0.0001
45,0.9737437842742654,2.102460781484826,0.0001
46,0.9522094339299301,2.5106873419367415,0.0001
47,0.9308215009914849,2.276396850487266,0.0001
48,0.901203601551935,2.2070485991805118,0.0001
49,0.886358817597977,2.5289272199320814,0.0001
50,0.8645690498415988,2.4569201682067696,0.0001
51,0.8453467098802393,2.5031066899667738,0.0001
52,0.8357011693297738,2.2302437170834333,0.0001
53,0.8114912888817154,2.1683536695060592,0.0001
54,0.7948473086207383,2.2330192798317556,0.0001
55,0.7617730756484473,2.2223810295101427,0.0001
56,0.7499857718971542,2.356214225150847,0.0001
57,0.733468805590647,2.315237668190114,0.0001
58,0.7176216729050808,2.553805396275563,0.0001
59,0.6976424983805455,2.221594749350025,0.0001
60,0.6813069834695769,2.314823598277974,0.0001
61,0.6633057764302376,2.149254431376726,0.0001
62,0.6548612944844585,2.368946428070873,0.0001
63,0.6357398415934231,2.2372408985000374,0.0001
64,0.6152251894459887,2.172529286356617,0.0001
65,0.6073100418755918,2.2100828845130454,0.0001
66,0.589870775132029,2.1392685494360664,0.0001
67,0.5742532377438377,2.1612971127898564,0.0001
68,0.5643507773548633,2.19567956770291,0.0001
69,0.5512224027847902,1.9458153278694446,0.0001
70,0.5406025459265041,2.0437503132432355,0.0001
71,0.5237223355299636,2.0496488836219204,0.0001
72,0.5117533224823931,1.9668556092375546,0.0001
73,0.49942663975418333,1.979688060604163,0.0001
74,0.49138082665614496,2.02259656324331,0.0001
75,0.4730980711301627,1.9885991633534208,0.0001
76,0.4626750829405634,1.937456773089811,0.0001
77,0.45380044505197226,2.139529844044524,0.0001
78,0.4431804761787362,2.0110874081407295,0.0001
79,0.4338703636202883,1.8704125570205123,0.0001
80,0.4230013236581965,1.9068516333834495,0.0001
81,0.41092356199157054,1.8865337706701837,0.0001
82,0.40160285317202604,2.0074635993917274,0.0001
83,0.3925489337738484,1.9484924576443519,0.0001
84,0.38460894069086404,1.9849389741471317,0.0001
85,0.37636218250198405,1.9210872620077957,0.0001
86,0.367146132382424,1.8457184181987656,0.0001
87,0.36088315552286293,1.9562189456199366,0.0001
88,0.35173333595761697,1.9477622580078553,0.0001
89,0.34494699924307176,1.736994563821154,0.0001
90,0.33779552332062934,1.917030807005629,0.0001
91,0.3319206480831478,1.8858583132489357,0.0001
92,0.32609405711865935,1.8701354252028308,0.0001
93,0.32030960294340494,1.8366946934739476,0.0001
94,0.31100414728247444,1.8143037264394162,0.0001
95,0.30936612827717097,1.9438212569185793,0.0001
96,0.3021534930646585,1.9287614281101373,0.0001
97,0.29673007957768677,1.9141745722737484,0.0001
98,0.2913897768394385,1.7545139212994842,0.0001
99,0.2855617463807126,1.8613171276821192,0.0001
100,0.2819474848559001,1.8343453270103247,0.0001
End of training: 2022-08-29 21:14:13

Loss min training: 0.2819474848559001

Loss min val: 1.4751753165244865

Best epoch: 3


--> Fold: 8

Begin of training: 2022-08-29 21:14:16

Epoch,train_loss,val_loss,lr
1,7.876995808259528,1.6945046421964076,0.0001
2,2.608553404822854,1.5819284627515733,0.0001
3,2.4145839822246273,1.5853153264063125,0.0001
4,2.319395363017489,1.5144363098520217,0.0001
5,2.253004154365412,1.442173614962144,0.0001
6,2.183771998356187,1.432220874120831,0.0001
7,2.12767187549385,1.4462573421412501,0.0001
8,2.0634882862789508,1.4700883472005242,0.0001
9,2.032969140453814,1.4364836879533525,0.0001
10,1.983730235969232,1.4038510011381995,0.0001
11,1.9340094639635315,1.428728799943648,0.0001
12,1.885927693443437,1.4625670806949518,0.0001
13,1.842569608358206,1.5665313975208022,0.0001
14,1.8184232342524038,1.4971819381290328,0.0001
15,1.7692692903359455,1.4034839956053067,0.0001
16,1.7258942058154845,1.4079215245719297,0.0001
17,1.7009426310390932,1.504667078779285,0.0001
18,1.6623952018899473,1.4026946056381646,0.0001
19,1.621990417029928,1.4048405509067852,0.0001
20,1.5909991830941828,1.38696067677601,0.0001
21,1.5670924840790874,1.4354896325165045,0.0001
22,1.527604922107942,1.5088907347044136,0.0001
23,1.4997194037248887,1.450449797523509,0.0001
24,1.4658279757130896,1.4168160889310848,0.0001
25,1.442844257971688,1.3880181349366123,0.0001
26,1.4099203090804624,1.5762728661728271,0.0001
27,1.3759679904914917,1.4520285339738281,0.0001
28,1.3505443201219662,1.5010948287902373,0.0001
29,1.3249098652989997,1.5381287268797132,0.0001
30,1.2995753035532887,1.5247239340225966,0.0001
31,1.265233939727611,1.462039765988901,0.0001
32,1.2462489692182868,1.5249413008800345,0.0001
33,1.2092828013826324,1.4590415011987599,0.0001
34,1.1699159755317399,1.5258749597161942,0.0001
35,1.1497502996852729,1.5119497081825417,0.0001
36,1.1172447693039997,1.5894519966185965,0.0001
37,1.0987893932543509,1.4785010647287589,0.0001
38,1.070967411951137,1.5899456734665942,0.0001
39,1.0490637093409925,1.68768104395872,0.0001
40,1.0251760053477517,1.610474360051526,0.0001
41,0.9936211023860949,1.647369511593008,0.0001
42,0.9734913284410971,1.6050899838490027,0.0001
43,0.9544092639676821,1.713603950704927,0.0001
44,0.9395281818520616,1.707950757282119,0.0001
45,0.9102754738662976,1.7013588977366563,0.0001
46,0.8889262654945512,1.652996341871887,0.0001
47,0.8716379694383837,1.7639050760250838,0.0001
48,0.85265005290278,1.6990731100727072,0.0001
49,0.8334513945233125,1.6387915011288148,0.0001
50,0.8101101425784744,1.7702103686126534,0.0001
51,0.7852144703509437,1.7487490465511975,0.0001
52,0.7682700862415667,1.7405210689914459,0.0001
53,0.7559059191775966,1.7508227107949175,0.0001
54,0.7347033362028843,1.7138852581825634,0.0001
55,0.7103112159935907,1.9024359808159546,0.0001
56,0.6996819980861869,1.756366380289065,0.0001
57,0.6806881892393054,1.7906366912025875,0.0001
58,0.6651982779449048,1.8248435573490323,0.0001
59,0.6503577899177926,1.7870056328020598,0.0001
60,0.6305343995585729,1.7019251261218655,0.0001
61,0.6098407688985024,1.9194417169664997,0.0001
62,0.5999057154404053,1.8085165944338175,0.0001
63,0.5813274585715785,1.819482579765267,0.0001
64,0.5703763693455954,1.8399157493132543,0.0001
65,0.5525591399347084,1.9880938195846272,0.0001
66,0.5437117807784412,1.793398847151836,0.0001
67,0.5274177469396111,1.824722372718156,0.0001
68,0.5103265180090018,1.7702924279198393,0.0001
69,0.49996705735445873,1.8193730673286517,0.0001
70,0.4853441892352197,1.8647543569276488,0.0001
71,0.4749531437696701,1.7132760148884787,0.0001
72,0.4619232686304087,1.7791184637657769,0.0001
73,0.4524604352565708,1.7911852868476086,0.0001
74,0.4389098320510494,1.84521512209421,0.0001
75,0.430089916700974,1.8120215031664666,0.0001
76,0.42019248189515085,1.8171773657621104,0.0001
77,0.40820024564504426,1.9250548868012858,0.0001
78,0.39843660001637005,1.8568759147189553,0.0001
79,0.38939686398706275,1.8687017826053036,0.0001
80,0.3812525664827208,1.8829205589308686,0.0001
81,0.37395027087237037,1.7409387226609725,0.0001
82,0.36566722009698693,1.9179195238098945,0.0001
83,0.3584810560900608,1.772964966036256,0.0001
84,0.34690764975063765,1.81449406388807,0.0001
85,0.3394073247144226,1.836390481204402,0.0001
86,0.33258608775954834,1.7336574852905648,0.0001
87,0.32841183785895184,1.7420634398353994,0.0001
88,0.32032356771314047,1.82444263941656,0.0001
89,0.31391882555709266,1.8151600624411086,0.0001
90,0.30841500645162084,1.7759871918554175,0.0001
91,0.3041317145401452,1.9112482709488594,0.0001
92,0.29433133843545434,1.781232346696305,0.0001
93,0.2907500964124567,1.7820912322787297,0.0001
94,0.2860581816019375,1.8261979471801044,0.0001
95,0.2812544590234305,1.7793291146362986,0.0001
96,0.2775584393535841,1.8321269161713674,0.0001
97,0.27148268503493844,1.7932536578501659,0.0001
98,0.2684096057912489,1.7614571109326607,0.0001
99,0.2636351268003948,1.783709241822879,0.0001
100,0.2571972208344641,1.8087463724711184,0.0001
End of training: 2022-08-29 21:58:45

Loss min training: 0.2571972208344641

Loss min val: 1.38696067677601

Best epoch: 20


--> Fold: 9

Begin of training: 2022-08-29 21:58:52

Epoch,train_loss,val_loss,lr
1,7.274540515033718,1.5354833438464734,0.0001
2,2.509747579078785,1.5104747355095391,0.0001
3,2.3601637036788956,1.5234995921412438,0.0001
4,2.269752835896333,1.72069616146844,0.0001
5,2.2225692263311485,1.7288163615937677,0.0001
6,2.1598423489847853,1.8226707546089973,0.0001
7,2.1168414737199184,1.4208011436898755,0.0001
8,2.054451176024027,1.5343529457279108,0.0001
9,2.0026244021096313,1.4520328247007768,0.0001
10,1.9619496390973445,1.5314612343561405,0.0001
11,1.8947403817381592,1.503310251722819,0.0001
12,1.8869553791565359,1.5092580390974457,0.0001
13,1.8444652463888882,1.415129419909233,0.0001
14,1.8125350250869592,1.763718847500391,0.0001
15,1.7599298909337202,1.4741192253701385,0.0001
16,1.7241657652961018,1.539528955020979,0.0001
17,1.7001428003420263,1.5034044259403787,0.0001
18,1.6601258374631924,1.4092381698482017,0.0001
19,1.617283536195239,1.5762150575298108,0.0001
20,1.5910709468295634,1.8469652154853315,0.0001
21,1.5518047921441325,1.4834235640546667,0.0001
22,1.5302773991094911,1.632368072374981,0.0001
23,1.497572427990905,1.6565940216261943,0.0001
24,1.464582073680085,1.6012178077634724,0.0001
25,1.4367332499854437,1.55262299667595,0.0001
26,1.396109676997171,1.5508628145069858,0.0001
27,1.368888409600827,1.5328056301995467,0.0001
28,1.3387935530781938,1.4803883281931436,0.0001
29,1.3116360062071744,2.0636094533635525,0.0001
30,1.2810659202293806,2.189853239414995,0.0001
31,1.2627814897726624,1.7158815196925676,0.0001
32,1.2234749582777233,1.8424423716266647,0.0001
33,1.2005535536403475,1.5977507616943918,0.0001
34,1.1729171577339657,1.7394001351193116,0.0001
35,1.1480684238484753,1.5886398611018626,0.0001
36,1.1244380218279215,2.126363192386818,0.0001
37,1.0986408479008851,1.644078092137912,0.0001
38,1.0759315767217716,1.818763523056555,0.0001
39,1.0405720469111912,1.7160084869190508,0.0001
40,1.0297049433960785,1.9749736157014721,0.0001
41,1.0030260967724909,1.7501887801824394,0.0001
42,0.9821677768657062,1.8649397636142713,0.0001
43,0.9605525634064509,1.7979029940055844,0.0001
44,0.9357396484021733,1.876785591368432,0.0001
45,0.9138391562961906,1.7102253792589346,0.0001
46,0.8913363843808292,1.9077779524731568,0.0001
47,0.8636127431012847,1.866101090048677,0.0001
48,0.8454758434109211,1.641670414682688,0.0001
49,0.8209708992611742,1.734079326518288,0.0001
50,0.803666288282604,1.832763337377895,0.0001
51,0.7865935559015107,1.9010298203217986,0.0001
52,0.7648797497172866,1.8088197610556442,0.0001
53,0.7481923177301196,1.8425358781328123,0.0001
54,0.7248850801057765,2.016313340821078,0.0001
55,0.7112189848292219,1.9906489224509454,0.0001
56,0.6887423342467849,1.7708453225636962,0.0001
57,0.6733168414705366,1.872442289583361,0.0001
58,0.6586126202462486,2.2388458151349453,0.0001
59,0.6384742743252442,1.9220789793163533,0.0001
60,0.6182642628166237,1.804477644742414,0.0001
61,0.6064263591113462,1.8056569281038117,0.0001
62,0.5932634648970861,1.9073043956612756,0.0001
63,0.5769562485758016,2.0107860670233557,0.0001
64,0.5620559288245599,1.7894654339237792,0.0001
65,0.5508440665208666,1.9476684551080634,0.0001
66,0.5317056626023735,1.828548978130972,0.0001
67,0.5208337359656814,1.8823443150403156,0.0001
68,0.5068308975260395,1.885690886637777,0.0001
69,0.4924470471761852,1.8827243989816138,0.0001
70,0.48064819414193244,1.9255540388718517,0.0001
71,0.4641585425581027,2.0724604290393507,0.0001
72,0.45668743842411713,2.033213823129718,0.0001
73,0.4434279095323569,1.9387310218293876,0.0001
74,0.43714066057240625,2.0084030980721224,0.0001
75,0.4254303272531608,1.8856268031700973,0.0001
76,0.41395056210876263,2.0693501805960173,0.0001
77,0.4043279428650568,2.0293149929130667,0.0001
78,0.3945209494242889,2.1290070748373604,0.0001
79,0.38385296455965473,2.0933711357064984,0.0001
80,0.3763843008013475,2.0719010629122225,0.0001
81,0.3675185977919987,2.3785390285814523,0.0001
82,0.36134504376791465,2.079190171364909,0.0001
83,0.3531390214368543,1.9198907733145376,0.0001
84,0.34455698087516134,1.995556079908016,0.0001
85,0.33566855027837783,2.046788434399687,0.0001
86,0.3326863856670043,1.9890406573754087,0.0001
87,0.3229596057604831,2.168494468805164,0.0001
88,0.32058376869965016,2.1425887928476093,0.0001
89,0.30862839146160903,1.9824492826721989,0.0001
90,0.3058944801518038,2.012178224257505,0.0001
91,0.3000005789950285,2.053290710229426,0.0001
92,0.29443036090358954,2.0254527349994054,0.0001
93,0.28986640632561433,1.9218301645397553,0.0001
94,0.2825101867771062,1.9673087662144286,0.0001
95,0.27838843839571376,1.9798418402651612,0.0001
96,0.2732842880111124,2.059853501773208,0.0001
97,0.26846824665415586,1.9553200635964982,0.0001
98,0.2650235637611398,1.9910248325469433,0.0001
99,0.2622916182284758,2.11483029966899,0.0001
100,0.25691198379830776,1.945153693009627,0.0001
End of training: 2022-08-29 22:43:23

Loss min training: 0.25691198379830776

Loss min val: 1.4092381698482017

Best epoch: 18
