
Dispositivo usado pelo Pytorch: cuda

Features usadas: Felipe

*****************************************

-----> GRID 0:   hyperparameters
0             100
1            adam
2              32
3             0.5
4          0.0001


--> Fold: 0

Format of train data: frames: 118687 , pressures: 118687 

Format of validation data: frames: 48208 , pressures: 48208 

Option shuffle: True

Begin of training: 2022-09-24 22:52:19

Epoch,train_loss,val_loss,lr
1,8.164227491261293,1.7389635950712679,0.0001
2,2.5948914897026345,1.548397416713188,0.0001
3,2.4472878828740297,1.669427677360912,0.0001
4,2.407604542242959,1.629464426073884,0.0001
5,2.380155955259539,1.631812663241316,0.0001
6,2.3381203636559076,1.6766601157987628,0.0001
7,2.317904992368417,1.6681853621416696,0.0001
8,2.276864965481863,1.6831695699944988,0.0001
9,2.2326300267837267,1.6716283748919807,0.0001
10,2.2312529079855055,1.5583032232718812,0.0001
11,2.192414502376294,1.5828785426269287,0.0001
12,2.169368610943982,1.512577202286073,0.0001
13,2.1357191974932905,1.6483472720990338,0.0001
14,2.0983238441383847,1.6192558075239838,0.0001
15,2.081047610086855,1.6319516610948896,0.0001
16,2.054748303344618,1.5728668453208323,0.0001
17,2.0324290999437182,1.537675486266158,0.0001
18,1.99335216479124,1.6342308943429105,0.0001
19,1.9811729639209903,1.6000263526753813,0.0001
20,1.9617757379812337,1.5737921761944174,0.0001
21,1.9354349587774344,1.6306523878709684,0.0001
22,1.9180217613376356,1.652363617159859,0.0001
23,1.9080821722639179,1.6469681767027837,0.0001
24,1.8617133273241262,1.6331255899645187,0.0001
25,1.8402887303123683,1.573883316819944,0.0001
26,1.8171615888889074,1.6076987526403326,0.0001
27,1.8032548719099006,1.6315719343442439,0.0001
28,1.790121698497634,1.689733635299118,0.0001
29,1.7709099017495136,1.6575774289506873,0.0001
30,1.73553406803025,1.5603599853781502,0.0001
31,1.730010948056446,1.6068505000878204,0.0001
32,1.7042726998761577,1.5565812659350653,0.0001
33,1.6984668177194053,1.8302283635615828,0.0001
34,1.6703339454228516,1.8118900887957452,0.0001
35,1.6552272482840054,1.7903869598362083,0.0001
36,1.6361622883052238,1.7087341569762193,0.0001
37,1.6040298351578652,1.8491796131668952,0.0001
38,1.5952740365503688,1.679911511268008,0.0001
39,1.5861820438305574,1.6779216629225195,0.0001
40,1.5579139288837736,1.773182711014113,0.0001
41,1.549945323900774,1.6280046220716748,0.0001
42,1.534999881384954,1.8138363859283937,0.0001
43,1.5113359560275423,1.7412959468590237,0.0001
44,1.5020352720263128,1.6016430629276968,0.0001
45,1.485265355235638,1.656818013787863,0.0001
46,1.4666932977317475,1.6654902364065827,0.0001
47,1.4565851151080929,1.7305656471325241,0.0001
48,1.4434950209185626,1.7049995761276913,0.0001
49,1.4270727312579816,1.8639979773963602,0.0001
50,1.418193790865562,1.8034756513991863,0.0001
51,1.4051439052205161,1.7329265414936534,0.0001
52,1.385854985846399,1.715496677597456,0.0001
53,1.3746234929031191,1.7340593937422166,0.0001
54,1.3658112511723657,1.7006880665316044,0.0001
55,1.354656559268119,1.7280270672699085,0.0001
56,1.3330457119803225,1.7041047299932968,0.0001
57,1.326551850033892,1.6600198029601372,0.0001
58,1.3088469085098995,1.6998712667546871,0.0001
59,1.2959108137719413,1.7076304190743614,0.0001
60,1.2903738319173241,1.7167827157613411,0.0001
61,1.2724542251056052,1.8180035082478085,0.0001
62,1.2578517622731022,1.571768928871889,0.0001
63,1.2542259032857843,1.6214828966386365,0.0001
64,1.2470623417177529,1.7088046257890739,0.0001
65,1.2329443320468139,1.6831884858935053,0.0001
66,1.2262535063917723,1.6751683925102605,0.0001
67,1.2103173318633171,1.7099330400732162,0.0001
68,1.2015459874392096,1.6827531574653147,0.0001
69,1.1918292614556047,1.8558041152865477,0.0001
70,1.1819584172194273,1.7506203683871508,0.0001
71,1.1675057935882658,1.6755238602496128,0.0001
72,1.164863199526667,1.7304419211442392,0.0001
73,1.1507584782961369,1.7415242383063056,0.0001
74,1.1495297429667821,1.8083205323974199,0.0001
75,1.1394285811482567,1.6951965476008217,0.0001
76,1.1282129198970894,1.6055627134880512,0.0001
77,1.1209569064809115,1.7766296872655853,0.0001
78,1.118504613015949,1.7523100169599946,0.0001
79,1.10686855404469,1.7963884976311375,0.0001
80,1.0941872688211483,1.8045851952642686,0.0001
81,1.0936959411147626,1.658239475010322,0.0001
82,1.0795642096035678,1.9525187794567935,0.0001
83,1.069208306278086,1.772885728428382,0.0001
84,1.0684674375711307,1.554358572568998,0.0001
85,1.0616243443217726,1.614830848547932,0.0001
86,1.0497429495938042,1.6415438908815305,0.0001
87,1.0460116277680183,1.743232489225677,0.0001
88,1.037663009079194,1.7409712374902744,0.0001
89,1.0296365764077664,1.6854630569425724,0.0001
90,1.029214466501102,1.667738164733345,0.0001
91,1.020220611601787,1.6502428963617197,0.0001
92,1.0174768372778955,1.7986430993635631,0.0001
93,1.0077000441089947,1.7223071689982372,0.0001
94,1.0036916213533082,1.8756065125327708,0.0001
95,0.9972306017996722,1.6997187858873375,0.0001
96,0.9911509183973677,1.6220502830050216,0.0001
97,0.9830134148942709,1.913788071946373,0.0001
98,0.9748998253067893,1.754440921626137,0.0001
99,0.9729397054875114,1.7136822489065227,0.0001
100,0.9687666269272622,1.706622970211043,0.0001
End of training: 2022-09-24 23:14:27

Loss min training: 0.9687666269272622

Loss min val: 1.512577202286073

Best epoch: 12

Correlation: (0.5798970644628109, 0.0)




--> Fold: 1

Format of train data: frames: 122714 , pressures: 122714 

Format of validation data: frames: 44181 , pressures: 44181 

Option shuffle: True

Begin of training: 2022-09-24 23:14:38

Epoch,train_loss,val_loss,lr
1,7.952803981034691,2.073571818980254,0.0001
2,2.5726414632810455,2.400449276359,0.0001
3,2.4380730657131275,2.3733049921310467,0.0001
4,2.4182249051696862,2.2842643874877853,0.0001
5,2.3791981834024476,2.3321277630129194,0.0001
6,2.3314554656712003,2.385893178130229,0.0001
7,2.293627513677641,2.2834345844558737,0.0001
8,2.2802046275945926,2.2744272267364343,0.0001
9,2.250356539482807,2.2384370187207367,0.0001
10,2.215825880992319,2.292717375008124,0.0001
11,2.1968673350985592,2.215191933372988,0.0001
12,2.1757922809286456,2.2159087284470242,0.0001
13,2.131146793763225,2.148484942631417,0.0001
14,2.103632339398456,2.1372233678846633,0.0001
15,2.0917682936339332,2.136948197530304,0.0001
16,2.060416688653981,2.1017871108510247,0.0001
17,2.031983839940385,2.056004727567506,0.0001
18,2.007116197454635,2.108030738727711,0.0001
19,1.9779302152141915,2.1422146377901075,0.0001
20,1.9476893323223623,2.193221408904067,0.0001
21,1.9382045903129632,2.0631413391243485,0.0001
22,1.9168318479066606,2.2494037541604697,0.0001
23,1.8825094439086263,2.2078337879994256,0.0001
24,1.8737271338026582,2.2358080658306427,0.0001
25,1.8421929637252334,2.091554375259936,0.0001
26,1.8215460016159466,2.0433670724005695,0.0001
27,1.8041259088274852,2.1437561603745787,0.0001
28,1.780343980883764,2.1456549400811724,0.0001
29,1.757188467768279,2.1417386954961968,0.0001
30,1.7423930778332755,2.067592312126663,0.0001
31,1.715604361912001,2.1557557051956877,0.0001
32,1.7130133711627447,2.1925210421347785,0.0001
33,1.6856077687845281,2.0704750162455197,0.0001
34,1.6578187100169248,2.159508799489909,0.0001
35,1.6442987358410588,2.0982253916280147,0.0001
36,1.6186403111209866,2.1607189065574,0.0001
37,1.60810165015182,2.129804850504248,0.0001
38,1.5905699347852078,2.0849282903654642,0.0001
39,1.570810440142031,2.086825633399238,0.0001
40,1.5488044821454618,2.0787223879482224,0.0001
41,1.5439045500980295,2.0194800936056807,0.0001
42,1.519932789556738,2.078785911926561,0.0001
43,1.509379179581014,2.0125895232661715,0.0001
44,1.4945813510566646,2.0029037675565924,0.0001
45,1.4804926522892503,2.1024116457260087,0.0001
46,1.4654153270123962,2.0530123478047257,0.0001
47,1.4383053051138615,2.083031450616631,0.0001
48,1.4398372555046393,2.0509706381498853,0.0001
49,1.4210696841497834,2.0800610885810933,0.0001
50,1.4072557735826252,2.177676169465017,0.0001
51,1.3946168193565418,2.099041496489668,0.0001
52,1.3829261415724412,2.166567538825597,0.0001
53,1.3661089161977733,1.9900162953993277,0.0001
54,1.360086140373527,2.083514324933023,0.0001
55,1.3378880276666703,2.0081456099059247,0.0001
56,1.3304905317103122,2.0502350043102133,0.0001
57,1.3242802150942274,2.1320267871879914,0.0001
58,1.3129880773690277,1.9964898969963,0.0001
59,1.2905880038138329,2.1163658203090807,0.0001
60,1.2803886822476633,2.0577964523876267,0.0001
61,1.2744511497190334,2.1662169197324967,0.0001
62,1.2634597992598606,2.202665766930154,0.0001
63,1.2543255349369118,2.025943595743938,0.0001
64,1.2480869019529097,2.15502237687571,0.0001
65,1.2332926950754382,2.15812387366813,0.0001
66,1.2236125847831365,2.12827163805059,0.0001
67,1.2097940014365218,2.12538994260149,0.0001
68,1.1979587045726101,2.152099461980286,0.0001
69,1.1864346378479889,2.1445764051519056,0.0001
70,1.1802598146530257,2.1853301106408884,0.0001
71,1.1699972987215788,2.254579762578623,0.0001
72,1.1626623561160923,2.27553253067411,0.0001
73,1.1576645997146573,2.044931400103118,0.0001
74,1.143024312423436,2.2696665321722103,0.0001
75,1.1392452290637232,2.243353284796767,0.0001
76,1.127798984136121,2.3059135732119533,0.0001
77,1.1167218590629033,2.1982510822301364,0.0001
78,1.1121749200155993,2.24543124081844,0.0001
79,1.1014881247186536,2.2122749243236752,0.0001
80,1.0959674349597759,2.416332473119402,0.0001
81,1.0900884916976783,2.1056660754606003,0.0001
82,1.0814796718540867,2.31277527488003,0.0001
83,1.0712902203146633,2.2892259530290877,0.0001
84,1.072813601860418,2.2543813822584102,0.0001
85,1.0630178976921987,2.3126368475749284,0.0001
86,1.0564914686046423,2.41531481469477,0.0001
87,1.049046512921273,2.3389884425667704,0.0001
88,1.0390367420407824,2.26664525217982,0.0001
89,1.0347104952792594,2.1488031045083686,0.0001
90,1.0283625165257473,2.1747164999261464,0.0001
91,1.0221933541575046,2.2971442135540405,0.0001
92,1.0160990161236105,2.3526488686937586,0.0001
93,1.01130422735637,2.2501993929853326,0.0001
94,1.0035570269001528,2.4406807364086944,0.0001
95,1.0002170142740108,2.3569714356854545,0.0001
96,0.9952008042009184,2.322840517226293,0.0001
97,0.9906949158051506,2.2112852150931794,0.0001
98,0.9834261819568967,2.31950066703795,0.0001
99,0.9786670975395475,2.315797981919403,0.0001
100,0.976548979729125,2.325707902585836,0.0001
End of training: 2022-09-24 23:37:08

Loss min training: 0.976548979729125

Loss min val: 1.9900162953993277

Best epoch: 53

Correlation: (0.4449983650846926, 0.0)




--> Fold: 2

Format of train data: frames: 127409 , pressures: 127409 

Format of validation data: frames: 39486 , pressures: 39486 

Option shuffle: True

Begin of training: 2022-09-24 23:37:15

Epoch,train_loss,val_loss,lr
1,7.852046189067407,1.9045397579950722,0.0001
2,2.6711965572690954,1.9099220939243613,0.0001
3,2.5133061269211576,2.0628534099743288,0.0001
4,2.469316926304266,2.1275897587600983,0.0001
5,2.426244524176464,2.18112746853962,0.0001
6,2.3838922931825577,2.1128858465774742,0.0001
7,2.332086130203485,2.3067845443410544,0.0001
8,2.325428505255005,2.3271804014938327,0.0001
9,2.294449328524786,2.0769429126783554,0.0001
10,2.2691780815644993,2.1848439490282505,0.0001
11,2.2222941620820755,2.092669782737332,0.0001
12,2.2070502789684525,2.527203731525272,0.0001
13,2.1747238107734312,2.2012276668132684,0.0001
14,2.1401851131841587,2.2354417577712713,0.0001
15,2.1267135760149203,2.451010108724684,0.0001
16,2.097407710688913,2.532383201163705,0.0001
17,2.0563943516487746,2.4047149736842734,0.0001
18,2.047287324378359,2.474867706680916,0.0001
19,2.0122177100516354,2.5064990698720635,0.0001
20,1.998315145295934,2.3261270579104427,0.0001
21,1.9663593777325854,2.514261304332886,0.0001
22,1.9473594611701694,2.550248070388243,0.0001
23,1.9096851366148915,2.5183573602899463,0.0001
24,1.9022851934471083,2.568749785477621,0.0001
25,1.8785032142557752,2.4436740345103045,0.0001
26,1.8532992340921106,2.6442563717098264,0.0001
27,1.834186584874324,2.7054094883504747,0.0001
28,1.8147110996455622,2.60811967599273,0.0001
29,1.802545408528389,2.6898097867076416,0.0001
30,1.7658905470959485,2.6093431707392925,0.0001
31,1.7542688393400279,2.870739116100158,0.0001
32,1.731737983490721,2.597953008686416,0.0001
33,1.7040473961141693,2.9438162995998134,0.0001
34,1.687044120599133,2.4982840262037556,0.0001
35,1.661066622039037,2.783736860728557,0.0001
36,1.6556866097862313,3.0515615958449676,0.0001
37,1.6375491810182363,3.0762841971287798,0.0001
38,1.6205588514964704,2.948655500133271,0.0001
39,1.609259128493834,2.938033438559718,0.0001
40,1.5924682480864372,2.6645975317242767,0.0001
41,1.5749196038546571,2.975938282627372,0.0001
42,1.5473410868500812,3.1968630087059853,0.0001
43,1.5480420358605276,3.09006047097889,0.0001
44,1.5210340741034198,3.1615051550083364,0.0001
45,1.4997750039289983,2.946142310206907,0.0001
46,1.490440228950142,3.436212442460191,0.0001
47,1.484827797952682,3.2420633760247557,0.0001
48,1.4592999232993407,2.9433909676656205,0.0001
49,1.45141439500311,3.05955008301626,0.0001
50,1.4434607876812446,3.4265081104050954,0.0001
51,1.4242626604748203,3.055307873451184,0.0001
52,1.4099665573377966,3.1185772191824257,0.0001
53,1.3936644203317115,3.073292969208216,0.0001
54,1.377102455370406,3.0389025850281044,0.0001
55,1.3727921697573178,3.3943189199177417,0.0001
56,1.354264491908256,3.1867133375782375,0.0001
57,1.3459789953337427,3.175590073006292,0.0001
58,1.3326986387609085,3.4483117971148336,0.0001
59,1.3258101701135767,3.5062422781363027,0.0001
60,1.3134777391959607,3.589527784036067,0.0001
61,1.303005246875479,3.5089853553794192,0.0001
62,1.2906060257153669,3.385762841833258,0.0001
63,1.2763296138227058,3.751954429171244,0.0001
64,1.2711596148294517,3.7759740709600336,0.0001
65,1.2549220726543895,3.2737893148413644,0.0001
66,1.2481340557576097,3.703426189699875,0.0001
67,1.239108608099837,3.593159461271399,0.0001
68,1.2315218080103325,3.4685629053583913,0.0001
69,1.2178562145162457,3.5361293734179644,0.0001
70,1.2093211332413654,3.7885970441136854,0.0001
71,1.199366266576678,3.6308961634710073,0.0001
72,1.190632179129062,3.64287362896683,0.0001
73,1.1819517090822484,3.9608239260015954,0.0001
74,1.174919867635981,3.940001442531065,0.0001
75,1.1630745076468123,3.8247419764240456,0.0001
76,1.1609742968802255,4.176436222536081,0.0001
77,1.1461756371735268,3.8894627171918166,0.0001
78,1.1373109866279931,4.467041944325928,0.0001
79,1.1353244546643166,3.8018997325751336,0.0001
80,1.121619544396831,4.017708305167021,0.0001
81,1.1151790490984783,3.771771772493618,0.0001
82,1.114978042684172,4.504222107025372,0.0001
83,1.1045860929540372,4.090709085649967,0.0001
84,1.0992045387771772,3.7510206266442903,0.0001
85,1.087896562458897,4.496981160423226,0.0001
86,1.0842280521661276,3.775359663794011,0.0001
87,1.0780291162498898,3.8221118233640197,0.0001
88,1.07083774557788,4.145144125589609,0.0001
89,1.0641922712174476,4.405838420312226,0.0001
90,1.0560870810834788,4.357141694513937,0.0001
91,1.0510148450813281,4.07132665083195,0.0001
92,1.0477563894207444,3.989733095571926,0.0001
93,1.0411508780196088,4.110007229531445,0.0001
94,1.0374622764742083,4.168744320553777,0.0001
95,1.0290241790246897,3.9313847308571153,0.0001
96,1.0229883965519337,3.986742545459092,0.0001
97,1.0219706258578143,4.54685312753776,0.0001
98,1.0170179619949045,4.204745504176587,0.0001
99,1.0068040936770095,4.284779336250451,0.0001
100,1.0056084457283359,4.590476370193504,0.0001
End of training: 2022-09-25 00:00:13

Loss min training: 1.0056084457283359

Loss min val: 1.9045397579950722

Best epoch: 1

Correlation: (0.1557782285129477, 6.08851766771919e-213)




--> Fold: 3

Format of train data: frames: 125366 , pressures: 125366 

Format of validation data: frames: 41529 , pressures: 41529 

Option shuffle: True

Begin of training: 2022-09-25 00:00:19

Epoch,train_loss,val_loss,lr
1,7.8943200890966905,1.6090680722564077,0.0001
2,2.6321093847902124,1.5698481695666189,0.0001
3,2.5049174278686888,1.5255945747048894,0.0001
4,2.4611525976891597,1.5149062318334159,0.0001
5,2.42547558976306,1.4658132355948417,0.0001
6,2.397824825249408,1.6618967536797304,0.0001
7,2.355353396771435,1.499106473330716,0.0001
8,2.335536173820389,1.5844435470115528,0.0001
9,2.2945133998763985,1.6892458761839786,0.0001
10,2.264596990355105,1.4877313783314672,0.0001
11,2.2484374645348417,1.5376074145073269,0.0001
12,2.225153196446222,1.4883266742162464,0.0001
13,2.1859091207466603,1.5423633155271845,0.0001
14,2.163432495318989,1.4524895655904764,0.0001
15,2.12089101886874,1.4970670665779293,0.0001
16,2.1128554500199295,1.4290421701028164,0.0001
17,2.064788348505554,1.5955687669909817,0.0001
18,2.058578598912555,1.537833636462489,0.0001
19,2.0326360101407563,1.56678934930914,0.0001
20,1.9972335446088754,1.5828171948366534,0.0001
21,1.989207471683418,1.6263910284215508,0.0001
22,1.9547783270139019,1.6783556484545148,0.0001
23,1.9329427959622945,1.5580802388468973,0.0001
24,1.9103551172748772,1.6541420758831191,0.0001
25,1.8842384424856657,1.595343861192032,0.0001
26,1.8604237678935969,1.8373597215993573,0.0001
27,1.857145089357119,1.7133384601819948,0.0001
28,1.8197714018136695,1.683258939611481,0.0001
29,1.8027656183906442,1.673857978484871,0.0001
30,1.7774986117959846,1.525218630624129,0.0001
31,1.7700312388296429,1.7246601727309132,0.0001
32,1.7406200935241811,1.7357727458559749,0.0001
33,1.7219626811906164,1.7490915190938459,0.0001
34,1.7129633735553402,1.7458895154374676,0.0001
35,1.6906919590300957,1.6355087107715773,0.0001
36,1.6686495404590125,1.7629582867804596,0.0001
37,1.6598294906677982,1.9069148577790453,0.0001
38,1.6273965837073696,1.9053828265608461,0.0001
39,1.6122897933677858,1.8819045265306098,0.0001
40,1.5971416371118539,1.7618806428116354,0.0001
41,1.5857079034541361,1.7300757002717408,0.0001
42,1.5598083118744421,1.7533237935605213,0.0001
43,1.545673872433208,1.9696954481090019,0.0001
44,1.531330958000446,1.7766717207411986,0.0001
45,1.517912131189347,1.7345566622868571,0.0001
46,1.4920555802327125,1.7933263721563433,0.0001
47,1.497317315517231,1.8612073600994046,0.0001
48,1.4747939616664711,2.257759250095335,0.0001
49,1.461692591235958,1.8200015529752303,0.0001
50,1.4421865157150096,2.042316363213704,0.0001
51,1.4345988906997098,1.8573905169287832,0.0001
52,1.4191613988752498,1.883620005195423,0.0001
53,1.403517037117076,2.0075818859421974,0.0001
54,1.384647845276739,1.948177037712938,0.0001
55,1.3800064687526685,1.896416632174791,0.0001
56,1.3650928977677512,1.7961669571064585,0.0001
57,1.3579203928730084,1.7645018514177664,0.0001
58,1.344977593320381,1.8645976828978819,0.0001
59,1.3315409277024142,1.8120425029322134,0.0001
60,1.3209304715127907,1.9332803222600263,0.0001
61,1.310456119625018,2.073254842638651,0.0001
62,1.2946410309866556,1.8865615472209374,0.0001
63,1.2854066065213825,1.8943239997429842,0.0001
64,1.2777345342020159,1.7961538473311516,0.0001
65,1.2658263711729787,2.0579400321136316,0.0001
66,1.259927242525995,1.9341530271577596,0.0001
67,1.2420481906669305,1.9019452067957114,0.0001
68,1.2360676658702578,1.8878110728121134,0.0001
69,1.2177103998723495,1.9565371536594842,0.0001
70,1.2143735180896438,1.9163626080695588,0.0001
71,1.2025026636867024,2.1052008947666696,0.0001
72,1.1939010524990141,1.9340322768594336,0.0001
73,1.1885285549917837,1.9843074160573593,0.0001
74,1.1796715639717867,2.311127338986051,0.0001
75,1.1685712153686838,2.2256431209696297,0.0001
76,1.1645653931922615,2.0594099602436,0.0001
77,1.1493720834630212,1.876137339043185,0.0001
78,1.1472272465202142,2.0842781708309346,0.0001
79,1.1348925813919162,2.0236731376734407,0.0001
80,1.1303158551266743,1.979953810419411,0.0001
81,1.1179084282380247,2.1207565086220717,0.0001
82,1.1124289085890011,2.103877355038593,0.0001
83,1.1043372335190227,2.111485377516339,0.0001
84,1.1056796216596536,2.1189390565357615,0.0001
85,1.0949963891429935,2.0812684521489904,0.0001
86,1.0872902863407885,1.8944691844407786,0.0001
87,1.077380367522587,2.1914593968764238,0.0001
88,1.0767796269107153,2.020660512532726,0.0001
89,1.0716146242773936,2.1692326319473443,0.0001
90,1.0599506143566417,2.038837063909309,0.0001
91,1.0568649972728712,2.1607798200640045,0.0001
92,1.0467255909511783,2.1019326591822383,0.0001
93,1.041680462222541,2.0969951658986736,0.0001
94,1.0354675982295616,2.0193214116507208,0.0001
95,1.030108099208517,2.127387900542965,0.0001
96,1.0280384702954677,2.1000277027496725,0.0001
97,1.0214206241177606,2.0337823993216047,0.0001
98,1.0153718531486426,2.1363397143830882,0.0001
99,1.0129780185958044,2.119649195143482,0.0001
100,1.004566982190949,2.0216428447032078,0.0001
End of training: 2022-09-25 00:23:13

Loss min training: 1.004566982190949

Loss min val: 1.4290421701028164

Best epoch: 16

Correlation: (0.48294525851045134, 0.0)




--> Fold: 4

Format of train data: frames: 128030 , pressures: 128030 

Format of validation data: frames: 38865 , pressures: 38865 

Option shuffle: True

Begin of training: 2022-09-25 00:23:19

Epoch,train_loss,val_loss,lr
1,7.69520831384445,1.6453703781206697,0.0001
2,2.597438208583667,1.4292828492947747,0.0001
3,2.4547058312006316,1.5042132548839295,0.0001
4,2.4207498984905573,1.536791890667133,0.0001
5,2.3900852541173796,1.4634043851476002,0.0001
6,2.333226780575588,1.534813861053729,0.0001
7,2.2980611041924974,1.4490959268638899,0.0001
8,2.264444087444223,1.5203932075599869,0.0001
9,2.240491026371315,1.5108913918251883,0.0001
10,2.224168596708671,1.4654846803356472,0.0001
11,2.1875561640391656,1.677028727565173,0.0001
12,2.1602945947241134,1.6502655339888221,0.0001
13,2.128546349935063,1.4879943762692984,0.0001
14,2.098606242889968,1.5249698125271667,0.0001
15,2.072289879737511,1.4991863458140942,0.0001
16,2.0480966516428607,1.5989381836691556,0.0001
17,2.016121138718541,1.5314178150776467,0.0001
18,2.0007060563928363,1.6408223657523375,0.0001
19,1.957320546416727,1.6620800014139065,0.0001
20,1.9499319839484988,1.6171263311109563,0.0001
21,1.9246546049877078,1.601541336656583,0.0001
22,1.8871221227049222,1.715661820892384,0.0001
23,1.8718300084625288,1.7800915646611317,0.0001
24,1.8507280904204084,1.7594074746778108,0.0001
25,1.8285949872525737,1.7195258973157959,0.0001
26,1.8000790662172577,1.5824842682403748,0.0001
27,1.7869046890483298,1.7663400259561464,0.0001
28,1.766582054590179,1.8151391556651593,0.0001
29,1.7358502851262145,1.958500271298688,0.0001
30,1.7201813816046572,1.8999297815907128,0.0001
31,1.698238833259905,1.7988876680694124,0.0001
32,1.6842316673145177,1.7321935386435645,0.0001
33,1.6599884070167967,1.7499581044787347,0.0001
34,1.6430466509066475,1.960749639132669,0.0001
35,1.6173420624649917,1.986089270252619,0.0001
36,1.6054168252360959,1.790502626721377,0.0001
37,1.5928464588556197,2.003664672873156,0.0001
38,1.5715648382369087,1.9302404752710711,0.0001
39,1.5508461295408467,2.0571197673312245,0.0001
40,1.5345908535781023,2.150483787745318,0.0001
41,1.51950505712596,2.08491561262822,0.0001
42,1.498588093252822,2.2173287858316435,0.0001
43,1.4903231153709389,2.113893053744208,0.0001
44,1.4740126562427658,2.1602808376084295,0.0001
45,1.4481603514409798,2.4024227563714975,0.0001
46,1.443302234861801,2.177820751950131,0.0001
47,1.4320808897742459,2.076751353485189,0.0001
48,1.4163653843739736,2.283342870693018,0.0001
49,1.3983742137667743,2.3125744384457425,0.0001
50,1.3963299889625223,2.3617836900434024,0.0001
51,1.3719950550563222,2.4019187958838932,0.0001
52,1.3559839204020083,2.562761629635374,0.0001
53,1.340491637144109,2.4285408875479995,0.0001
54,1.3345728178336398,2.4553210839608086,0.0001
55,1.3143507320154815,2.223766006657198,0.0001
56,1.3058594440534916,2.6399481251573187,0.0001
57,1.2895147506179339,2.2391566123800453,0.0001
58,1.2820955463734343,2.587656527422546,0.0001
59,1.2694672150434223,2.61516032351439,0.0001
60,1.268505142767299,2.829392970165016,0.0001
61,1.2495184831336952,2.3457573025686376,0.0001
62,1.2412989019612022,2.586343014211126,0.0001
63,1.2381744466255877,2.6124861685631284,0.0001
64,1.2207326475665,2.741718889911494,0.0001
65,1.208492071228382,2.690401570290561,0.0001
66,1.2009936636168166,2.8976633554779085,0.0001
67,1.187457593133708,2.7568582431055106,0.0001
68,1.1780169770874604,2.5476927480227727,0.0001
69,1.1655642623483486,2.9975916292528444,0.0001
70,1.1564311921200807,2.6108220104574316,0.0001
71,1.1541742016540453,2.706843732950173,0.0001
72,1.1461914319168225,2.642674247543431,0.0001
73,1.1376854151010158,3.0131401557252473,0.0001
74,1.1233834463609789,2.881567643223376,0.0001
75,1.1186682179040632,2.483832361602145,0.0001
76,1.1116747047513256,3.0523301103163236,0.0001
77,1.104892870462342,2.9065005349910478,0.0001
78,1.1035486849659935,3.228031669466035,0.0001
79,1.0917582720953403,3.1272583735367974,0.0001
80,1.0817562062256338,2.883180146264582,0.0001
81,1.0742974554795004,2.836359615913616,0.0001
82,1.0692707830543193,3.1429810285905635,0.0001
83,1.064527684727153,2.935057700209432,0.0001
84,1.0584412512458563,3.392434535167031,0.0001
85,1.0509373945304585,3.2025820686475783,0.0001
86,1.0422032951610327,3.2915367558826647,0.0001
87,1.0393010524421114,3.249576076626333,0.0001
88,1.0305308058011777,3.3230305197799312,0.0001
89,1.0256326863600538,2.8208877265215624,0.0001
90,1.0158223278232172,3.149633913593496,0.0001
91,1.0146845482349731,3.422100160745493,0.0001
92,1.0056114839649029,3.054006828882052,0.0001
93,1.0020320301175833,3.3554043811612586,0.0001
94,0.9953873264587532,3.2503257220827844,0.0001
95,0.9935475047376019,3.2938018826617554,0.0001
96,0.9843914523205142,3.2465176393270156,0.0001
97,0.9815642209962915,3.108566715903499,0.0001
98,0.9755305899276143,3.6546360854705022,0.0001
99,0.9704227187983051,3.4662048695094487,0.0001
100,0.9661014530376225,3.7098997601943786,0.0001
End of training: 2022-09-25 00:46:30

Loss min training: 0.9661014530376225

Loss min val: 1.4292828492947747

Best epoch: 2

Correlation: (0.17348903528310117, 2.9239819309963506e-260)




--> Fold: 5

Format of train data: frames: 123819 , pressures: 123819 

Format of validation data: frames: 43076 , pressures: 43076 

Option shuffle: True

Begin of training: 2022-09-25 00:46:36

Epoch,train_loss,val_loss,lr
1,7.666231259605794,2.4148147791715395,0.0001
2,2.4962442858106173,3.000627516903179,0.0001
3,2.4047594319175976,2.6318236643562454,0.0001
4,2.360847696898189,2.557283419200732,0.0001
5,2.319987812910578,2.4979438916207113,0.0001
6,2.2897950399260765,2.39695693811386,0.0001
7,2.2519573845502228,2.475103140895729,0.0001
8,2.235965153930856,2.3348633553813745,0.0001
9,2.1945711630139115,2.3213294731761454,0.0001
10,2.157945007091336,2.30293179656461,0.0001
11,2.150382627123325,2.255375002672307,0.0001
12,2.116715379210289,2.2278190184706643,0.0001
13,2.0902305503831164,2.2987310318010787,0.0001
14,2.071520120306225,2.1510567049626377,0.0001
15,2.0417292259002866,2.336378541585739,0.0001
16,2.018941831253316,2.1776310717210494,0.0001
17,1.9888629762117331,2.0501069218260697,0.0001
18,1.967352115725432,2.0142732049354173,0.0001
19,1.9421212005390331,2.061618542890383,0.0001
20,1.9153136930330987,2.157013935192192,0.0001
21,1.8835415696850153,2.0893123791691366,0.0001
22,1.8763593387158575,2.0485430871203856,0.0001
23,1.833153848973719,2.1659505599520754,0.0001
24,1.8255391381282318,2.108535270436758,0.0001
25,1.802435313521449,2.1517477369494444,0.0001
26,1.7886023452248274,2.1974460453871556,0.0001
27,1.7641349243920754,2.174387819754379,0.0001
28,1.7468545832654114,2.219668221535684,0.0001
29,1.7167698230570418,2.084745360744709,0.0001
30,1.6964915448539315,2.2485500533707636,0.0001
31,1.6736207843122415,2.2941581960194997,0.0001
32,1.6585278175733629,2.114667895511284,0.0001
33,1.6381589326908277,2.0998938796950624,0.0001
34,1.617416756330584,2.438335093274977,0.0001
35,1.5998659695413373,2.352766619207733,0.0001
36,1.5742423350436736,2.2955312402326533,0.0001
37,1.5606503521793682,2.1755035210922133,0.0001
38,1.545073606697792,2.320915768566941,0.0001
39,1.5274038335682574,2.4920568572427695,0.0001
40,1.514293041864022,2.179848363532563,0.0001
41,1.5021813638659776,2.2537399414732704,0.0001
42,1.4803450149796766,2.326873616860519,0.0001
43,1.4753754118405824,2.340823324535404,0.0001
44,1.454280196757268,2.413852090124456,0.0001
45,1.4340189800540961,2.5605688564446836,0.0001
46,1.4116587394214979,2.535404577296428,0.0001
47,1.4052429048679944,2.1659461043166943,0.0001
48,1.3969787686406367,2.3288031409007948,0.0001
49,1.3728598866188009,2.6628239029949783,0.0001
50,1.357353306172683,2.3486974007550447,0.0001
51,1.352376570075336,2.5263696015296246,0.0001
52,1.3334547637962129,2.5945730955557122,0.0001
53,1.3170877088162676,2.869569438049992,0.0001
54,1.3013711467006561,2.473129855046665,0.0001
55,1.2874230043728598,2.456303594210695,0.0001
56,1.279380339783773,2.6789535490934515,0.0001
57,1.268409790721351,2.753373647070449,0.0001
58,1.2568086201577802,2.618431044328909,0.0001
59,1.2499037060124016,2.48989627334509,0.0001
60,1.2331761785739046,2.54575269941124,0.0001
61,1.2209838804517874,2.422965891525732,0.0001
62,1.2181919835675332,2.5126549263099673,0.0001
63,1.200844657065946,2.625344244636127,0.0001
64,1.1904484470335837,2.973533590166048,0.0001
65,1.1857135097344629,2.71914743341015,0.0001
66,1.1705971330760265,2.833406766882978,0.0001
67,1.156047489066224,2.8320361601519313,0.0001
68,1.1482175371002383,2.824115132021366,0.0001
69,1.1343507493672271,2.7755136606653195,0.0001
70,1.1255874552728593,2.866578660775984,0.0001
71,1.1189443673814405,2.94816138563033,0.0001
72,1.1118900508037768,2.492014702321294,0.0001
73,1.1005558013951637,2.5647162816818736,0.0001
74,1.0960637189529776,2.4904811871130383,0.0001
75,1.0918322532312665,2.934436212465816,0.0001
76,1.0733895778197726,2.7070459085029306,0.0001
77,1.063923623842815,2.8502160983006375,0.0001
78,1.0559307963705682,3.0379356064939467,0.0001
79,1.0492068361888558,2.509184838403997,0.0001
80,1.041656116917487,2.930539636782854,0.0001
81,1.035149456106196,2.704916864818977,0.0001
82,1.028012350791424,2.650654874535167,0.0001
83,1.0203033091871385,2.638696132059139,0.0001
84,1.0138964268181296,2.9631128258133503,0.0001
85,1.0073408404101278,2.787332301928435,0.0001
86,1.0053813402712182,2.8706862453808193,0.0001
87,0.9961694791956478,2.7120372176402814,0.0001
88,0.9879627857160768,3.20486568462573,0.0001
89,0.9868082209608864,2.777328089736101,0.0001
90,0.9766009753038978,2.6913729278542493,0.0001
91,0.9666041137679808,2.628745884824036,0.0001
92,0.9650244391620444,3.0479797111246976,0.0001
93,0.9538082239011068,2.9174610979323026,0.0001
94,0.9506145373325809,2.666935970927361,0.0001
95,0.9464244607257052,2.9591325038942147,0.0001
96,0.9410421310657148,2.8259314884547457,0.0001
97,0.9410140414171025,3.0506968549150466,0.0001
98,0.930012955213298,2.8700770861768867,0.0001
99,0.9271459064221846,3.3062269371281383,0.0001
100,0.9200397417165775,3.1194205648089444,0.0001
End of training: 2022-09-25 01:09:33

Loss min training: 0.9200397417165775

Loss min val: 2.0142732049354173

Best epoch: 18

Correlation: (0.5090009902033625, 0.0)




--> Fold: 6

Format of train data: frames: 125831 , pressures: 125831 

Format of validation data: frames: 41064 , pressures: 41064 

Option shuffle: True

Begin of training: 2022-09-25 01:09:40

Epoch,train_loss,val_loss,lr
1,7.7201763290144445,1.8306043953452453,0.0001
2,2.6128739069397753,1.8660638730660206,0.0001
3,2.4915156152986557,1.7272794970336445,0.0001
4,2.441830382811056,1.5404245973028172,0.0001
5,2.408130747735102,1.7461117208991022,0.0001
6,2.379942057149414,1.7666988762503082,0.0001
7,2.329503128505877,1.9758707137454352,0.0001
8,2.304514735394035,1.7896078457359494,0.0001
9,2.28495512974157,1.6203027208622915,0.0001
10,2.2539132573625027,1.6235428126077078,0.0001
11,2.2448377339217567,1.836797235886674,0.0001
12,2.204855943771849,1.5761362448924006,0.0001
13,2.1672732071862466,1.8066203426529783,0.0001
14,2.1483924167578428,1.5866618166419466,0.0001
15,2.1136799218228672,1.6060170782441496,0.0001
16,2.0988483389260018,1.7815878136033043,0.0001
17,2.0596904730139522,1.515075749480513,0.0001
18,2.04469589520461,1.928292854102109,0.0001
19,2.027006762545633,1.6482133819604974,0.0001
20,1.9888464531692842,1.9493428406231403,0.0001
21,1.9773095081823588,1.8323497083390081,0.0001
22,1.949448134436043,1.5601298293708803,0.0001
23,1.9247979615517958,1.881719915717753,0.0001
24,1.9029606345282857,1.387536484909968,0.0001
25,1.891614664070915,1.7410021861951626,0.0001
26,1.863457251224719,1.5455461117855736,0.0001
27,1.846708003775249,1.915393812995939,0.0001
28,1.8231933379004457,1.6465112005505393,0.0001
29,1.799386617161202,1.5992692413790843,0.0001
30,1.7787392090533625,1.9730513230787716,0.0001
31,1.7619739245673414,1.7247567655467486,0.0001
32,1.7456274653768373,1.950139355013855,0.0001
33,1.7250483733215376,1.6519464216523994,0.0001
34,1.7055774890580035,1.5451364041117928,0.0001
35,1.687892786036263,1.8547568885573582,0.0001
36,1.6662243084181045,1.8776039011223424,0.0001
37,1.6544967561453612,1.8937940655420242,0.0001
38,1.6392615388570915,1.540840235830352,0.0001
39,1.6200360747798517,1.6149446830028635,0.0001
40,1.611157550172554,1.7633043676934093,0.0001
41,1.590686730160306,1.6481121527900153,0.0001
42,1.573812586100039,1.6978220144907634,0.0001
43,1.563439769862196,1.9109684279293384,0.0001
44,1.5487779157422867,2.4251464850577884,0.0001
45,1.5308561165146672,1.59763217720167,0.0001
46,1.5055464993621694,1.7271181211911886,0.0001
47,1.5009484330269611,1.7089884766077592,0.0001
48,1.4830198760211935,2.004712856793622,0.0001
49,1.4716313562980485,1.695101214853291,0.0001
50,1.4596168339271893,1.7584192927483344,0.0001
51,1.4455176328853125,1.7379188578007585,0.0001
52,1.4320302886057048,1.7808291808034904,0.0001
53,1.419921539463996,1.5801400900723153,0.0001
54,1.4044461745479746,1.6621679993324199,0.0001
55,1.3941637868841663,1.7443965146027414,0.0001
56,1.380918548855783,1.950539779708373,0.0001
57,1.3697300399311634,1.9035512111629633,0.0001
58,1.3587047346212517,1.6547070340573289,0.0001
59,1.3463663269230504,1.7930663482919438,0.0001
60,1.3380893084023142,1.9883460440692349,0.0001
61,1.3286315472658377,2.175802672905646,0.0001
62,1.3199481326361382,1.813366691015999,0.0001
63,1.3069555559483825,1.8655164039973369,0.0001
64,1.2950252806606692,1.8626357237776654,0.0001
65,1.2896396383761455,1.8227074328347672,0.0001
66,1.2714729883883569,2.016016484003608,0.0001
67,1.2662075447269387,1.8891323186165405,0.0001
68,1.2491581900048576,1.8933621147281359,0.0001
69,1.2368622908113345,1.7830936172053569,0.0001
70,1.2295690922727232,2.005341468209438,0.0001
71,1.2285288863241146,1.9381277740477771,0.0001
72,1.2243353662241798,1.9471870291518718,0.0001
73,1.2108061505046503,1.790966293906088,0.0001
74,1.2049281187169891,1.8958190094070688,0.0001
75,1.1938360343489611,1.9612291010179042,0.0001
76,1.1894274676832604,1.8179023556836558,0.0001
77,1.1748074497182475,1.9945216904879313,0.0001
78,1.1666343128701742,1.9159745744346248,0.0001
79,1.163705390043894,2.0285016567925833,0.0001
80,1.1564187919521984,2.001142108507749,0.0001
81,1.14694599761066,2.0198932145274964,0.0001
82,1.1426105810177487,1.9339627478988042,0.0001
83,1.1330980284350765,2.036474711849005,0.0001
84,1.1283843881228546,1.9839698856345584,0.0001
85,1.122173942194289,1.9460642286706058,0.0001
86,1.1093889697131512,2.041342287204801,0.0001
87,1.1080279766804164,1.93996524425271,0.0001
88,1.1011006640563343,2.0951623802711783,0.0001
89,1.10164990693151,1.9500504856380876,0.0001
90,1.0894883840002185,1.992688660277462,0.0001
91,1.082435789327954,1.9839543831318227,0.0001
92,1.0738312747157495,2.0340977601319428,0.0001
93,1.0758377774180812,1.942876216196164,0.0001
94,1.0661018296887106,2.020216228946617,0.0001
95,1.0633870493891673,2.0585526237937413,0.0001
96,1.059578317546705,2.0517652128352633,0.0001
97,1.0512145861711284,2.040201480128996,0.0001
98,1.0506587472121778,2.009659119848849,0.0001
99,1.0406883911351474,2.0353847120371613,0.0001
100,1.0331594194815177,2.11623103112801,0.0001
End of training: 2022-09-25 01:32:48

Loss min training: 1.0331594194815177

Loss min val: 1.387536484909968

Best epoch: 24

Correlation: (0.47223571386091856, 0.0)




--> Fold: 7

Format of train data: frames: 121746 , pressures: 121746 

Format of validation data: frames: 45149 , pressures: 45149 

Option shuffle: True

Begin of training: 2022-09-25 01:32:55

Epoch,train_loss,val_loss,lr
1,8.080128261286418,1.5832066279545045,0.0001
2,2.6164099906857907,1.4842386173566697,0.0001
3,2.496969573241975,1.6349745527708204,0.0001
4,2.4591143321488067,1.5459979634873349,0.0001
5,2.408647342336702,1.6839689699111,0.0001
6,2.3906524238353306,1.6005561491503595,0.0001
7,2.3346817715434764,1.6210271748132137,0.0001
8,2.311821218643225,1.6141389135786428,0.0001
9,2.285378643609945,1.7410368698823888,0.0001
10,2.244184708572951,1.6227705530260708,0.0001
11,2.2268302102518427,1.6376434080666589,0.0001
12,2.1986228059062083,1.7098623217320548,0.0001
13,2.16968682832066,1.5939123180845192,0.0001
14,2.1422540213458454,1.7861737183878812,0.0001
15,2.121730179157119,1.639282734941313,0.0001
16,2.0850618466077133,1.6982348669739418,0.0001
17,2.0832078332838178,1.6710037419918977,0.0001
18,2.0345547842599125,1.8336545983808599,0.0001
19,2.0171195100195205,1.689091646848727,0.0001
20,1.9871823971125777,1.7848558516969089,0.0001
21,1.9763706512594366,1.6900283516162273,0.0001
22,1.9644096586966788,1.7952541014018568,0.0001
23,1.9196913374448883,1.7109341462159247,0.0001
24,1.907161294404453,1.8985975052172983,0.0001
25,1.8691720435753814,1.8535263475388182,0.0001
26,1.8496468442835217,1.7772097871845833,0.0001
27,1.84238179198678,1.8726707852061804,0.0001
28,1.8321248144090059,1.868979924946133,0.0001
29,1.8044070732152324,1.8562570203274475,0.0001
30,1.770872719435961,1.7887433167905828,0.0001
31,1.7620411168230001,2.008553451320922,0.0001
32,1.7467044145228694,1.8432011074337464,0.0001
33,1.7221345747603858,1.7779028318673369,0.0001
34,1.6953054703590311,2.081317106553567,0.0001
35,1.6813828047031607,1.976351603951765,0.0001
36,1.6544246018503745,1.9515682802519483,0.0001
37,1.6370264201523559,1.8074809797404388,0.0001
38,1.6183955328301536,1.9058612507784622,0.0001
39,1.6167424584305339,1.8394543812249533,0.0001
40,1.5837813426330734,1.9000439446519894,0.0001
41,1.575355241795425,2.075360414263613,0.0001
42,1.5615785214223508,1.9401815831509404,0.0001
43,1.5454394364998152,2.28635172591621,0.0001
44,1.5386030504585355,1.914965425742399,0.0001
45,1.5197879076239027,1.9545890151333547,0.0001
46,1.491240845697423,1.9175229643943152,0.0001
47,1.4735766447499283,2.1032220093910183,0.0001
48,1.4683197972738198,1.992325971481895,0.0001
49,1.4598888664458045,1.9896014518110867,0.0001
50,1.4466057700914459,2.1090219916688815,0.0001
51,1.4281826502308668,2.376334367103309,0.0001
52,1.4205832241489118,2.11452332264894,0.0001
53,1.4047209629415536,2.1539214778842606,0.0001
54,1.3863726901226292,2.156456991753237,0.0001
55,1.368468286557428,2.321077688854185,0.0001
56,1.3527628208803546,2.038066211123068,0.0001
57,1.3591733428864117,1.9870287623288543,0.0001
58,1.3349532218900864,2.443004490632193,0.0001
59,1.3261503695192238,2.2590796544614213,0.0001
60,1.3131668149280316,2.1022756638808167,0.0001
61,1.3061512494246628,2.064603498265652,0.0001
62,1.2933972500575652,2.114414721320097,0.0001
63,1.2878528297786622,2.386265283137974,0.0001
64,1.271257358837521,2.1651964287427408,0.0001
65,1.2640154400068913,2.1315430922192347,0.0001
66,1.2483926416765292,2.0981309464974336,0.0001
67,1.2450847184090332,2.233632139542926,0.0001
68,1.2309082990082552,2.140608840676362,0.0001
69,1.215945030846736,2.2357367282663723,0.0001
70,1.2099349622260516,2.290847598792163,0.0001
71,1.2048298513750468,2.272609314611392,0.0001
72,1.1891098761034484,2.1841422318118457,0.0001
73,1.1794796924357396,2.308010473111721,0.0001
74,1.1797838999149437,2.5801229491609075,0.0001
75,1.167035148308777,2.1758798651712254,0.0001
76,1.1620944250881933,2.347298652891458,0.0001
77,1.149535400456644,2.2083443997877876,0.0001
78,1.1392645781797242,2.493997788080206,0.0001
79,1.1335246163380555,2.4616738349465312,0.0001
80,1.123977293744638,2.3403792811083255,0.0001
81,1.1214110910586008,2.3613108365796442,0.0001
82,1.1148157632069118,2.2647796003242227,0.0001
83,1.0998621699182305,2.5127276785891355,0.0001
84,1.093351226696379,2.4189380616739755,0.0001
85,1.08828442411766,2.6083855608082094,0.0001
86,1.081093335640569,2.5061879491760615,0.0001
87,1.0705309409631718,2.594210950181678,0.0001
88,1.0679326256733104,2.5021611134758657,0.0001
89,1.0621370905858347,2.477269428846049,0.0001
90,1.0556595743337962,2.4004123909491533,0.0001
91,1.048928964267868,2.2047070657410344,0.0001
92,1.0407237077972327,2.4950481459173974,0.0001
93,1.0381766576669678,2.543011109270092,0.0001
94,1.0298659889803738,2.6137590530547126,0.0001
95,1.0244123414784263,2.3778184649292085,0.0001
96,1.022659762831411,2.495353610922895,0.0001
97,1.0139161597912194,2.532298042427311,0.0001
98,1.0070626496957302,2.617065481448977,0.0001
99,1.0009036159009348,2.4925609014473045,0.0001
100,0.9981409327372427,2.8567638040241095,0.0001
End of training: 2022-09-25 01:55:01

Loss min training: 0.9981409327372427

Loss min val: 1.4842386173566697

Best epoch: 2

Correlation: (0.5076019836293745, 0.0)




--> Fold: 8

Format of train data: frames: 132042 , pressures: 132042 

Format of validation data: frames: 46867 , pressures: 46867 

Option shuffle: True

Begin of training: 2022-09-25 01:55:07

Epoch,train_loss,val_loss,lr
1,7.687112734446015,1.8127728236004688,0.0001
2,2.6391440827476624,1.6550280929723293,0.0001
3,2.4875597691944384,1.6167913995110732,0.0001
4,2.4421139146509523,1.608075949682131,0.0001
5,2.387546394293138,1.5904457505507739,0.0001
6,2.3653570389412133,1.5994276523915665,0.0001
7,2.307118993018292,1.5804148590058305,0.0001
8,2.2710695024300174,1.679598248098771,0.0001
9,2.242262717943389,1.6082189303143226,0.0001
10,2.2046696140867224,1.5727303395448435,0.0001
11,2.1837328183643927,1.5148503275161989,0.0001
12,2.1489285690620035,1.5488786394372724,0.0001
13,2.1059784686304845,1.5922898650868853,0.0001
14,2.094572798767121,1.6003624654262365,0.0001
15,2.0722011195084127,1.6798905502560222,0.0001
16,2.0376578218046277,1.8046692151741692,0.0001
17,2.01741249574202,1.7110964517061067,0.0001
18,1.9844913400997515,1.7213344853614212,0.0001
19,1.9537362356010117,2.042673065925541,0.0001
20,1.9387239586304672,1.906664501545532,0.0001
21,1.9134553913460117,1.8225109969600257,0.0001
22,1.8843307023126332,1.690031078602625,0.0001
23,1.8636301523575145,1.834242795385484,0.0001
24,1.8388199013967519,1.8871905741770032,0.0001
25,1.8214957099680167,1.8926003287456974,0.0001
26,1.8007546009755724,1.703914856664997,0.0001
27,1.7692718399851024,1.7496214897527245,0.0001
28,1.7487503719951691,1.9328966472097362,0.0001
29,1.7257909087125347,1.8039455050800675,0.0001
30,1.7169441302570445,1.7352523091003853,0.0001
31,1.6812261967261686,1.8566457341768163,0.0001
32,1.6558184567021579,1.6794384132336173,0.0001
33,1.6456319941915487,1.862393545278281,0.0001
34,1.6132087802080208,2.076076919829474,0.0001
35,1.6104178226600259,2.215704325714769,0.0001
36,1.5892907265407341,1.9306761314008847,0.0001
37,1.5693264250380028,2.0117415294207284,0.0001
38,1.5514221270601043,2.1102511091733076,0.0001
39,1.5299234046304933,2.2405003721332943,0.0001
40,1.5177061884109742,2.084574068109219,0.0001
41,1.4945647733233294,1.89526424352611,0.0001
42,1.4726849744380983,2.1535375172230076,0.0001
43,1.458807066391491,1.9590052786580932,0.0001
44,1.4573069693032101,1.8589837024242764,0.0001
45,1.438551492160619,2.0189989371187522,0.0001
46,1.421575398051575,1.9061914314181747,0.0001
47,1.4003882704896862,2.021922081698098,0.0001
48,1.3981828823606877,1.891455096531767,0.0001
49,1.3748498522027899,1.9609134903303487,0.0001
50,1.3615455181162677,1.9187263494151716,0.0001
51,1.3418004865841082,2.253951359591811,0.0001
52,1.3308004355091507,1.877058464567105,0.0001
53,1.3195811277701885,1.9602996726382709,0.0001
54,1.3126612318862876,2.0328070898222075,0.0001
55,1.3037652903599422,2.042625529744157,0.0001
56,1.2782900150016052,1.986610991767546,0.0001
57,1.2742666798613989,1.9703135553447035,0.0001
58,1.2619928879605031,2.075234977793103,0.0001
59,1.243073560100563,2.1253660095278004,0.0001
60,1.236755684202986,2.0752833849295063,0.0001
61,1.2266790138100814,1.9631064451050875,0.0001
62,1.2157025125310872,2.0344112736625273,0.0001
63,1.2042940094857346,2.1517629664873206,0.0001
64,1.1969877741813906,1.975924547311706,0.0001
65,1.183661518020943,2.2582006576431746,0.0001
66,1.1765151837245469,1.8950136333724978,0.0001
67,1.1650870737980583,2.1340042161959842,0.0001
68,1.1501444259197766,1.7996103104771393,0.0001
69,1.1448223796565895,2.1477612031160596,0.0001
70,1.1414052862826065,2.0277317321244293,0.0001
71,1.1269029331393978,2.2107666468918916,0.0001
72,1.1187476395253395,2.2496170379126212,0.0001
73,1.1120856426811643,2.147694084803901,0.0001
74,1.1034672907845404,1.9621630795650542,0.0001
75,1.0965133797136353,2.0043904637070513,0.0001
76,1.0820280559941828,1.8960900971742325,0.0001
77,1.0779731323450312,2.176090166907152,0.0001
78,1.068903261781618,1.9086058056015973,0.0001
79,1.0606536320693434,2.3129975389996265,0.0001
80,1.0556598621497315,2.13821384539834,0.0001
81,1.051746461863837,1.9561660157092022,0.0001
82,1.0392527740095319,1.9425842577381416,0.0001
83,1.035132370606719,2.0600036845985645,0.0001
84,1.029799412462503,1.9433001036004733,0.0001
85,1.0210560075885098,2.123018695391079,0.0001
86,1.0131417000565117,2.114890530840579,0.0001
87,1.0097414876007,2.040554938206565,0.0001
88,1.000782050827824,2.11992068262426,0.0001
89,0.995864504414216,2.057602353860299,0.0001
90,0.9884691130697679,2.0153000084894535,0.0001
91,0.9906537391299421,2.080928295374471,0.0001
92,0.976160999590015,2.1481122597389106,0.0001
93,0.9762987357069515,2.3692282703495784,0.0001
94,0.9703502175815933,2.384575116681934,0.0001
95,0.9605120367054519,2.3292307271527433,0.0001
96,0.9600978529360649,2.0724060254214294,0.0001
97,0.9549277330964862,2.1239489397749387,0.0001
98,0.949950937326782,2.316559644343364,0.0001
99,0.9416013013153555,2.261210944594717,0.0001
100,0.9390753195168468,2.290214160552041,0.0001
End of training: 2022-09-25 02:18:03

Loss min training: 0.9390753195168468

Loss min val: 1.5148503275161989

Best epoch: 11

Correlation: (0.528393944157047, 0.0)




--> Fold: 9

Format of train data: frames: 131669 , pressures: 131669 

Format of validation data: frames: 47240 , pressures: 47240 

Option shuffle: True

Begin of training: 2022-09-25 02:18:09

Epoch,train_loss,val_loss,lr
1,7.257843527899523,1.6823449221634441,0.0001
2,2.567330606932436,1.6475370091366424,0.0001
3,2.4746393738603167,1.7529324825692238,0.0001
4,2.428001185688432,1.8602016323608024,0.0001
5,2.3806841675706227,1.9256352009155506,0.0001
6,2.336461140065773,1.6894539973172569,0.0001
7,2.3008654078236805,1.5981418033255852,0.0001
8,2.2935078829312556,1.8340331768000357,0.0001
9,2.272519422490611,1.6504484628036202,0.0001
10,2.2500990787717567,1.6864636673551814,0.0001
11,2.2079059223558377,1.5841094300264429,0.0001
12,2.171012991654526,1.5781109237953528,0.0001
13,2.1455475566375752,1.4060809384857973,0.0001
14,2.1164491239383647,1.4180481842470614,0.0001
15,2.0872792860824783,1.4046133450387799,0.0001
16,2.06278140385872,1.3344189010970577,0.0001
17,2.0425488290237075,1.2634287543058598,0.0001
18,2.0104204423943517,1.3566078464223812,0.0001
19,1.9804713827273228,1.2664598775051288,0.0001
20,1.9571048447873005,1.3309690540266885,0.0001
21,1.933573350597894,1.5143779526112142,0.0001
22,1.9254061379467915,1.2327416806580351,0.0001
23,1.888373113111114,1.2305439848702,0.0001
24,1.8627956640357404,1.237249294990811,0.0001
25,1.8488121057413365,1.2096667574685473,0.0001
26,1.832406778869704,1.2749423439678351,0.0001
27,1.8078769360151474,1.2376841147606097,0.0001
28,1.7867909641954458,1.2238931566754405,0.0001
29,1.7633605124405032,1.2118406383997298,0.0001
30,1.7405945633718172,1.1834338246817109,0.0001
31,1.729295363291779,1.173256614024512,0.0001
32,1.700034324149324,1.1674900480491646,0.0001
33,1.6813904426516677,1.168775305982165,0.0001
34,1.6587698256351355,1.204042146460269,0.0001
35,1.6523408957537524,1.1678016433768308,0.0001
36,1.6305705742550662,1.1820720018319009,0.0001
37,1.6044769375998695,1.189782041033681,0.0001
38,1.5892656364155653,1.1868079530496298,0.0001
39,1.5871320689058328,1.1684936790926592,0.0001
40,1.5551776637914685,1.1854075145156175,0.0001
41,1.557535048805673,1.249984878932491,0.0001
42,1.5304088646516567,1.190800456693877,0.0001
43,1.510300097478987,1.193881751742028,0.0001
44,1.4952060282889035,1.1718428455501366,0.0001
45,1.484713889959883,1.1588775025193314,0.0001
46,1.4703150726950713,1.1806155463783141,0.0001
47,1.4521732116890114,1.181234486450289,0.0001
48,1.4456952532700738,1.1610010626657246,0.0001
49,1.4269545466392013,1.1659893417035392,0.0001
50,1.4115219101217995,1.1563506754952704,0.0001
51,1.401361515489428,1.1778981546947858,0.0001
52,1.3858581447685698,1.1736934862128765,0.0001
53,1.3797129132700952,1.1781980776665677,0.0001
54,1.3596338854385874,1.2236376837892717,0.0001
55,1.3459932043876721,1.1751494663232065,0.0001
56,1.3377231548876363,1.1729565351923879,0.0001
57,1.3218229459328676,1.2047412835572555,0.0001
58,1.3201609086620603,1.214944212361981,0.0001
59,1.304644221563074,1.2281684113800475,0.0001
60,1.2924577251401161,1.1816967969824963,0.0001
61,1.2755532691985718,1.1691014321349011,0.0001
62,1.269832400016662,1.2288279809858917,0.0001
63,1.2602039989168345,1.2377766167683484,0.0001
64,1.2506977980149312,1.217680030571617,0.0001
65,1.244452640958479,1.1777919377238946,0.0001
66,1.2316151590825832,1.2178267110312622,0.0001
67,1.2190600336722914,1.2370031014576894,0.0001
68,1.2084042863954325,1.2387354878830164,0.0001
69,1.1981308008500753,1.2152669808503231,0.0001
70,1.1901898365235362,1.1735680402586968,0.0001
71,1.1803492362401693,1.262850160799624,0.0001
72,1.176155324798666,1.1900894512774882,0.0001
73,1.1682384506898158,1.2055703892534209,0.0001
74,1.154041984435196,1.2802135906615164,0.0001
75,1.1585016934577375,1.2287934779111456,0.0001
76,1.1427582853178253,1.2390352515928025,0.0001
77,1.131841186569242,1.249916441535465,0.0001
78,1.129582172112127,1.2371361083847097,0.0001
79,1.1245980430784146,1.3047414017369645,0.0001
80,1.1114764173897709,1.2800313382508086,0.0001
81,1.1097181305748858,1.2522499584828666,0.0001
82,1.0972484108624334,1.2406861903402988,0.0001
83,1.0898711582508511,1.2515134601245785,0.0001
84,1.0838609924518774,1.2348438428681752,0.0001
85,1.07773641778552,1.2712703154109273,0.0001
86,1.0705832648259537,1.2700321542116466,0.0001
87,1.0664999617562179,1.2893817013446605,0.0001
88,1.061607247156486,1.2951787471165606,0.0001
89,1.0543565975930642,1.3421265462411853,0.0001
90,1.052657503371879,1.259377318716574,0.0001
91,1.047104336894397,1.2843396999086998,0.0001
92,1.0408778819483464,1.2784671074651641,0.0001
93,1.0310154708135322,1.281820556392718,0.0001
94,1.024581582164222,1.2725491564118387,0.0001
95,1.0220474967833848,1.3124791251512828,0.0001
96,1.017895095207247,1.2742983219080513,0.0001
97,1.0116780921185895,1.3380065900203437,0.0001
98,1.0084563260161037,1.296703638977968,0.0001
99,1.0035577062723235,1.286985787893129,0.0001
100,0.9983583555628323,1.3728402839486222,0.0001
End of training: 2022-09-25 02:41:19

Loss min training: 0.9983583555628323

Loss min val: 1.1563506754952704

Best epoch: 50

Correlation: (0.5651100063636978, 0.0)


