
Dispositivo usado pelo Pytorch: cuda

*****************************************

-----> GRID 2:   hyperparameters
0             100
1            adam
2              32
3             0.2
4           1e-05
5             0.2

 LSTM =True


 option_overlap=True , option_causal=False ,option_dropout_lstm=0.2



--> Fold: 0

Format of train data: frames: 118655 , pressures: 118655 

Format of validation data: frames: 48176 , pressures: 48176 

Option shuffle: True

Begin of training: 2022-07-03 08:44:56

Epoch,train_loss,val_loss,lr
1,46.503646454914175,12.586410813219166,1e-05
2,5.924962891166397,2.3504604151461934,1e-05
3,2.1773690960077827,1.9012876290967797,1e-05
4,1.7086519939660032,2.014794169767716,1e-05
5,1.5810863893375973,2.0291370115221556,1e-05
6,1.5031966786946998,2.0285471638980717,1e-05
7,1.4517148198925094,2.0926289014030792,1e-05
8,1.4046786445335806,2.21179346929789,1e-05
9,1.3672694988726144,2.1985666275974602,1e-05
10,1.3316919132318024,2.2663012620659218,1e-05
11,1.308655431539751,2.2518104585806267,1e-05
12,1.2856242341180653,2.285684613997815,1e-05
13,1.2597886971720884,2.2761921635184006,1e-05
14,1.2445265107066235,2.3588210337188147,1e-05
15,1.2202043236806468,2.3855341770687755,1e-05
16,1.2049241013675809,2.3922274330057443,1e-05
17,1.1933166426883115,2.3823483652230792,1e-05
18,1.1658877663895482,2.3790353136338176,1e-05
19,1.1607388574662831,2.369288181791429,1e-05
20,1.1429884922267826,2.3576259148235694,1e-05
21,1.1295092070742165,2.3067977110122535,1e-05
22,1.1250517598617484,2.2928758164807754,1e-05
23,1.1095627550931912,2.3010791844602676,1e-05
24,1.0989699277653364,2.361541018657057,1e-05
25,1.0867409266280614,2.3433306825315388,1e-05
26,1.0834625511383227,2.3988491314584257,1e-05
27,1.0753597068382743,2.352095575753893,1e-05
28,1.0607339074018807,2.4077284927187628,1e-05
29,1.054007103447064,2.3526288467718888,1e-05
30,1.0424111018052853,2.351231200241322,1e-05
31,1.038810935338827,2.2772177543722485,1e-05
32,1.0292638015708893,2.273374355500499,1e-05
33,1.0186974858389728,2.34309586711359,1e-05
34,1.0143383168736158,2.2738142781224373,1e-05
35,1.0036831430828048,2.302862786407369,1e-05
36,0.9999623308877598,2.3013787535249652,1e-05
37,0.9910756930992077,2.307693202802011,1e-05
38,0.9814973590658416,2.2974917397313797,1e-05
39,0.9810838293765007,2.2367535641485574,1e-05
40,0.9682243275710712,2.2880592321644824,1e-05
41,0.9616026555993032,2.2865833316440005,1e-05
42,0.9528048993262122,2.2282023364545025,1e-05
43,0.9561501715036677,2.2719324495419437,1e-05
44,0.9494191132666393,2.2995480790719443,1e-05
45,0.9416282344048296,2.3240532108574206,1e-05
46,0.9327259347470057,2.32649740785588,1e-05
47,0.9289140742199143,2.3329702641472236,1e-05
48,0.9280915650368581,2.3354780178298116,1e-05
49,0.9188407115882831,2.3482862905345856,1e-05
50,0.9128098482016863,2.3853374405661043,1e-05
51,0.9126180279767798,2.3572942623859308,1e-05
52,0.9044230381414997,2.3988996028741782,1e-05
53,0.8963885468345774,2.303144947986039,1e-05
54,0.8948510607446994,2.3137101510243334,1e-05
55,0.8882263650037582,2.3365323201084167,1e-05
56,0.8918436462531263,2.355583177377757,1e-05
57,0.880739886635831,2.407072161131624,1e-05
58,0.8712280075351456,2.344191291014723,1e-05
59,0.8776723333513444,2.349188499021514,1e-05
60,0.8661550773329894,2.4110919704709644,1e-05
61,0.8616232359134555,2.3643979675070623,1e-05
62,0.8577578244084308,2.392331398946825,1e-05
63,0.8560590761092945,2.3800417391892013,1e-05
64,0.8503995276297155,2.370731829884281,1e-05
65,0.8470079047957894,2.3882369737773987,1e-05
66,0.8418734166751864,2.3406019930386615,1e-05
67,0.838180148899417,2.410271316024403,1e-05
68,0.8346525069489893,2.468240291365196,1e-05
69,0.829878915477445,2.403550566173162,1e-05
70,0.8303313393432288,2.440412304441781,1e-05
71,0.8232651467269252,2.4105733046298883,1e-05
72,0.8210301160767167,2.4905657818926326,1e-05
73,0.8133507705469217,2.489206849360775,1e-05
74,0.8129860334061606,2.4104756268105687,1e-05
75,0.8135599390107427,2.3928714577283072,1e-05
76,0.8024659606274248,2.4015685855174373,1e-05
77,0.8086412148004255,2.441398822322948,1e-05
78,0.7998680515554741,2.4437390934862755,1e-05
79,0.7948278728254193,2.426989845147128,1e-05
80,0.7883927125895823,2.441543701003058,1e-05
81,0.7883365400973475,2.491399649328981,1e-05
82,0.7828094809151074,2.442619897011941,1e-05
83,0.7822684611599433,2.4567111876271404,1e-05
84,0.7832843597587003,2.4164522301513305,1e-05
85,0.7770288815319922,2.4360312061506186,1e-05
86,0.7788336497292316,2.448247159924946,1e-05
87,0.7688905291473723,2.423874441748321,1e-05
88,0.7685817694599703,2.445097965879006,1e-05
89,0.7627260553822255,2.514636643065127,1e-05
90,0.7609800564439533,2.5285480483668623,1e-05
91,0.7606274707334131,2.4751502159860435,1e-05
92,0.7563023253159509,2.5316905003376315,1e-05
93,0.7532383423032203,2.5278808119605047,1e-05
94,0.7500237894215961,2.497631744545031,1e-05
95,0.7429860626775644,2.4909667661125896,1e-05
96,0.7469995875177942,2.4082351270920808,1e-05
97,0.7393051782659431,2.5488667944585393,1e-05
98,0.7413284870115515,2.4336963457270975,1e-05
99,0.7365935944721193,2.4946791614974626,1e-05
100,0.7376184586929886,2.5270058932948927,1e-05
End of training: 2022-07-03 09:19:57

Loss min training: 0.7365935944721193

Loss min val: 1.9012876290967797

Best epoch: 3

Correlação: (0.3713370874171694, 0.0)




--> Fold: 1

Format of train data: frames: 122682 , pressures: 122682 

Format of validation data: frames: 44149 , pressures: 44149 

Option shuffle: True

Begin of training: 2022-07-03 09:20:03

Epoch,train_loss,val_loss,lr
1,47.179595090651816,12.731008794753828,1e-05
2,5.619139816644375,2.636167953118546,1e-05
3,2.2606687240995016,2.025277810182174,1e-05
4,1.63909983208181,1.9826818160874222,1e-05
5,1.5003786037518638,1.8626365338844169,1e-05
6,1.4366873638457458,1.8904960613109891,1e-05
7,1.3814916081261475,1.8002912373517836,1e-05
8,1.3414726921680713,1.8080349725684255,1e-05
9,1.3196898773141308,1.8037439133346589,1e-05
10,1.2929065551286503,1.8415536211420935,1e-05
11,1.266703444218601,1.7456653933014323,1e-05
12,1.2457701829486403,1.7531675342368729,1e-05
13,1.2273921885202563,1.8304400029529457,1e-05
14,1.2083714287625131,1.8102086179267078,1e-05
15,1.194483057506682,1.8077345743527966,1e-05
16,1.173481289483118,1.793826591636687,1e-05
17,1.1720286148024446,1.870405626225713,1e-05
18,1.1509938630361074,1.768021121938063,1e-05
19,1.1419854340038909,1.7670951907385077,1e-05
20,1.1318960642550724,1.7806263001184532,1e-05
21,1.1248928723380587,1.8525273338223172,1e-05
22,1.1092552064603594,1.7849605791879113,1e-05
23,1.0925737286993429,1.7654118837755413,1e-05
24,1.0864755995974258,1.8152888431325283,1e-05
25,1.0758323718951088,1.716008438570221,1e-05
26,1.066556130587628,1.8210104626057635,1e-05
27,1.0607229776269809,1.751473395324201,1e-05
28,1.047736554259812,1.876937622888871,1e-05
29,1.0499736986998112,1.9007789747731576,1e-05
30,1.0347781070037687,1.8081404085826134,1e-05
31,1.0304659013702226,1.8509537697259604,1e-05
32,1.018214416601853,1.9154340471777793,1e-05
33,1.0077028047266763,1.8298565581791608,1e-05
34,1.0060290936664542,1.9544207787966819,1e-05
35,0.9975286419209226,1.8006627363846384,1e-05
36,0.9919612705051657,1.8946659802531853,1e-05
37,0.9859303921498516,1.8628548548584436,1e-05
38,0.9787336113233659,1.8535394186195817,1e-05
39,0.9724046619222841,1.8577943319977228,1e-05
40,0.9694590601191378,1.8550666797071726,1e-05
41,0.9615652247816623,1.8296804539239102,1e-05
42,0.9564713235700433,1.854564047796156,1e-05
43,0.9505411134354865,1.9320434770507637,1e-05
44,0.941675925444885,1.805823787527394,1e-05
45,0.9353446866632221,1.8005680508644801,1e-05
46,0.9282279513668565,1.9936344762731832,1e-05
47,0.9262106968879591,1.9252245093194456,1e-05
48,0.9200387087498876,1.8675406403405368,1e-05
49,0.9175877060053531,1.8713491551400678,1e-05
50,0.9114745496795991,1.8343971080344115,1e-05
51,0.9025529347284463,1.9464246313359534,1e-05
52,0.901820205786672,1.835364701623741,1e-05
53,0.8988825022543657,1.9036469644521539,1e-05
54,0.8936583912010536,1.9006813822274526,1e-05
55,0.8797392171556511,1.9194550196547566,1e-05
56,0.8847644025329405,2.0164817550983805,1e-05
57,0.8836065635506092,2.045473423016895,1e-05
58,0.8694647939406,1.979728795199025,1e-05
59,0.8706004886580867,1.986853343243912,1e-05
60,0.8729644742959386,1.924063225449051,1e-05
61,0.8558326244968358,1.9799915988673877,1e-05
62,0.8543756629507254,1.9796542568291464,1e-05
63,0.8521173075894573,1.9986192041562474,1e-05
64,0.8549680468771452,1.993577087138009,1e-05
65,0.844906622032547,2.05885543462285,1e-05
66,0.8385718273709571,2.060894196531765,1e-05
67,0.8369034183713124,2.231449859821771,1e-05
68,0.8296535486610706,2.0976266147580085,1e-05
69,0.8290972215705139,2.1885833563860033,1e-05
70,0.8239702318748612,2.1577390655849893,1e-05
71,0.818726439163983,2.092145261160987,1e-05
72,0.8242909519821374,2.186016079847501,1e-05
73,0.8156940731703988,2.2675848168482604,1e-05
74,0.8067260006133637,2.121944959837247,1e-05
75,0.811250105779826,2.301297506874784,1e-05
76,0.8078546151967015,2.329367141509888,1e-05
77,0.7984380005956448,2.2410690068642376,1e-05
78,0.7982965134198035,2.340392263222557,1e-05
79,0.7953935408982457,2.390716987883789,1e-05
80,0.7875923009085583,2.3538749129205856,1e-05
81,0.787409809116661,2.4037507110177847,1e-05
82,0.7821227544215849,2.37959272371834,1e-05
83,0.7782501059475869,2.426644971336729,1e-05
84,0.7785606227309992,2.437648945773978,1e-05
85,0.7732776568877359,2.3527763895131004,1e-05
86,0.7683041312615609,2.5198990680825313,1e-05
87,0.7754338940969937,2.470519086761559,1e-05
88,0.7672405574821236,2.4831417013681927,1e-05
89,0.7630056642558639,2.4052472986714126,1e-05
90,0.7617110690415868,2.5035966970569055,1e-05
91,0.7566566518503115,2.5878305152744105,1e-05
92,0.7582327456520634,2.6417769920234893,1e-05
93,0.7511855493741799,2.6087829220991323,1e-05
94,0.7462693250149557,2.589190122843539,1e-05
95,0.7481952998927757,2.7824847724727224,1e-05
96,0.7462775404047381,2.512460916381846,1e-05
97,0.7435306317513842,2.667725833197456,1e-05
98,0.7406847838769266,2.6581165867242356,1e-05
99,0.7375160442459554,2.937525907705836,1e-05
100,0.7278505012387411,2.665538405823398,1e-05
End of training: 2022-07-03 09:55:12

Loss min training: 0.7278505012387411

Loss min val: 1.716008438570221

Best epoch: 25

Correlação: (0.5299032369883722, 0.0)




--> Fold: 2

Format of train data: frames: 127377 , pressures: 127377 

Format of validation data: frames: 39454 , pressures: 39454 

Option shuffle: True

Begin of training: 2022-07-03 09:55:18

Epoch,train_loss,val_loss,lr
1,45.98576731698183,11.77877867979014,1e-05
2,5.011598482726952,2.564501136739273,1e-05
3,2.2976593702225045,1.5392405046381892,1e-05
4,1.7446215792993107,1.553336531656551,1e-05
5,1.6065892274157534,1.4856274938682479,1e-05
6,1.524656782746273,1.4887716510627385,1e-05
7,1.4732999416203885,1.4854835484184616,1e-05
8,1.4311593528026993,1.5040802681640053,1e-05
9,1.3869924441330794,1.5352645506394484,1e-05
10,1.3566531097252457,1.490978052734924,1e-05
11,1.3267352591365618,1.550596425837497,1e-05
12,1.3069760113896285,1.54640071490076,1e-05
13,1.2877473709072798,1.5373185704252001,1e-05
14,1.26582196162239,1.5949734590610356,1e-05
15,1.245022581650041,1.581907711310896,1e-05
16,1.230534806146951,1.5481375221903484,1e-05
17,1.2138896854853105,1.5922616972130201,1e-05
18,1.1976309649390846,1.6466694682551004,1e-05
19,1.1899827096207636,1.6629637209964354,1e-05
20,1.1720309805304598,1.632918169732064,1e-05
21,1.163333393557735,1.6318424479334257,1e-05
22,1.1520824683983757,1.7070780920052955,1e-05
23,1.1401053705364597,1.6502459939714076,1e-05
24,1.1297615118317679,1.7616137564620395,1e-05
25,1.1180195942301983,1.7147767479979166,1e-05
26,1.1098618705515235,1.795721032896606,1e-05
27,1.1051905985894979,1.784228844248518,1e-05
28,1.091673455960503,1.6978059057264336,1e-05
29,1.0877364935560447,1.8516359457938485,1e-05
30,1.083636233932336,1.7844926825090364,1e-05
31,1.0700089200361687,1.785932671771782,1e-05
32,1.058285159860938,1.8170382758623178,1e-05
33,1.0548943625848093,1.8172788426862412,1e-05
34,1.044149124557863,1.8609066270939534,1e-05
35,1.035542131211491,1.8603517567264802,1e-05
36,1.0265050102863904,1.8621119713827983,1e-05
37,1.0197626727915323,1.8888008431111551,1e-05
38,1.0176498700201975,1.933584657099483,1e-05
39,1.0068637475830993,1.9345936218591326,1e-05
40,1.0047315590034056,1.974808760165999,1e-05
41,0.9922269020080042,2.0162598591239513,1e-05
42,0.989619332623972,2.1071559008796874,1e-05
43,0.982007070800867,2.0031440168953027,1e-05
44,0.9777381205782077,1.9931724993596542,1e-05
45,0.9672992941903223,2.029301909037826,1e-05
46,0.9634603735979029,2.002549789889377,1e-05
47,0.960932740548268,2.014304645909802,1e-05
48,0.9477494774284057,2.0806164051531995,1e-05
49,0.9534628838021112,2.0300209460488357,1e-05
50,0.942752594617525,2.0228833435104714,1e-05
51,0.9330123742292317,2.0654840849341096,1e-05
52,0.9316631761319315,2.268688357135616,1e-05
53,0.9292590254652697,2.081562774031622,1e-05
54,0.9250815825756881,2.2634604570832635,1e-05
55,0.9164759626330675,2.2398710850617354,1e-05
56,0.9146272870864391,2.158497524483855,1e-05
57,0.9069365875365082,2.229753442879485,1e-05
58,0.9052144116670172,2.2747644554760753,1e-05
59,0.8976596659059408,2.2170789400357798,1e-05
60,0.8927109165146054,2.1780489440285056,1e-05
61,0.8858337001769391,2.2550450383532143,1e-05
62,0.8881424024917657,2.2098917628395736,1e-05
63,0.8864094872842638,2.2015235520003804,1e-05
64,0.879389354470763,2.2752180429794993,1e-05
65,0.8705204634691263,2.351910210117443,1e-05
66,0.867830733205982,2.2452455424450277,1e-05
67,0.8711983012534649,2.335403841374679,1e-05
68,0.8644745907330207,2.3167784204109334,1e-05
69,0.8563183480770099,2.2859857786914572,1e-05
70,0.8522085341563477,2.4039223815216793,1e-05
71,0.8502928312828603,2.3236392099447496,1e-05
72,0.8513225167799046,2.408800644634547,1e-05
73,0.842850892064642,2.402657455291425,1e-05
74,0.8388261055869046,2.4080030246145214,1e-05
75,0.8354984425863514,2.448040425738156,1e-05
76,0.8302123132628894,2.54127153563126,1e-05
77,0.8251548094281774,2.508871025065483,1e-05
78,0.8234738224681016,2.5761828589936124,1e-05
79,0.8245529451493177,2.3750761111460523,1e-05
80,0.8166009080180059,2.6785701498847754,1e-05
81,0.8174830435086539,2.6913952401909023,1e-05
82,0.8082979831252363,2.6873194836214154,1e-05
83,0.808319978596649,2.6200271700860376,1e-05
84,0.8093778880733701,2.7339415778534613,1e-05
85,0.8016901628491201,2.4044613707668065,1e-05
86,0.8005487592400912,2.490674306516405,1e-05
87,0.794069352394424,2.652630590767676,1e-05
88,0.7925251398802906,2.7676218175885645,1e-05
89,0.7903530546321121,2.7531145462342246,1e-05
90,0.7906492572660236,2.594819385692256,1e-05
91,0.7864376007240136,2.785476803761473,1e-05
92,0.7845593052495998,2.634966702639389,1e-05
93,0.7780835527607871,2.919922701107626,1e-05
94,0.7752919009705772,2.800417396115442,1e-05
95,0.7756946687342656,2.8640323415834446,1e-05
96,0.7693157129209218,2.8291905044379306,1e-05
97,0.7648995101807039,2.7573013909354844,1e-05
98,0.7625402678556297,2.7676230203895686,1e-05
99,0.7610100482935448,2.781696189777496,1e-05
100,0.7595267552543967,2.8687429624496485,1e-05
End of training: 2022-07-03 10:31:00

Loss min training: 0.7595267552543967

Loss min val: 1.4854835484184616

Best epoch: 7

Correlação: (0.4741226901086144, 0.0)




--> Fold: 3

Format of train data: frames: 125334 , pressures: 125334 

Format of validation data: frames: 41497 , pressures: 41497 

Option shuffle: True

Begin of training: 2022-07-03 10:31:05

Epoch,train_loss,val_loss,lr
1,43.779288305247015,9.80772521717191,1e-05
2,4.924870164918605,2.249284695742443,1e-05
3,2.114679344645797,1.6138783172029707,1e-05
4,1.7302638367642347,1.5769672398222818,1e-05
5,1.626525410094751,1.5561095057537657,1e-05
6,1.5585101842671,1.5522507546473565,1e-05
7,1.5037021367611567,1.5509500738672226,1e-05
8,1.4719070884410514,1.6535834133284613,1e-05
9,1.4287669139275752,1.5814169676392287,1e-05
10,1.4084410241483103,1.7266662539230857,1e-05
11,1.367888721781034,1.6340562360965882,1e-05
12,1.3370949269265566,1.7981760521683345,1e-05
13,1.3176960644980389,1.7971767513976689,1e-05
14,1.2991970518375442,1.8340609585270466,1e-05
15,1.2801229039365731,1.859486092612649,1e-05
16,1.264511244743337,1.86886790014363,1e-05
17,1.247675849039752,1.6762911067553754,1e-05
18,1.225388937469211,1.730458115558669,1e-05
19,1.2047063987586508,1.8230273553020142,1e-05
20,1.1984685629295702,1.7294558064404473,1e-05
21,1.1872713494405847,1.7992108684736703,1e-05
22,1.1729548530607377,1.882251056822868,1e-05
23,1.162547605957663,1.865422268587414,1e-05
24,1.1443554620378933,1.7448906661441625,1e-05
25,1.1368113784846954,1.6679149952486836,1e-05
26,1.1246443230761076,1.9011020528513785,1e-05
27,1.115379047469509,1.7781986804526377,1e-05
28,1.1096100734770684,1.8996835541322403,1e-05
29,1.1016006779244227,1.7803392729954677,1e-05
30,1.0931939289608927,1.771028248856469,1e-05
31,1.0776785253700427,1.914205727676146,1e-05
32,1.0770896009597097,1.8235010997925643,1e-05
33,1.0681534032065922,1.855109776617932,1e-05
34,1.0609353554319765,1.8725832163099698,1e-05
35,1.0468603008717965,1.853792625521885,1e-05
36,1.0387146914304126,1.8736920922188098,1e-05
37,1.0334475039113715,1.9038978841536494,1e-05
38,1.0245890161321407,1.8079458967525965,1e-05
39,1.0233785605271573,1.865182138754465,1e-05
40,1.0159245673291526,1.9552319039062502,1e-05
41,1.0071335341369716,1.9412061380450059,1e-05
42,0.998751267314039,1.9372899764979763,1e-05
43,1.000079835180459,2.078661991940477,1e-05
44,0.981458412469454,1.9508587520725857,1e-05
45,0.9784543903512355,2.0900348803966993,1e-05
46,0.9767128286142629,1.9965610116907644,1e-05
47,0.9699953895556263,1.9336310915996715,1e-05
48,0.9597862469721413,2.04119789504998,1e-05
49,0.9610824152937356,2.041973123898704,1e-05
50,0.9525208668825068,2.0801723747422103,1e-05
51,0.9455718301373474,2.1127712368766933,1e-05
52,0.9368489279817317,2.1027239262116892,1e-05
53,0.9360079670130445,2.1217085782322798,1e-05
54,0.9211385884421099,2.1201603252043086,1e-05
55,0.9239903040595152,2.174283679768008,1e-05
56,0.9165212485394086,2.1217477839633747,1e-05
57,0.9081351398919494,2.1889730583636946,1e-05
58,0.905165473957749,2.2423550763767817,1e-05
59,0.9015264996642716,2.2224110640608945,1e-05
60,0.8968883797202737,2.2298960282716,1e-05
61,0.8945013803012607,2.1983013523714594,1e-05
62,0.8891739471024109,2.2300318814583378,1e-05
63,0.8821211279114823,2.2562745356785547,1e-05
64,0.8772430533801016,2.309845633439783,1e-05
65,0.8737331790054509,2.268666313660186,1e-05
66,0.872501000304253,2.2726109255899116,1e-05
67,0.869494762700782,2.2555104797626515,1e-05
68,0.8576126878818587,2.279221377246457,1e-05
69,0.8593856657326725,2.386728202634212,1e-05
70,0.8511259595688141,2.452189057867915,1e-05
71,0.8517071639359447,2.403817195520259,1e-05
72,0.8460852054023852,2.3332886087419578,1e-05
73,0.8404948673445062,2.458814461219683,1e-05
74,0.8339591223019457,2.3775802854831256,1e-05
75,0.8339105604488808,2.528263964101338,1e-05
76,0.8296361931091252,2.6030987837396364,1e-05
77,0.8244418495624023,2.5748291906742953,1e-05
78,0.8269182584281818,2.5103166833235178,1e-05
79,0.8171328940803495,2.609546013647388,1e-05
80,0.8171928523458707,2.6188347127795706,1e-05
81,0.8117233735467619,2.511550973828369,1e-05
82,0.8073918972150899,2.6377244639615567,1e-05
83,0.8131029753652507,2.679644646091766,1e-05
84,0.7972366144251686,2.6950042149065534,1e-05
85,0.8013253022357245,2.6041258644689393,1e-05
86,0.7943443354953176,2.6845436094755044,1e-05
87,0.7944787705230141,2.5697214773086956,1e-05
88,0.7912771469203684,2.726299539486707,1e-05
89,0.787438759565304,2.7422860865277303,1e-05
90,0.7826953001224892,2.686051146870398,1e-05
91,0.7818336327444579,2.780165293318572,1e-05
92,0.7768494828370108,2.7154564384977813,1e-05
93,0.7703122081335544,2.774992485610819,1e-05
94,0.7742370401195842,2.7774872039660985,1e-05
95,0.7696306992260442,2.615194138255203,1e-05
96,0.7670828904654298,2.777343370117164,1e-05
97,0.7636518326117179,2.7032184104251584,1e-05
98,0.7604326617628907,2.824017700328653,1e-05
99,0.7578851090795885,2.7397285763360215,1e-05
100,0.7528968770438902,2.7073422889294423,1e-05
End of training: 2022-07-03 11:06:39

Loss min training: 0.7528968770438902

Loss min val: 1.5509500738672226

Best epoch: 7

Correlação: (0.2927067033805284, 0.0)




--> Fold: 4

Format of train data: frames: 127998 , pressures: 127998 

Format of validation data: frames: 38833 , pressures: 38833 

Option shuffle: True

Begin of training: 2022-07-03 11:06:45

Epoch,train_loss,val_loss,lr
1,46.347032825757445,11.793274711476467,1e-05
2,4.96888127574552,2.255145772794665,1e-05
3,2.0057317052837997,1.591340376838201,1e-05
4,1.665503799219605,1.6426778166532252,1e-05
5,1.5428358719969886,1.6790687070825978,1e-05
6,1.4663398559396086,1.66623375582369,1e-05
7,1.4213694214837627,1.6081340597527618,1e-05
8,1.3833055876778797,1.6661623564077266,1e-05
9,1.348707565978314,1.652433398925214,1e-05
10,1.3175977820144873,1.7025376856472871,1e-05
11,1.2881758890292945,1.7480480560170808,1e-05
12,1.264819938973819,1.7304194512965367,1e-05
13,1.2513249241379447,1.6695867187148055,1e-05
14,1.2332340203035037,1.7612240148561307,1e-05
15,1.2103841873993677,1.7470309430895399,1e-05
16,1.2025055269440326,1.719618427421297,1e-05
17,1.1812284534377127,1.7933938395362141,1e-05
18,1.1708808028848285,1.7707934770024667,1e-05
19,1.1526152260998386,1.8289731708166144,1e-05
20,1.1445929580734016,1.7748606489863405,1e-05
21,1.1255333635177043,1.8837997721774786,1e-05
22,1.1101505681182013,1.9664055523507562,1e-05
23,1.1035364434507449,2.0316625203559036,1e-05
24,1.0948397752245835,2.0443655221881523,1e-05
25,1.0812134805136404,2.0570708278942553,1e-05
26,1.0714235356907227,2.028185746915537,1e-05
27,1.0604059776329755,2.1522567142364712,1e-05
28,1.050375132058255,2.0909923283705627,1e-05
29,1.0459698987397557,2.2626077225896344,1e-05
30,1.0351321400883633,2.1762548550279224,1e-05
31,1.026404206833878,2.2390956686707923,1e-05
32,1.0193318869352739,2.2454730929720057,1e-05
33,1.0177400951426552,2.28684094186527,1e-05
34,1.0056939606916238,2.3381097276005782,1e-05
35,1.000213605029227,2.2756094825911526,1e-05
36,0.9896291560289548,2.361192023140468,1e-05
37,0.9850197443189236,2.5032192285898383,1e-05
38,0.9780447685628569,2.528386035881664,1e-05
39,0.969925585740298,2.518778189056285,1e-05
40,0.9636227865206376,2.6047401355222966,1e-05
41,0.9604430759725545,2.5594804970783978,1e-05
42,0.9554202782571121,2.6008216519225984,1e-05
43,0.946072152359273,2.6936570157705884,1e-05
44,0.9362950318734995,2.7801985300330445,1e-05
45,0.9317700347110021,2.625444057093179,1e-05
46,0.9315279665243853,2.759887614856283,1e-05
47,0.9250535587122348,2.8779712825383488,1e-05
48,0.9132313354549677,2.724466794691321,1e-05
49,0.910388536564188,2.777191852855881,1e-05
50,0.9073444545966584,2.791466281664097,1e-05
51,0.9017174420303627,2.878146337117646,1e-05
52,0.897475438582979,2.8915231494639806,1e-05
53,0.8889998358900386,3.0340240925133735,1e-05
54,0.8831464846584319,2.955791598906387,1e-05
55,0.8796184362513038,2.9995257618701534,1e-05
56,0.8801617574718967,2.915681052904176,1e-05
57,0.8747024851315923,3.068369195171055,1e-05
58,0.8640367783994071,2.953750166932176,1e-05
59,0.8704142673985787,2.923268012406422,1e-05
60,0.8598453022682693,3.0419288538788716,1e-05
61,0.8503604988183514,3.1254643354120457,1e-05
62,0.8532721962844431,3.002863381195255,1e-05
63,0.844600569555712,3.055111106208943,1e-05
64,0.8390527619872459,3.2438191707302533,1e-05
65,0.8408972691717732,3.1328637127688044,1e-05
66,0.8355344179285737,3.007640281461673,1e-05
67,0.8254638242021937,3.1280868110780022,1e-05
68,0.8258586013094891,3.016296276037347,1e-05
69,0.8153671516504348,2.9666199535565063,1e-05
70,0.8139002650664648,3.014704397587743,1e-05
71,0.8139240171537208,3.062001792892096,1e-05
72,0.8067559317867522,3.007738481496115,1e-05
73,0.8068655386813222,3.082883366830435,1e-05
74,0.8046750805197616,3.181631158720875,1e-05
75,0.7961285289454217,2.9183259388267913,1e-05
76,0.8018191043290368,3.10551983872459,1e-05
77,0.7865099233806792,3.174543478356737,1e-05
78,0.7871309122027217,3.082934290246647,1e-05
79,0.7820336735936452,3.071892847037532,1e-05
80,0.7802272753720433,3.0460527488217917,1e-05
81,0.7786514579958278,2.9184596741088673,1e-05
82,0.7720129638977815,3.1267093957334637,1e-05
83,0.769489963314798,3.041068068697657,1e-05
84,0.7652261221371032,2.9708490205566878,1e-05
85,0.7695503504820661,3.165234593780496,1e-05
86,0.7606808792878118,2.999304675928205,1e-05
87,0.7629619609216397,3.0385612230617953,1e-05
88,0.7544231343724586,3.0493688004533768,1e-05
89,0.7566836319628517,2.9956269460810763,1e-05
90,0.7492885664665382,3.050280347288037,1e-05
91,0.7452727336577433,3.0508255930714103,1e-05
92,0.7431686183553511,2.870088835219113,1e-05
93,0.7402877332523492,2.8767217004295786,1e-05
94,0.7406789161499244,2.9889330319432674,1e-05
95,0.7302449448603884,2.9735842583258245,1e-05
96,0.7314583263465539,3.11046588181731,1e-05
97,0.7346512610226784,2.9660323702530484,1e-05
98,0.7315330567146685,2.9956820850604635,1e-05
99,0.719732935767086,2.8953898104067286,1e-05
100,0.7243318124108692,3.069530212654779,1e-05
End of training: 2022-07-03 11:42:41

Loss min training: 0.719732935767086

Loss min val: 1.591340376838201

Best epoch: 3

Correlação: (0.3418948503095281, 0.0)




--> Fold: 5

Format of train data: frames: 123787 , pressures: 123787 

Format of validation data: frames: 43044 , pressures: 43044 

Option shuffle: True

Begin of training: 2022-07-03 11:42:48

Epoch,train_loss,val_loss,lr
1,40.75546354978892,9.963559728607725,1e-05
2,4.442632252933091,2.5525848073882247,1e-05
3,1.9498575048131093,3.34582438059937,1e-05
4,1.5721378892921842,2.9540077867632895,1e-05
5,1.4562802799104122,2.998877354951477,1e-05
6,1.405266557335088,2.99237029797946,1e-05
7,1.3696403652888218,3.1521892676775742,1e-05
8,1.3279234533654236,3.208247406976106,1e-05
9,1.3118823714127512,3.245451462444968,1e-05
10,1.2733902711837546,3.2893227742580375,1e-05
11,1.2573076526350597,3.4674972337081678,1e-05
12,1.2352391192464809,3.4127564024674872,1e-05
13,1.211571380758809,3.3893062793436397,1e-05
14,1.1990465637432555,3.3487017205430387,1e-05
15,1.185660973612462,3.281906320862406,1e-05
16,1.167827941480248,3.3226440292941892,1e-05
17,1.1483150109281193,3.458528056650753,1e-05
18,1.1351900837061575,3.327940922390073,1e-05
19,1.127584667058353,3.441738696315898,1e-05
20,1.1179036776969828,3.3450706516230775,1e-05
21,1.1066232457799972,3.2575300285535036,1e-05
22,1.0902103439341901,3.3593094142193842,1e-05
23,1.0794551753238557,3.3940318711749375,1e-05
24,1.069965138688214,3.4222227688915123,1e-05
25,1.05649932758416,3.4137870688031193,1e-05
26,1.056893358728992,3.476320508376959,1e-05
27,1.0482694460415454,3.612835145951558,1e-05
28,1.0350813902362292,3.626467347654664,1e-05
29,1.0295904612725522,3.671140513736047,1e-05
30,1.0184586477753277,3.5861534380179423,1e-05
31,1.0087412519294787,3.535524805397939,1e-05
32,1.0017321327394866,3.649001326151978,1e-05
33,0.9938436088440903,3.621635144865321,1e-05
34,0.9891193457594772,3.666114539797006,1e-05
35,0.9811893249203846,3.8489192725668033,1e-05
36,0.9774120274793631,3.8821882290995684,1e-05
37,0.9713824745491381,3.9531948141710056,1e-05
38,0.9637550579139558,3.841026161630051,1e-05
39,0.9588879379277214,3.9270247236169764,1e-05
40,0.9514588677190834,3.867236163356736,1e-05
41,0.9423701776076797,3.952922858621161,1e-05
42,0.9411008291986726,3.9677549404633132,1e-05
43,0.9296000504161086,3.7680422390784574,1e-05
44,0.9283715360187966,3.9110625320823096,1e-05
45,0.9199932208391496,4.068379568417779,1e-05
46,0.9148669876371607,4.079387921713595,1e-05
47,0.9126053997666705,3.917309783247476,1e-05
48,0.9086956499348761,4.0667626577043565,1e-05
49,0.9010802326954742,4.158284219309872,1e-05
50,0.8994812241250586,4.308096824686231,1e-05
51,0.892849452344169,4.222818238320221,1e-05
52,0.8905226470067459,4.12708219242477,1e-05
53,0.8845810976214652,4.082713063593392,1e-05
54,0.8769242250624755,4.185377514408862,1e-05
55,0.8753237918008341,4.478512596390569,1e-05
56,0.8758788592328862,4.4044476436999265,1e-05
57,0.8658454499345652,4.489049977523312,1e-05
58,0.8573047084389128,4.40251291074027,1e-05
59,0.8577768128632727,4.3337306910072515,1e-05
60,0.8522806292823959,4.3526531975792855,1e-05
61,0.8480754931950113,4.747629292291975,1e-05
62,0.8466517045886048,4.564165165694426,1e-05
63,0.8447325283660537,4.528722135254735,1e-05
64,0.8358634552896729,4.932784302993929,1e-05
65,0.8330201183478322,4.681694702614241,1e-05
66,0.833924720384145,4.55970409516674,1e-05
67,0.8282415115335497,4.753848419636114,1e-05
68,0.8223080112076602,4.649665307604284,1e-05
69,0.8199186178424639,4.6526030336278446,1e-05
70,0.8090024791606825,4.9230197128914135,1e-05
71,0.8131724818009175,4.803398552464681,1e-05
72,0.8076835284283209,4.643011806711545,1e-05
73,0.8053895955072773,4.760011153109908,1e-05
74,0.8013051089252652,4.855350410946017,1e-05
75,0.8036706536430233,4.53903965622771,1e-05
76,0.795136794747759,4.789812391059747,1e-05
77,0.793902542928017,4.944326636317316,1e-05
78,0.7850698700057066,4.764695316915917,1e-05
79,0.7810516783630211,4.890591137937183,1e-05
80,0.7845828637987645,4.872903590773508,1e-05
81,0.7798123102809181,5.04990812549249,1e-05
82,0.7810382049027296,4.8833184479758724,1e-05
83,0.7716292277921891,4.660340732274562,1e-05
84,0.7745126826170107,4.861549818208919,1e-05
85,0.7668206206955541,4.997213047927291,1e-05
86,0.7679651255476133,4.876467439036267,1e-05
87,0.7582109976223332,4.980623846813578,1e-05
88,0.7591922961297204,4.9873979105159325,1e-05
89,0.7551040159319016,5.3214001983041355,1e-05
90,0.7522743978590081,4.866169605719513,1e-05
91,0.7533521245798578,5.202414793747086,1e-05
92,0.7479380299302487,5.19586955039832,1e-05
93,0.7457658291894431,4.953917278165368,1e-05
94,0.7439054159268835,5.038058327117515,1e-05
95,0.7349350616068993,5.263064960156793,1e-05
96,0.737007746895615,4.94864974271386,1e-05
97,0.7308325583248132,5.180986115773164,1e-05
98,0.7350882952107375,4.893038036698979,1e-05
99,0.727004757237544,5.239260851123853,1e-05
100,0.7276332914904852,5.12417637828823,1e-05
End of training: 2022-07-03 12:18:10

Loss min training: 0.727004757237544

Loss min val: 2.5525848073882247

Best epoch: 2

Correlação: (-0.20258557448790415, 0.0)




--> Fold: 6

Format of train data: frames: 125799 , pressures: 125799 

Format of validation data: frames: 41032 , pressures: 41032 

Option shuffle: True

Begin of training: 2022-07-03 12:18:16

Epoch,train_loss,val_loss,lr
1,38.88742209410637,11.439675860852148,1e-05
2,4.208757319565343,2.5875884254300865,1e-05
3,2.025524192486019,2.128518363146039,1e-05
4,1.66192524856664,2.0168645036548267,1e-05
5,1.5442710952556606,2.0308077951276204,1e-05
6,1.489427332761594,2.0869008316866346,1e-05
7,1.4491660204095493,2.1024410615866356,1e-05
8,1.4196605765994337,2.0353293108368367,1e-05
9,1.390936779642709,2.240563304830095,1e-05
10,1.3660937439380552,2.16150027303162,1e-05
11,1.3439048911252736,2.154573633833967,1e-05
12,1.3315694205161057,2.208432214305191,1e-05
13,1.3025004873063566,2.317665406755361,1e-05
14,1.2919702396947064,2.324118494824792,1e-05
15,1.275092352744232,2.389911827694303,1e-05
16,1.2613264586741877,2.4095527659059384,1e-05
17,1.2428196397686921,2.310171720716172,1e-05
18,1.2275612066615165,2.3482653656347985,1e-05
19,1.2138761851371356,2.483163947202839,1e-05
20,1.2071641393309145,2.384143969728645,1e-05
21,1.1903774857427243,2.4963442830691727,1e-05
22,1.183139233457681,2.4208318759972505,1e-05
23,1.1592904691801391,2.391743870849706,1e-05
24,1.1556190770925465,2.5694072569153374,1e-05
25,1.1474766997608958,2.482615114164808,1e-05
26,1.1324109574054275,2.544108320756088,1e-05
27,1.1218895046801693,2.6222807182673473,1e-05
28,1.1195176136881353,2.5163402217107107,1e-05
29,1.1083690549871705,2.506239113646842,1e-05
30,1.0992628553629893,2.7202079622432676,1e-05
31,1.0970630858837882,2.627039621019949,1e-05
32,1.0790655029933582,2.592216390502641,1e-05
33,1.0684610650370134,2.6121251298149883,1e-05
34,1.0686620030528489,2.5744409305028086,1e-05
35,1.0571452232601883,2.7409513307189495,1e-05
36,1.048186488196856,2.6443269149116846,1e-05
37,1.0468899051610858,2.660169748029041,1e-05
38,1.037270100211738,2.8663124941924227,1e-05
39,1.0324641532184924,2.5761073960921386,1e-05
40,1.0203728129540999,2.670146515830076,1e-05
41,1.0224594065441874,2.720543269084708,1e-05
42,1.014298156964792,2.972094138478833,1e-05
43,1.0027744574670345,2.844593350941685,1e-05
44,0.9996073378602265,2.909743055773888,1e-05
45,0.9935433975128308,3.0654415532984354,1e-05
46,0.9867854525064448,2.9967540595749473,1e-05
47,0.978834703087874,3.0302701755489467,1e-05
48,0.9751688698179418,2.944071001605835,1e-05
49,0.9691631702379156,3.044398822684947,1e-05
50,0.9621594590008212,3.047571683260032,1e-05
51,0.9537878496484232,3.050564151731563,1e-05
52,0.9524198383613359,2.923679764727724,1e-05
53,0.9469564593473475,2.9454733411990124,1e-05
54,0.9416017657978976,2.9734755678933644,1e-05
55,0.9371881753971217,2.8812215660115297,1e-05
56,0.9233522387661283,3.0148067236365015,1e-05
57,0.9283917914876396,3.1551565201711553,1e-05
58,0.9284317892750372,3.118404456109047,1e-05
59,0.9188491888518708,3.1499009153768087,1e-05
60,0.9197676016429283,3.0792826273725336,1e-05
61,0.9036005405655,3.3044005207300513,1e-05
62,0.9053403173531834,3.284279815121965,1e-05
63,0.9001419398699143,3.0301726522164913,1e-05
64,0.903565351604408,3.028839042205796,1e-05
65,0.8922683359815712,3.0804024744414984,1e-05
66,0.8899819158241924,3.176035754604864,1e-05
67,0.8839976618133193,3.231918368383234,1e-05
68,0.8801249914371571,3.1421190778003796,1e-05
69,0.8760921524212911,3.0456018608247217,1e-05
70,0.8704717240721304,3.119448784453336,1e-05
71,0.8683829778109661,3.145799609879858,1e-05
72,0.8579217260886971,3.093919347963688,1e-05
73,0.861636335659253,3.0860826910111516,1e-05
74,0.8537395026829949,3.123199155628623,1e-05
75,0.8496515142386872,3.30691711292278,1e-05
76,0.8431602797078666,3.301226142229544,1e-05
77,0.8410650535276438,3.2316891066301494,1e-05
78,0.8404451815247851,3.0203592004216326,1e-05
79,0.8338637239554971,3.359567050883635,1e-05
80,0.8324298752244125,3.2084315512979393,1e-05
81,0.8278683395491648,3.3391419675852685,1e-05
82,0.8236471676051516,3.1397101626709483,1e-05
83,0.8174459602241689,3.2977705124549916,1e-05
84,0.825269135484324,3.52752550044797,1e-05
85,0.8165766097437797,3.2542365200223458,1e-05
86,0.8089117763124399,3.536786107855202,1e-05
87,0.8123322454159064,3.4573729248812937,1e-05
88,0.8075784921768361,3.194497556406565,1e-05
89,0.7957181970995768,3.2392647963189365,1e-05
90,0.7987244100359132,3.230839564800727,1e-05
91,0.7904590910829072,3.3373295015516184,1e-05
92,0.7941966970885754,3.3856290960246813,1e-05
93,0.7936189656505943,3.3349999072933363,1e-05
94,0.7875502531326195,3.1498506903113808,1e-05
95,0.7862772362974325,3.4031858712893803,1e-05
96,0.7785921237248096,3.282179271740206,1e-05
97,0.7772210988000837,3.3532260739331496,1e-05
98,0.7657544339866545,3.3098565648466227,1e-05
99,0.7726341554622559,3.6888427387601244,1e-05
100,0.7715148594619854,3.307027335844674,1e-05
End of training: 2022-07-03 12:53:52

Loss min training: 0.7657544339866545

Loss min val: 2.0168645036548267

Best epoch: 4

Correlação: (0.24518173225400441, 0.0)




--> Fold: 7

Format of train data: frames: 121714 , pressures: 121714 

Format of validation data: frames: 45117 , pressures: 45117 

Option shuffle: True

Begin of training: 2022-07-03 12:53:59

Epoch,train_loss,val_loss,lr
1,44.78967164613772,10.963333440058953,1e-05
2,5.426949148355807,2.174551921604526,1e-05
3,2.087182361402605,1.7389233831284774,1e-05
4,1.6790921170592772,1.78325557780873,1e-05
5,1.5644926633680012,1.8256354027030965,1e-05
6,1.5000788810025643,1.7399700772089324,1e-05
7,1.4464760588914407,1.7894141108658328,1e-05
8,1.4199166738025373,1.8506630585755213,1e-05
9,1.3894846236993534,1.781415595421621,1e-05
10,1.3486492194470754,1.757509087296584,1e-05
11,1.3379761933103131,1.781704163383285,1e-05
12,1.3047647320605413,1.7403333205413893,1e-05
13,1.2935894239347838,1.7160213198632106,1e-05
14,1.269148785882617,1.7127875297245045,1e-05
15,1.255272244698787,1.7681810698177458,1e-05
16,1.238548024832886,1.731580890070254,1e-05
17,1.227872182846046,1.7044090410838522,1e-05
18,1.2193719571647943,1.8769466231540788,1e-05
19,1.1943690805169405,1.7766026739697165,1e-05
20,1.1907325699407063,1.7274340955062832,1e-05
21,1.1813499071604439,1.8069115802746418,1e-05
22,1.1665865084190092,1.8399396070360325,1e-05
23,1.1526947211629235,1.7088780526476295,1e-05
24,1.1429008456935001,1.9090478518125602,1e-05
25,1.1369904652790042,1.7524107885447382,1e-05
26,1.1197657657523281,1.896580498412,1e-05
27,1.1116188473076762,1.8981515748293092,1e-05
28,1.1076249752742104,1.9251076710240798,1e-05
29,1.0988064713205965,1.902173551158295,1e-05
30,1.081278177829072,1.8336215866482115,1e-05
31,1.0762587190408943,1.9084050273378443,1e-05
32,1.0687591395494154,1.8447999792836498,1e-05
33,1.0591595402673917,1.9409036696489592,1e-05
34,1.04995509917908,1.819954033663349,1e-05
35,1.0434958103186653,2.0488350929503594,1e-05
36,1.0349862841835669,1.9306877394037698,1e-05
37,1.0284679749463037,1.9298455190724098,1e-05
38,1.022258329446719,1.9159496726223924,1e-05
39,1.0169264110657048,1.997996579940975,1e-05
40,1.0079505131930921,2.151348360353643,1e-05
41,1.0003158402105619,2.0689933700500434,1e-05
42,0.9993012016538876,2.0820209437192174,1e-05
43,0.9915297488929475,2.1652924250919092,1e-05
44,0.9869038580125342,2.01912808735341,1e-05
45,0.988580816370765,2.1587416986509465,1e-05
46,0.9771894750243755,2.0415116027042153,1e-05
47,0.9690574784537201,1.9743752298560773,1e-05
48,0.9666367255711134,2.14861990773361,1e-05
49,0.9606775863789578,2.183244376586605,1e-05
50,0.9532085141444618,2.0583160511950673,1e-05
51,0.9499137045384856,2.0861360310958594,1e-05
52,0.9403151432236967,2.094057303042314,1e-05
53,0.9404851500602546,2.040452075046325,1e-05
54,0.9330695518394331,2.1756434673974154,1e-05
55,0.9307839777407854,2.120875588846214,1e-05
56,0.9197714953254713,2.2017354682069072,1e-05
57,0.9176179917397708,2.194134498106492,1e-05
58,0.9104148523472603,2.150089481704098,1e-05
59,0.9087892436157704,2.146377222711377,1e-05
60,0.9043751646676229,2.181337580342748,1e-05
61,0.9000134994733059,2.249318826942893,1e-05
62,0.898894180753118,2.2101914673818404,1e-05
63,0.8937125255141015,2.1399476838734914,1e-05
64,0.8901856162029481,2.094090175947843,1e-05
65,0.8812594715355436,2.1837880019666844,1e-05
66,0.8839204514654647,2.19289301643796,1e-05
67,0.8782351005352971,2.224806874526092,1e-05
68,0.8717054240242118,2.153109430873093,1e-05
69,0.8736404365833251,2.1358741670275556,1e-05
70,0.8645795334902983,2.2148434361749465,1e-05
71,0.8615518897707684,2.1786915602687085,1e-05
72,0.861979213016476,2.235884871165148,1e-05
73,0.8523846521070338,2.246992481815177,1e-05
74,0.8469995431656971,2.1888534539208324,1e-05
75,0.8438621704047984,2.243912196897601,1e-05
76,0.8438941907894052,2.2602891924533606,1e-05
77,0.8409083929766015,2.274194116839931,1e-05
78,0.8361346540456221,2.210845981236719,1e-05
79,0.832456345370666,2.251570376626518,1e-05
80,0.8285612350289264,2.2822931991321127,1e-05
81,0.8178746584715146,2.2305785122129524,1e-05
82,0.819001114247774,2.2202957241892998,1e-05
83,0.8237873265135897,2.231427628565366,1e-05
84,0.8161047564923732,2.317216335061219,1e-05
85,0.8129100084426257,2.2850408373137543,1e-05
86,0.8075715445632999,2.2763471582097217,1e-05
87,0.8072443986913747,2.2432298519844034,1e-05
88,0.8003570538644738,2.296680120161261,1e-05
89,0.7968577695309725,2.3911236247703096,1e-05
90,0.7926513148174489,2.2341042102211546,1e-05
91,0.7892139409348519,2.3135890104823664,1e-05
92,0.7917734565083274,2.3008646447282763,1e-05
93,0.7861551711574849,2.2625662544838625,1e-05
94,0.7847042017002464,2.270066808501697,1e-05
95,0.7751640783650744,2.301616717751447,1e-05
96,0.7760350637269254,2.3121124742898647,1e-05
97,0.7744623216376134,2.3327754698189254,1e-05
98,0.7732439028459086,2.2826832413242717,1e-05
99,0.7692748602047343,2.235646070327351,1e-05
100,0.7704872190844565,2.4180171477719874,1e-05
End of training: 2022-07-03 13:31:19

Loss min training: 0.7692748602047343

Loss min val: 1.7044090410838522

Best epoch: 17

Correlação: (0.38986324125504385, 0.0)




--> Fold: 8

Format of train data: frames: 132010 , pressures: 132010 

Format of validation data: frames: 46835 , pressures: 46835 

Option shuffle: True

Begin of training: 2022-07-03 13:31:27

Epoch,train_loss,val_loss,lr
1,39.34315137119783,8.418745157152838,1e-05
2,4.188992564304878,2.3216638501736324,1e-05
3,2.059190820744612,1.8334971879657946,1e-05
4,1.6304730069410638,1.8424495781729184,1e-05
5,1.5100497380647413,1.749219849678016,1e-05
6,1.445671154507976,1.6493430200350556,1e-05
7,1.3925274910904062,1.6828974386945,1e-05
8,1.36132922312697,1.6821405951490878,1e-05
9,1.3295652815685355,1.685107083087468,1e-05
10,1.2985990254610436,1.6608353070723052,1e-05
11,1.2732291419021506,1.6526161576241327,1e-05
12,1.2479493773080175,1.7548534922377332,1e-05
13,1.239375422542885,1.7835190396636225,1e-05
14,1.2165014918415251,1.81141586405014,1e-05
15,1.198648395752168,1.8709472925339485,1e-05
16,1.182211933587683,1.7830093928738542,1e-05
17,1.1769896508157185,1.7851550014420916,1e-05
18,1.1561073570664693,1.8378401897398247,1e-05
19,1.1548904638099955,1.8613644394839448,1e-05
20,1.1365629476648815,1.8179994647296984,1e-05
21,1.1245992700619352,1.8272908825496097,1e-05
22,1.1168133056269443,1.7760431373795131,1e-05
23,1.1009604016774244,1.8391629276680848,1e-05
24,1.0933730175518446,1.797912751438397,1e-05
25,1.08341098095863,1.765301702039606,1e-05
26,1.073209422085829,1.742714375351032,1e-05
27,1.0671250214947687,1.8003862958638075,1e-05
28,1.0599227890662375,1.8679327179454772,1e-05
29,1.0576538001440772,1.807160031264806,1e-05
30,1.0417214127744963,1.829022032521992,1e-05
31,1.0385690572053932,1.841173767155207,1e-05
32,1.0312099531792969,1.7979287206751184,1e-05
33,1.017252803215447,1.8282430495041926,1e-05
34,1.012404613664282,1.8795923034193116,1e-05
35,1.0105535769397567,1.8102576278400635,1e-05
36,0.9976597813492191,1.8380825825889044,1e-05
37,0.9966175782031231,1.9143724867943017,1e-05
38,0.9898250833432536,1.7567513284070317,1e-05
39,0.9779410782388445,1.9508915341217312,1e-05
40,0.973613484509379,1.9390682878547205,1e-05
41,0.9641309754061578,1.8815692667494313,1e-05
42,0.9563416674610123,1.8137655118950609,1e-05
43,0.9567012087692501,1.8837514569999392,1e-05
44,0.9512002035592796,1.859312446693658,1e-05
45,0.9488444102062401,1.926549178925041,1e-05
46,0.9405614317100108,1.9410717853757098,1e-05
47,0.9297290797211367,1.8396239961518464,1e-05
48,0.9225510649361056,1.9232752556593145,1e-05
49,0.919895204760145,1.9084370230844465,1e-05
50,0.9217522483984184,1.9567334372065448,1e-05
51,0.9111469996972442,2.0008626029205585,1e-05
52,0.9065840133554366,1.9006607539755336,1e-05
53,0.9048004964871548,2.062295107507039,1e-05
54,0.8970751262236686,1.9619483803995164,1e-05
55,0.900158259521135,1.8270906980612673,1e-05
56,0.8885080450240902,1.9114770826184153,1e-05
57,0.8836330142741619,1.9382582893058,1e-05
58,0.8819863542147942,1.8788174749553375,1e-05
59,0.8797076368167557,1.9654115049653467,1e-05
60,0.8759473581746098,1.931139061704725,1e-05
61,0.8618303318889148,1.8874138174945827,1e-05
62,0.8666294016013425,1.9322829188742607,1e-05
63,0.8592211139201215,1.9401959917595462,1e-05
64,0.853998724716774,1.8987708502725997,1e-05
65,0.8502981701327783,1.943543802219406,1e-05
66,0.84945938295419,1.9864339069227177,1e-05
67,0.8446282648469505,1.9503108905221274,1e-05
68,0.8374383120354031,1.888975566364065,1e-05
69,0.8325858610108552,1.9266332072459278,1e-05
70,0.8291204451241373,2.0053942710597092,1e-05
71,0.8317942629428662,1.9064438003402797,1e-05
72,0.8257650477137948,1.9194443182997685,1e-05
73,0.8243293947306071,1.945083780437342,1e-05
74,0.8180071303956609,1.8701396492841698,1e-05
75,0.8146096289261716,1.9498235004337898,1e-05
76,0.8096923728421207,1.9035361292345159,1e-05
77,0.8059507786076264,1.9797675317820482,1e-05
78,0.8023430640711386,1.9160585707249809,1e-05
79,0.8027844686578977,1.8795683319850909,1e-05
80,0.7953107078304237,1.9172859816970165,1e-05
81,0.7907828459133931,1.944106122761968,1e-05
82,0.7925828595981752,1.9686195666117794,1e-05
83,0.7867375043556281,1.9547774468463985,1e-05
84,0.7831959281929171,1.9458835073248915,1e-05
85,0.7811390451703701,1.9918760778861455,1e-05
86,0.7753944641721492,1.9485876533485496,1e-05
87,0.7736382564765271,1.985591271840051,1e-05
88,0.7747625919474173,1.9304186890190689,1e-05
89,0.7679657574526587,2.0203567885252967,1e-05
90,0.7621960263985159,1.9743642322177424,1e-05
91,0.7628160505075905,2.0409990303949344,1e-05
92,0.760943501056681,1.991515224899059,1e-05
93,0.7581827867966638,2.095716259621296,1e-05
94,0.7532827136426449,2.06727339130997,1e-05
95,0.7540471020905088,2.001887089279401,1e-05
96,0.7502653321184252,2.0719256654446974,1e-05
97,0.7488560349559632,1.94792113512344,1e-05
98,0.7443900347920893,2.000353497131232,1e-05
99,0.7452952221283162,2.0658125821129163,1e-05
100,0.7420693348595685,2.0140472133195018,1e-05
End of training: 2022-07-03 14:13:28

Loss min training: 0.7420693348595685

Loss min val: 1.6493430200350556

Best epoch: 6

Correlação: (0.4868252207064738, 0.0)




--> Fold: 9

Format of train data: frames: 131637 , pressures: 131637 

Format of validation data: frames: 47208 , pressures: 47208 

Option shuffle: True

Begin of training: 2022-07-03 14:13:35

Epoch,train_loss,val_loss,lr
1,37.787924726274326,11.458927827494728,1e-05
2,3.81131798083055,2.4967082039297,1e-05
3,1.9435815513498502,1.6187694191508446,1e-05
4,1.6675796096183666,1.4283882397107202,1e-05
5,1.5552602766028105,1.4460754372309557,1e-05
6,1.4832241374399076,1.3745057496594648,1e-05
7,1.4319227437194142,1.322463105329314,1e-05
8,1.3976385266921565,1.3231780675382376,1e-05
9,1.3661099649867903,1.3141071429355249,1e-05
10,1.3427252596475157,1.3664850445242984,1e-05
11,1.321909639907026,1.3287449539404685,1e-05
12,1.2974990237324908,1.2942098642159188,1e-05
13,1.2764487811769734,1.2901214667446148,1e-05
14,1.2563224220331664,1.3541560448583678,1e-05
15,1.2393989636458884,1.3082122996669163,1e-05
16,1.2201998835460806,1.349902679467278,1e-05
17,1.2017012293105116,1.310905438093912,1e-05
18,1.1889804971082543,1.4454775525238368,1e-05
19,1.1785960289384334,1.3839504576056636,1e-05
20,1.1607302555478283,1.4204309429683597,1e-05
21,1.1528141885778296,1.3687384275435754,1e-05
22,1.1395113242841,1.3927327250448491,1e-05
23,1.131566732655266,1.4541067491242732,1e-05
24,1.1179192608976738,1.3611830358807464,1e-05
25,1.1083903340380608,1.3775208235756662,1e-05
26,1.100515266749889,1.3764683703733003,1e-05
27,1.0843242069222636,1.455449523632455,1e-05
28,1.080002457656683,1.5607851750314126,1e-05
29,1.0702331434213603,1.452382493596868,1e-05
30,1.0556576732155187,1.4991182343189322,1e-05
31,1.0518702930533188,1.4417584059986295,1e-05
32,1.0442327762931134,1.508752911904165,1e-05
33,1.0369407079571495,1.4994975025624344,1e-05
34,1.0322463428875353,1.539732032863796,1e-05
35,1.0208901389519232,1.5900442040263545,1e-05
36,1.0115754468931097,1.521120268739779,1e-05
37,1.0079711895426342,1.6534214492491435,1e-05
38,1.0021830399151943,1.56330004954132,1e-05
39,0.9949429588602516,1.5250534646047655,1e-05
40,0.9904301880307709,1.6139731090001344,1e-05
41,0.9852198164415428,1.6224008483253198,1e-05
42,0.969839890425735,1.6025806576028716,1e-05
43,0.9621304795628781,1.558766071255218,1e-05
44,0.9582749459686575,1.7537467131936293,1e-05
45,0.9581734716561249,1.6424017138570834,1e-05
46,0.949221341856837,1.789170492545889,1e-05
47,0.9500436514818186,1.6832231775600413,1e-05
48,0.9379117654303514,1.76918648966408,1e-05
49,0.931807977056721,1.833222448270294,1e-05
50,0.9257291667444388,1.794404854432665,1e-05
51,0.9206413196972411,1.7921275990309502,1e-05
52,0.9181765478269878,1.9736992253264902,1e-05
53,0.9119791195063824,1.9725664967380323,1e-05
54,0.908961975432859,1.877954352752493,1e-05
55,0.8985376015655416,2.147196972941851,1e-05
56,0.8981546405098206,2.145869072241978,1e-05
57,0.8958305458147195,2.1554076878464117,1e-05
58,0.8870346600897963,2.088626197396123,1e-05
59,0.889712917386516,1.9066958595506014,1e-05
60,0.8824866677963891,2.1864034989954475,1e-05
61,0.8767575210905793,2.0196027417765534,1e-05
62,0.867666837450276,2.0023494807972058,1e-05
63,0.8730306611229934,2.1748590666931418,1e-05
64,0.8632949463936459,2.215084371011634,1e-05
65,0.8648539708054552,2.2193107268422807,1e-05
66,0.8540813052858115,2.050229937035115,1e-05
67,0.8510819567208234,2.103235039523528,1e-05
68,0.8474670695049762,2.189061992210042,1e-05
69,0.842083850399255,2.3406852108606784,1e-05
70,0.8367246850017928,2.32726241822688,1e-05
71,0.8365382828619332,2.3341678420561207,1e-05
72,0.8270275622371503,2.3421251543940698,1e-05
73,0.8276172232682023,2.140782815281607,1e-05
74,0.8261002521322834,2.3092519500824866,1e-05
75,0.8242472017809422,2.1171864290658426,1e-05
76,0.8149365702008817,2.2589759367277127,1e-05
77,0.812188499079547,2.232485528275878,1e-05
78,0.8102323815290059,2.351277275138781,1e-05
79,0.8037421709075543,2.342411502258916,1e-05
80,0.8033282328587634,2.317613177977463,1e-05
81,0.8018212801430983,2.444906547743877,1e-05
82,0.798669763760385,2.32132308892407,1e-05
83,0.7897491245010432,2.1582065394643486,1e-05
84,0.7917025490576591,2.376907840883746,1e-05
85,0.7855419958120557,2.3618001580298946,1e-05
86,0.7839543345106064,2.51823911717778,1e-05
87,0.7868165139874432,2.309677547710343,1e-05
88,0.7795983994562329,2.252087419850405,1e-05
89,0.7732290668180264,2.333822168751988,1e-05
90,0.7714382201346924,2.3809852693428772,1e-05
91,0.7696216557616482,2.368150933539134,1e-05
92,0.7650420493556411,2.3006391076390327,1e-05
93,0.7631539849682684,2.374225932225355,1e-05
94,0.7594945326481334,2.329075923654472,1e-05
95,0.7551776341823908,2.5945660155459067,1e-05
96,0.7547703043841119,2.351321388373757,1e-05
97,0.747546368345032,2.5829651824823174,1e-05
98,0.7433558158559566,2.3213084000204605,1e-05
99,0.7428253856330898,2.3664396051996097,1e-05
100,0.7447871251411157,2.384584171188987,1e-05
End of training: 2022-07-03 14:56:04

Loss min training: 0.7428253856330898

Loss min val: 1.2901214667446148

Best epoch: 13

Correlação: (0.39370359947531386, 0.0)


