
Dispositivo usado pelo Pytorch: cuda

Features usadas: Matheus

*****************************************

-----> GRID 0:   hyperparameters
0             100
1            adam
2              32
3             0.5
4          0.0001
5             0.2

 LSTM =True


 option_overlap=True , option_causal=False ,option_dropout_lstm=0.2



--> Fold: 0

Format of train data: frames: 118655 , pressures: 118655 

Format of validation data: frames: 48176 , pressures: 48176 

Option shuffle: True

Begin of training: 2022-08-29 00:50:18

Epoch,train_loss,val_loss,lr
1,5.280968711419492,1.616089704760441,0.0001
2,2.435606928296881,1.7198616244079503,0.0001
3,2.1379970297681403,1.6504766066697538,0.0001
4,1.859680517495123,1.8232320896694725,0.0001
5,1.548197805819713,1.4923615897861837,0.0001
6,1.2622642229151009,1.6017092504164026,0.0001
7,1.0951050448862734,1.5690854357469521,0.0001
8,1.0317924348690442,1.4585429015883336,0.0001
9,0.9991653458829284,1.5466123284473248,0.0001
10,0.9795218039802743,1.5794184438733316,0.0001
11,0.9619288129855948,1.613461803613965,0.0001
12,0.9471302601496513,1.4800875055675133,0.0001
13,0.9374996910570023,1.5758871499267142,0.0001
14,0.9209443348200843,1.4927502463363564,0.0001
15,0.9115798495244921,1.5906486667615953,0.0001
16,0.8992254927323021,1.7808725624059134,0.0001
17,0.8917194765209172,1.6297478408205355,0.0001
18,0.8825435660319525,1.7131645536945335,0.0001
19,0.8684137459485651,1.7547448836700024,0.0001
20,0.8599653543676882,1.7082766687224689,0.0001
21,0.8561032406107614,1.7749722056197232,0.0001
22,0.845069351201212,1.815692024783651,0.0001
23,0.8382247875329643,1.8476539247458024,0.0001
24,0.829175247573294,1.669368971288897,0.0001
25,0.8288453777130462,1.7665061093532775,0.0001
26,0.8205760213418634,2.0653715532351,0.0001
27,0.81053218061777,1.7994886785597153,0.0001
28,0.8024081283672375,1.6890675162445545,0.0001
29,0.7970566199615609,1.7119078718321301,0.0001
30,0.7903069260443796,1.7691111123985486,0.0001
31,0.7863301959794701,1.6524476117368792,0.0001
32,0.7795333636087843,1.8251155559425138,0.0001
33,0.7746394964502421,1.9009886043723419,0.0001
34,0.7681077932599151,1.980516874485339,0.0001
35,0.7647765207715626,2.1227637530560908,0.0001
36,0.7566467440478455,2.0327663649676526,0.0001
37,0.7520685728674998,1.7118563589484381,0.0001
38,0.7522003435796203,1.8425238734263987,0.0001
39,0.7429542052148542,1.8815323369362869,0.0001
40,0.7390174978903917,2.084726128337471,0.0001
41,0.7302260624694792,2.131308984178437,0.0001
42,0.7273929399287855,1.9390157254895908,0.0001
43,0.7256759051361155,1.9779818667719349,0.0001
44,0.7218139007080371,1.9544427536999573,0.0001
45,0.7138878644288834,1.871597875316687,0.0001
46,0.7138657425654622,2.0328617234516684,0.0001
47,0.7104519465595445,1.8866414566128724,0.0001
48,0.7016860750144394,2.059898862566357,0.0001
49,0.6971212894534458,2.2434149672525026,0.0001
50,0.6944054421658291,2.228944827575139,0.0001
51,0.6895329486446683,1.9938459667166537,0.0001
52,0.681423809029431,2.1047966436308827,0.0001
53,0.6773146052983632,2.417474111779035,0.0001
54,0.6744863788415778,2.1593299707634745,0.0001
55,0.6714834569513328,2.4454936594394545,0.0001
56,0.6641487034617671,2.2225970303406553,0.0001
57,0.6626142351602534,2.3553808743436644,0.0001
58,0.6621500597340304,2.2458043341540055,0.0001
59,0.6570846438654042,2.262999899004908,0.0001
60,0.6496621761419072,2.1884573222156853,0.0001
61,0.6479594788128966,2.3105846100651677,0.0001
62,0.6462874431620355,2.3308320717334907,0.0001
63,0.643405917389475,2.594639832535601,0.0001
64,0.6362284170687613,2.4999915185619215,0.0001
65,0.6367230641709272,2.2321954629065703,0.0001
66,0.6271033513852917,2.109971152710701,0.0001
67,0.6254304175084332,1.965898374076382,0.0001
68,0.6231668386656869,2.07607295536116,0.0001
69,0.6193412670478935,2.075837618843023,0.0001
70,0.6143998290368134,2.0624226920432878,0.0001
71,0.6150328938866891,2.1091819659137756,0.0001
72,0.6100778972136578,2.2790759120499007,0.0001
73,0.6064673806918637,2.368836979539796,0.0001
74,0.6009748361534759,2.2225595175804234,0.0001
75,0.6024499458592729,2.36581162011176,0.0001
76,0.5974326460406992,2.111811183548892,0.0001
77,0.5945526404385018,2.4977123364385516,0.0001
78,0.5887991795467118,2.486191366012609,0.0001
79,0.5862394100939758,2.38378679475211,0.0001
80,0.5830110251815626,2.2290286423557424,0.0001
81,0.5818147091782956,2.469722542601224,0.0001
82,0.5779581775381363,2.2570160547786675,0.0001
83,0.5737713966321003,2.44058662971679,0.0001
84,0.5717405551910842,2.167449894081275,0.0001
85,0.5669235175465981,1.9811853784455369,0.0001
86,0.5683845061281529,2.481705668795271,0.0001
87,0.5645393187405663,2.4461042491433944,0.0001
88,0.5627487265266483,2.3850209947758363,0.0001
89,0.5601739604714436,2.32186152894645,0.0001
90,0.5543898374313179,2.417616292077099,0.0001
91,0.5528655965145065,2.290154451470326,0.0001
92,0.5519176586148189,2.2177837556559,0.0001
93,0.5477219776372121,2.199096904724233,0.0001
94,0.5447312441809953,2.2618515645891515,0.0001
95,0.5405479800861387,2.3802159342881413,0.0001
96,0.5401650337138403,2.5276950581530646,0.0001
97,0.5355104552918863,2.53490815115941,0.0001
98,0.5375657041206165,2.340573506947571,0.0001
99,0.533580354494681,2.390382442471198,0.0001
100,0.5315841506665387,2.1148480460795005,0.0001
End of training: 2022-08-29 01:32:27

Loss min training: 0.5315841506665387

Loss min val: 1.4585429015883336

Best epoch: 8

Correlação: (0.44403178175827795, 0.0)




--> Fold: 1

Format of train data: frames: 122682 , pressures: 122682 

Format of validation data: frames: 44149 , pressures: 44149 

Option shuffle: True

Begin of training: 2022-08-29 01:33:07

Epoch,train_loss,val_loss,lr
1,5.551505993483801,1.7537224561150864,0.0001
2,2.47165108413455,1.717122714968645,0.0001
3,2.159238363963807,1.6423423926342482,0.0001
4,1.8588116937604742,1.8287450320188903,0.0001
5,1.5259061123708706,1.701051395186055,0.0001
6,1.2325465246745704,1.821168566482405,0.0001
7,1.0779293420462837,1.8507938722043527,0.0001
8,1.0225071120768592,2.216138620344617,0.0001
9,0.9898859673764813,2.1448311434399328,0.0001
10,0.9700631266288107,2.406306160430832,0.0001
11,0.9550496842552139,2.3824170691021576,0.0001
12,0.9391096030081358,2.634051364384442,0.0001
13,0.9266553379687469,2.652548125431263,0.0001
14,0.9123464763146059,2.554691197207977,0.0001
15,0.9057028462956345,2.527094143628129,0.0001
16,0.8938510620341967,2.6532515426808465,0.0001
17,0.8852971494746852,2.9890057519596347,0.0001
18,0.8803092327612473,2.9344784140751563,0.0001
19,0.8666300262607047,2.9304161951380916,0.0001
20,0.8560585513878836,3.1031530930660094,0.0001
21,0.8484060084632645,2.8202274898248323,0.0001
22,0.8432618071799295,2.753561279944308,0.0001
23,0.8327207895284978,2.9473874654318215,0.0001
24,0.8238749963301939,2.7555991379860267,0.0001
25,0.8179483673352199,2.895074071161917,0.0001
26,0.8121139819923536,3.07276313609857,0.0001
27,0.803531348339935,3.211110804984922,0.0001
28,0.793456062916717,3.102585419798149,0.0001
29,0.792648597747431,3.1185148527199433,0.0001
30,0.7825236510976662,3.0281137808438117,0.0001
31,0.7789973474120634,3.200692618915769,0.0001
32,0.7760098183204227,3.0963639517424912,0.0001
33,0.770309492873037,3.0631534972248424,0.0001
34,0.7591521979938836,3.348818041033031,0.0001
35,0.7558619900718029,2.8370657833265867,0.0001
36,0.7524757610939415,3.2668072120873703,0.0001
37,0.7412702063061595,3.2436297750167364,0.0001
38,0.7435706111094427,3.173764080036677,0.0001
39,0.7348914229804351,3.44466198255647,0.0001
40,0.7255506253029109,3.3593715816211716,0.0001
41,0.7225197709533132,3.0340207513724615,0.0001
42,0.7199894264130272,3.1897615922904397,0.0001
43,0.7150532306460107,3.3382296603993273,0.0001
44,0.7096700284875594,3.1871129710686867,0.0001
45,0.7064362232317517,3.2880451268319644,0.0001
46,0.6974740448609592,3.2375801028005156,0.0001
47,0.6927089323512196,3.3491616481568105,0.0001
48,0.6905552379936245,3.410782673096516,0.0001
49,0.6845943656380643,3.748548611414311,0.0001
50,0.6777556388970215,3.294631388730734,0.0001
51,0.6781832491746556,3.111522624164792,0.0001
52,0.6690835411248633,3.078095280596774,0.0001
53,0.6681799452048429,3.3361970988801577,0.0001
54,0.6643101161750338,3.3779706902897004,0.0001
55,0.6589247751104977,3.169736378325047,0.0001
56,0.6553785655685108,3.1849225067752664,0.0001
57,0.6526919415995575,3.2851207165645824,0.0001
58,0.6453942180008303,3.37781196868704,0.0001
59,0.6403717545952213,3.263935142936284,0.0001
60,0.642486068717587,3.4535848456451466,0.0001
61,0.6354046570687456,3.2748983824449382,0.0001
62,0.630252896669576,3.235304742213805,0.0001
63,0.6293528306682642,3.2872511078491655,0.0001
64,0.6243566311883094,2.992914485003622,0.0001
65,0.6214962641180453,3.249063295800596,0.0001
66,0.619640123258993,3.377222199243323,0.0001
67,0.6150864513688679,3.487250753700721,0.0001
68,0.6097255492678356,3.496050214018972,0.0001
69,0.6081026865617023,3.7320254812176015,0.0001
70,0.6009790861329276,3.5123466765689684,0.0001
71,0.6013797833815709,3.3181698850393104,0.0001
72,0.5982742617635988,3.746712303779417,0.0001
73,0.5911672110632649,3.447060966305928,0.0001
74,0.59608657803344,3.4390357428167966,0.0001
75,0.5832946426447774,3.4980200478740557,0.0001
76,0.5869879135546648,3.4539200977122473,0.0001
77,0.5789646844604566,3.247860572079375,0.0001
78,0.5788886800311923,3.5791217686379384,0.0001
79,0.5724731507665094,3.5733904461187884,0.0001
80,0.5692379913242859,3.384209567486501,0.0001
81,0.562974199880291,3.4745936901583567,0.0001
82,0.5658581037088842,3.7245725506242913,0.0001
83,0.5600444903500582,3.858788463104816,0.0001
84,0.5577367944871401,3.8343708523537727,0.0001
85,0.5540643659323006,3.694901216334969,0.0001
86,0.5497488120891407,3.3750431931797285,0.0001
87,0.5475756972117221,3.4863436572016933,0.0001
88,0.5456647494080983,3.599061532820788,0.0001
89,0.5420159459982768,3.5974925266078714,0.0001
90,0.5403630085185871,3.7270850857353612,0.0001
91,0.5360075740239277,3.674505657651702,0.0001
92,0.5335630010484618,3.391213715712334,0.0001
93,0.5340639393803923,3.478352594603504,0.0001
94,0.5310250555317896,3.480379909898674,0.0001
95,0.5256046748651438,3.1653628562562703,0.0001
96,0.5277320077337231,3.4719194154290722,0.0001
97,0.5228468781171256,3.3907709492246827,0.0001
98,0.519130501177272,3.4159797698029166,0.0001
99,0.513847286677668,3.4463860839946228,0.0001
100,0.5150920761920804,3.4079907857379967,0.0001
End of training: 2022-08-29 02:15:54

Loss min training: 0.513847286677668

Loss min val: 1.6423423926342482

Best epoch: 3

Correlação: (0.09209094232494063, 9.28216510414162e-84)




--> Fold: 2

Format of train data: frames: 127377 , pressures: 127377 

Format of validation data: frames: 39454 , pressures: 39454 

Option shuffle: True

Begin of training: 2022-08-29 02:16:04

Epoch,train_loss,val_loss,lr
1,5.2321661452015755,1.97824718171188,0.0001
2,2.4747114783044566,1.5595587522989474,0.0001
3,2.1817367102835026,1.5066494287622436,0.0001
4,1.8704304707950918,1.649989585098858,0.0001
5,1.5296080326441024,1.6226344191732545,0.0001
6,1.2601111102518032,1.6072011376536732,0.0001
7,1.1266443380786204,1.6350626405920532,0.0001
8,1.0795347552465449,1.538734414226147,0.0001
9,1.051998049573637,1.7434636424182064,0.0001
10,1.0303071498420693,1.5655583068120376,0.0001
11,1.0133663866854448,1.6039319661600624,0.0001
12,1.0002749647433036,1.6376197080493258,0.0001
13,0.9861550892235216,1.8610596968857294,0.0001
14,0.9737745311981841,1.532058153263898,0.0001
15,0.9606146958927216,1.6359577456628664,0.0001
16,0.9489929771763438,1.776416415473757,0.0001
17,0.9396542218989351,1.6865282583485663,0.0001
18,0.930456283271682,1.3647468934982747,0.0001
19,0.9202231037246777,1.6577442779599996,0.0001
20,0.9158489087388698,1.6470540848240969,0.0001
21,0.901492737641272,1.5072138364953047,0.0001
22,0.8915609008617225,1.6576253873394138,0.0001
23,0.8889867600637565,1.6708408642777224,0.0001
24,0.88008401661776,1.4854283562215118,0.0001
25,0.869801773457129,1.6503298382815415,0.0001
26,0.8640561115931058,1.636240253236016,0.0001
27,0.8565318751992317,1.8299767687020132,0.0001
28,0.8490150470613551,1.5135606191068496,0.0001
29,0.8422160689015088,1.5376842947540905,0.0001
30,0.8377620973391307,1.933933647125982,0.0001
31,0.8269561923627303,1.7114441261740132,0.0001
32,0.8243877987747755,2.0835480497836607,0.0001
33,0.8161031386572568,1.5685831763942926,0.0001
34,0.812633683595069,1.830310528002913,0.0001
35,0.8080480241890251,1.7159590212616065,0.0001
36,0.7936592360245391,1.9246979627533354,0.0001
37,0.791797200079728,1.7422949803934848,0.0001
38,0.7875056852601973,1.9130675864182198,0.0001
39,0.7798928156472517,2.144914949031526,0.0001
40,0.774403685861379,1.9159412915631582,0.0001
41,0.7683975026667166,1.8927441251835688,0.0001
42,0.7685730279311335,1.6424475025223024,0.0001
43,0.7596245265743929,2.016627016115607,0.0001
44,0.7544763548285062,1.6247522946504354,0.0001
45,0.7489921766988374,2.049685626335258,0.0001
46,0.7472273613657003,2.005093043034321,0.0001
47,0.7388805907366728,1.908652059123152,0.0001
48,0.7346649589824448,1.9561790511364834,0.0001
49,0.7351989930433575,2.416592961553687,0.0001
50,0.7271935012823046,1.7443926718712772,0.0001
51,0.727008302929748,2.259458413324469,0.0001
52,0.7150404260369804,1.9729900083461136,0.0001
53,0.711316284003093,1.8835681587368522,0.0001
54,0.709626797121519,1.934596820314409,0.0001
55,0.6981393566514984,1.6045875847838174,0.0001
56,0.7004231523138335,2.162150424909512,0.0001
57,0.6936443847962559,1.9115006071256904,0.0001
58,0.6883111334609224,2.143216028405425,0.0001
59,0.6848309432253795,2.216350265467059,0.0001
60,0.679542378487353,2.462321168442012,0.0001
61,0.676656645532492,1.9070339119004702,0.0001
62,0.6747810557367993,1.907687212605432,0.0001
63,0.6675354816747824,2.0772772343660164,0.0001
64,0.6621191035250873,1.7886362929855895,0.0001
65,0.6599403063592856,2.048042626468422,0.0001
66,0.6576057047624451,2.470525640629656,0.0001
67,0.6538446395224068,1.7153603852462942,0.0001
68,0.6469103979968652,2.179232790048688,0.0001
69,0.6451070800863368,2.571868298751944,0.0001
70,0.6422508818777818,2.0137224696535427,0.0001
71,0.6366193658544124,2.210845764828942,0.0001
72,0.6344897004327279,2.080831758508379,0.0001
73,0.6300649713191313,2.1318477264388247,0.0001
74,0.6306975934236342,2.0447148066330363,0.0001
75,0.6206581337495716,2.1028613920067243,0.0001
76,0.619449568128721,2.058350703245774,0.0001
77,0.6158230014181815,2.3677559304770353,0.0001
78,0.6122260955169037,2.0325313607358155,0.0001
79,0.6130564176823935,1.9736068023225857,0.0001
80,0.6047377545195487,1.8905425236688864,0.0001
81,0.6033864511015636,2.220750691536962,0.0001
82,0.6005908709618063,1.8523594157262007,0.0001
83,0.5960402487276604,2.06432993379265,0.0001
84,0.5926353814306591,2.242955373510331,0.0001
85,0.5885434688226497,2.3285926223955413,0.0001
86,0.5847858883694292,2.1614958870614567,0.0001
87,0.5865317496618369,1.8711768656511316,0.0001
88,0.5815088611683086,1.9855267948136712,0.0001
89,0.5752429405558999,2.010718909884488,0.0001
90,0.5781456480780413,1.869309214521495,0.0001
91,0.5750707420083291,1.850319460811645,0.0001
92,0.5709407088444484,1.9422839494570225,0.0001
93,0.5662708975970092,1.9862518592631817,0.0001
94,0.5603132141431285,1.7825470344882637,0.0001
95,0.5624866574139089,1.9035646812161762,0.0001
96,0.5581781122464491,2.304432058875799,0.0001
97,0.5589618577093114,2.242791567425494,0.0001
98,0.5550276813761676,2.3718140232234886,0.0001
99,0.5490553901516055,2.093920261479067,0.0001
100,0.5494927479563116,1.914746424391259,0.0001
End of training: 2022-08-29 02:59:57

Loss min training: 0.5490553901516055

Loss min val: 1.3647468934982747

Best epoch: 18

Correlação: (0.6084290335479939, 0.0)




--> Fold: 3

Format of train data: frames: 125334 , pressures: 125334 

Format of validation data: frames: 41497 , pressures: 41497 

Option shuffle: True

Begin of training: 2022-08-29 03:00:20

Epoch,train_loss,val_loss,lr
1,5.727020691175673,1.6214939899914786,0.0001
2,2.4853829575933286,1.8470873376313504,0.0001
3,2.184686950390371,2.226252094988082,0.0001
4,1.8874755297719614,2.0840290862772726,0.0001
5,1.5590572185403135,2.405735364140558,0.0001
6,1.2759570250407761,2.6199968901847326,0.0001
7,1.1267326660183794,2.723977950370969,0.0001
8,1.0739188251190694,3.2535237955450107,0.0001
9,1.0466131258808293,2.581695767067414,0.0001
10,1.0282167994397946,2.5119098674234928,0.0001
11,1.0073495987914323,1.9724696595332627,0.0001
12,0.997013092945543,2.7732662416772476,0.0001
13,0.9845167190725336,2.3481667597132923,0.0001
14,0.9716454549432838,2.656241628122085,0.0001
15,0.9589199254060314,2.061636509928533,0.0001
16,0.9447563578494422,2.586508005754768,0.0001
17,0.9358574629004964,2.0827272280177733,0.0001
18,0.9293249982772259,2.003810526822123,0.0001
19,0.9157604124353466,2.2539917912388874,0.0001
20,0.9070177392073367,2.28753715022017,0.0001
21,0.9007359147247798,2.7514034448211317,0.0001
22,0.8945259332023406,2.6330263639819576,0.0001
23,0.885744335615559,2.5913462810930947,0.0001
24,0.8785106016821929,2.2060946125258774,0.0001
25,0.8698958175309072,2.602701584867711,0.0001
26,0.8643666332992752,2.822903245708312,0.0001
27,0.8557115935612742,2.6468036429957946,0.0001
28,0.8510684634182549,2.7269144054320638,0.0001
29,0.8384620633495791,2.456867252605135,0.0001
30,0.8377823553108992,2.6275655177626795,0.0001
31,0.8279246120719046,2.6924456416875433,0.0001
32,0.8250565693872163,2.6301142865181957,0.0001
33,0.8165778584635283,2.4761908744034584,0.0001
34,0.8143930531292642,2.533987144661239,0.0001
35,0.8094838039871455,2.4598182533023865,0.0001
36,0.802336761079524,2.8704212593751337,0.0001
37,0.7960812705842643,2.8397691285181876,0.0001
38,0.7944909364695082,2.690024851322071,0.0001
39,0.7864764968632172,2.813097858887441,0.0001
40,0.7765139067523211,2.7387878469298523,0.0001
41,0.774349850534219,3.0059386640467536,0.0001
42,0.771519162076702,2.9269769034316853,0.0001
43,0.7642026491362007,3.061412855162978,0.0001
44,0.7570973359804398,3.1286722519806984,0.0001
45,0.7569328942147773,3.0674713132272102,0.0001
46,0.7481275350181186,3.0825948047302405,0.0001
47,0.7454910956554153,3.4100886597433306,0.0001
48,0.7406564278263769,3.190405567861492,0.0001
49,0.7340988293947609,3.629036481045446,0.0001
50,0.7312678742376795,3.331533726954812,0.0001
51,0.724825834268083,3.6020840833964862,0.0001
52,0.7237901398957994,3.4950767241492513,0.0001
53,0.714673260536707,3.305642265117171,0.0001
54,0.7111960820846458,3.3880911771942657,0.0001
55,0.7155685037122922,3.3913445149938393,0.0001
56,0.7056557344538485,3.0331611584694347,0.0001
57,0.6993611520363582,2.649966995029572,0.0001
58,0.6974692808723264,2.8921575393435908,0.0001
59,0.6922456434512756,2.6751243096763986,0.0001
60,0.6885284160489864,3.0771805185046395,0.0001
61,0.6806286380767579,3.5431559731001556,0.0001
62,0.6813849101140093,3.2586242678734405,0.0001
63,0.6796128867179165,3.5444609755122074,0.0001
64,0.6752827047016716,3.148645003583054,0.0001
65,0.665766840770177,3.7235716004301205,0.0001
66,0.6620925788006863,3.838763034840413,0.0001
67,0.6623734801701886,3.3985420432231983,0.0001
68,0.6598789024419988,3.280314622914834,0.0001
69,0.6550857573031907,2.821346720600742,0.0001
70,0.6495502532086788,3.2981113791681214,0.0001
71,0.6445556745842174,3.406932724611809,0.0001
72,0.6401965505234071,3.2598225475578513,0.0001
73,0.6413582569021464,3.2461066584898846,0.0001
74,0.638113187049053,3.070586050088473,0.0001
75,0.6373009856909849,3.310249794246829,0.0001
76,0.6331758052940536,3.3369306880548657,0.0001
77,0.6308369221461252,3.551201770250305,0.0001
78,0.625811687254572,2.795351683146914,0.0001
79,0.6233869391255463,3.60341603593872,0.0001
80,0.6182705141109477,3.7162093934367717,0.0001
81,0.6208326643842617,2.790679078471314,0.0001
82,0.616916499751245,3.726775307085042,0.0001
83,0.6158065648197011,3.412669805273061,0.0001
84,0.611433128359418,3.535809687925545,0.0001
85,0.6052038112331689,3.3006196069835765,0.0001
86,0.6037187239279028,3.4158567394564363,0.0001
87,0.5997748254501762,3.526564962924766,0.0001
88,0.5950362389950012,3.3781983952414607,0.0001
89,0.5942254359159409,3.739603188599949,0.0001
90,0.590522597899723,3.405883404732693,0.0001
91,0.5892142485252664,3.098173355003074,0.0001
92,0.5875109525895487,3.072675446962757,0.0001
93,0.5856552327732324,3.493652061016832,0.0001
94,0.5818791888539026,3.464744299616438,0.0001
95,0.577658315473943,3.463302840858344,0.0001
96,0.5797676470847063,3.0728448350869004,0.0001
97,0.575237109859813,3.0064623796684464,0.0001
98,0.5707257931797083,3.548257022311114,0.0001
99,0.5727490276069241,3.151455177474712,0.0001
100,0.5682819955933002,3.326236610335379,0.0001
End of training: 2022-08-29 03:43:50

Loss min training: 0.5682819955933002

Loss min val: 1.6214939899914786

Best epoch: 1

Correlação: (0.45177712015429017, 0.0)




--> Fold: 4

Format of train data: frames: 127998 , pressures: 127998 

Format of validation data: frames: 38833 , pressures: 38833 

Option shuffle: True

Begin of training: 2022-08-29 03:44:15

Epoch,train_loss,val_loss,lr
1,5.304195734871133,1.411197389372132,0.0001
2,2.464430506980915,1.3109082031117385,0.0001
3,2.1494187844556025,1.3913130292786118,0.0001
4,1.8290497454979038,1.3454145561751472,0.0001
5,1.4825864068273324,1.3157931834799284,0.0001
6,1.217430337266748,1.3411976240777344,0.0001
7,1.0937257702457646,1.278623783698615,0.0001
8,1.0493152771974519,1.3089948371465245,0.0001
9,1.0176094767190464,1.3680500068718089,0.0001
10,1.0040330376477389,1.2424045515894488,0.0001
11,0.9862298002414259,1.2959041369522186,0.0001
12,0.9715196653411479,1.2618109901808534,0.0001
13,0.9535062982012725,1.3944466186307127,0.0001
14,0.943374064482235,1.357601465951238,0.0001
15,0.9352438574612227,1.3218903110750126,0.0001
16,0.9236120772979418,1.3527577560782276,0.0001
17,0.9122687137194537,1.4275132953142906,0.0001
18,0.9037037211829148,1.267785424169503,0.0001
19,0.8971138799128494,1.30675776832162,0.0001
20,0.8821357831243191,1.3379204694184654,0.0001
21,0.8791906590532438,1.4036010973969186,0.0001
22,0.8737991730407502,1.3690309100045093,0.0001
23,0.8650556360215484,1.322950831714035,0.0001
24,0.8549494414901817,1.6306603465647436,0.0001
25,0.8467975670147595,1.4171982970124886,0.0001
26,0.8405050443286801,1.4722315568140294,0.0001
27,0.8347304674883884,1.3515618201850281,0.0001
28,0.830014849032653,1.3420543603517914,0.0001
29,0.8242570761563314,1.3334707629470968,0.0001
30,0.8149469246087435,1.414427930560699,0.0001
31,0.8096198822014421,1.3980304071525214,0.0001
32,0.8050856224125118,1.2844587398146974,0.0001
33,0.7980628482073414,1.3440553038346146,0.0001
34,0.7922937349315047,1.4044603010297507,0.0001
35,0.785786479227703,1.3842429709656148,0.0001
36,0.7816606903618583,1.5037518620131862,0.0001
37,0.7756255927049591,1.453744528347822,0.0001
38,0.774181251917115,1.5080434885001204,0.0001
39,0.7648540924734603,1.5951185267974735,0.0001
40,0.7590289104375808,1.3760716385314962,0.0001
41,0.7578050652577223,1.3150493939709424,0.0001
42,0.7470796085334956,1.4923933671123875,0.0001
43,0.7462349952437933,1.463981538565114,0.0001
44,0.739747918495549,1.5608824271611548,0.0001
45,0.7319163845510013,1.3810599294633545,0.0001
46,0.7298772664978668,1.7136064689649886,0.0001
47,0.7251803361076282,1.6239186599142683,0.0001
48,0.7192540438887227,1.351768029622364,0.0001
49,0.7161944751431304,1.5309691409675692,0.0001
50,0.7143353079750746,1.4155135933960494,0.0001
51,0.706088546740882,1.4221809195216009,0.0001
52,0.7031212908646753,1.5212223392381021,0.0001
53,0.702471430909755,1.6840234320239795,0.0001
54,0.6953280231993981,1.3552284318050754,0.0001
55,0.6893693142406538,1.306875595660759,0.0001
56,0.6872254078212265,1.3863589734815998,0.0001
57,0.6779364504523235,1.5327284593001103,0.0001
58,0.6776643105563835,1.517192710920375,0.0001
59,0.6763913502844835,1.315276780691602,0.0001
60,0.6704080619475463,1.6280350274657545,0.0001
61,0.6658119281116252,1.8492466613922383,0.0001
62,0.6623723438073736,1.4944773799676296,0.0001
63,0.6589843605449027,1.4693790119712802,0.0001
64,0.6557622274197955,1.5679459893429941,0.0001
65,0.6519271713173663,1.4642496692791411,0.0001
66,0.6476710457550656,1.4745968878599198,0.0001
67,0.6423096234903598,1.4812625045801908,0.0001
68,0.6350566123835353,1.3783909144207662,0.0001
69,0.6341565868994559,1.3664173712072367,0.0001
70,0.6340099056094257,1.5876084751593253,0.0001
71,0.6300519920181122,1.4315715266075877,0.0001
72,0.6259528127275826,1.5752442967952167,0.0001
73,0.61990078370026,1.5350713932710351,0.0001
74,0.6197231359909408,1.4927153341205268,0.0001
75,0.6179022321125632,1.575631241522979,0.0001
76,0.6134317477242396,1.6386425082935838,0.0001
77,0.6106190701783952,1.5020800670931447,0.0001
78,0.6079148836539245,1.445155380731988,0.0001
79,0.6028896705794404,1.5607608614428856,0.0001
80,0.5960058033765299,1.3708081189490726,0.0001
81,0.6009494770403778,1.695193963731968,0.0001
82,0.5951909621565913,1.7456297122351285,0.0001
83,0.5922458977888826,1.5146462447895064,0.0001
84,0.5933342523145595,1.549658330043769,0.0001
85,0.5921313876241358,1.5842910891898252,0.0001
86,0.5868452700347211,1.675597843983121,0.0001
87,0.5823705439291965,1.4283979451005853,0.0001
88,0.5810965059256151,1.6698171828404809,0.0001
89,0.5788386214483354,1.5145060526742338,0.0001
90,0.5774899237986555,1.5121855623900187,0.0001
91,0.5749288745018767,1.514985854944408,0.0001
92,0.5681104351547384,1.406976621316064,0.0001
93,0.5647224044224797,1.4935897129212474,0.0001
94,0.5660236265134468,1.8485542365715302,0.0001
95,0.5604585296416756,1.7515933755602477,0.0001
96,0.5609920961023966,1.6705174822032864,0.0001
97,0.5596776598486953,1.5308013351529723,0.0001
98,0.5565062415468691,1.6862986403772913,0.0001
99,0.5536897981644988,1.4358092540323426,0.0001
100,0.5521679109878008,1.6482423455826982,0.0001
End of training: 2022-08-29 04:28:18

Loss min training: 0.5521679109878008

Loss min val: 1.2424045515894488

Best epoch: 10

Correlação: (0.5275294095573395, 0.0)




--> Fold: 5

Format of train data: frames: 123787 , pressures: 123787 

Format of validation data: frames: 43044 , pressures: 43044 

Option shuffle: True

Begin of training: 2022-08-29 04:28:33

Epoch,train_loss,val_loss,lr
1,5.2984491398925275,1.8426465747824123,0.0001
2,2.3869558196440424,1.750799480484671,0.0001
3,2.084211190331005,2.084500831051527,0.0001
4,1.7873048524114965,1.9668813236428175,0.0001
5,1.4574116344354138,2.0789370597455705,0.0001
6,1.1748623309402424,2.340294890748935,0.0001
7,1.0283431179554072,2.2334634161008777,0.0001
8,0.9754608992656594,2.1757180682124617,0.0001
9,0.9513819566593464,2.266431480167014,0.0001
10,0.9305491241083291,2.190354771933561,0.0001
11,0.916278991694057,1.5615301700387676,0.0001
12,0.9042657694402337,2.1606073308507256,0.0001
13,0.8864281168738014,2.2723110417608057,0.0001
14,0.8750875308851237,2.519793542983884,0.0001
15,0.8651925776746451,2.3832641075052035,0.0001
16,0.8520008947696982,2.2704414300632325,0.0001
17,0.840575371866689,2.425774952390692,0.0001
18,0.8313016164982429,2.251150836223187,0.0001
19,0.825705253167232,2.257628133245787,0.0001
20,0.8173068867203965,2.2342027062521628,0.0001
21,0.808533683198335,2.2570266004012383,0.0001
22,0.8012189133063434,2.318035654015351,0.0001
23,0.7891733944331782,2.2235584749784203,0.0001
24,0.7873316194776028,2.210478287338712,0.0001
25,0.7774930365742169,2.334608262859859,0.0001
26,0.7676357817067985,2.3455892180368454,0.0001
27,0.7631206204053821,2.237654431160249,0.0001
28,0.7567894654278147,2.472212758674441,0.0001
29,0.7482509622440995,2.193449479764129,0.0001
30,0.739025937329944,2.138635374790518,0.0001
31,0.7394043285883382,2.377421762517655,0.0001
32,0.7311923677344427,2.2602607077043877,0.0001
33,0.7228865562760559,2.464846496735017,0.0001
34,0.7205832962920008,2.3932700771767457,0.0001
35,0.7181047435358133,2.3459283604341397,0.0001
36,0.7067386879607555,2.2729356096819116,0.0001
37,0.7008211676337742,2.4412373698186434,0.0001
38,0.6995423611690801,2.4396355009779103,0.0001
39,0.6895492623878461,2.494045270097465,0.0001
40,0.6859683007856797,2.158360108734562,0.0001
41,0.6798549409733132,2.5540316127266274,0.0001
42,0.6742230625122618,2.514230630974069,0.0001
43,0.6667908626040241,2.5095157597590285,0.0001
44,0.6633838180908244,2.1868459833520193,0.0001
45,0.6563077521381746,2.422780193733954,0.0001
46,0.654520187004413,2.363122256955807,0.0001
47,0.6485023589925702,2.380222239377784,0.0001
48,0.6433865770646915,2.1483135670935862,0.0001
49,0.6383667235287317,2.47467409338099,0.0001
50,0.6303988756522698,2.3826236015590925,0.0001
51,0.6278736065630401,2.712828905650446,0.0001
52,0.6224894488951905,2.409268699828028,0.0001
53,0.619661819371286,2.3883661069831,0.0001
54,0.6128414469619283,2.498597356424756,0.0001
55,0.6050132285687001,2.6197287938196236,0.0001
56,0.6045622768322901,2.771269408691196,0.0001
57,0.6020223415616235,2.50630377237875,0.0001
58,0.5962237758036205,2.5509358343277353,0.0001
59,0.592663849254892,2.6594353294009205,0.0001
60,0.5924925243733086,2.7187451092840824,0.0001
61,0.5832046585508971,2.7006379477586258,0.0001
62,0.5807602866904235,2.8129260952868056,0.0001
63,0.5790181995150565,2.7483058511496323,0.0001
64,0.5717741785070375,2.664271302415296,0.0001
65,0.5704805060300355,2.8084592453227724,0.0001
66,0.5666527750350542,2.821324688718505,0.0001
67,0.5631612303744046,2.81835794488733,0.0001
68,0.5559589996527904,3.00865770602645,0.0001
69,0.552054198071973,2.9649464806906853,0.0001
70,0.5473774114072232,3.012976094566638,0.0001
71,0.5491537108735809,2.8248303938771633,0.0001
72,0.543694785900616,2.845035230611605,0.0001
73,0.5423552014980761,3.1026937303717235,0.0001
74,0.5386881414826071,2.776384762589478,0.0001
75,0.5340811698624641,2.8720663714038874,0.0001
76,0.5309738633641077,2.7495081257173735,0.0001
77,0.529993980736559,2.8328849068445496,0.0001
78,0.5258952716088483,2.819551653993162,0.0001
79,0.5195673047471594,2.7158689058776373,0.0001
80,0.5149740695132876,2.9015168377307585,0.0001
81,0.5149428940703291,2.836723641540113,0.0001
82,0.5132729449797637,2.9180369334597094,0.0001
83,0.5135212758218365,2.767482185948683,0.0001
84,0.5068192097422439,2.953188066444436,0.0001
85,0.4997965183612795,3.183193575027607,0.0001
86,0.5007914001105279,2.854611535351933,0.0001
87,0.49839490868884107,3.0142125785267715,0.0001
88,0.4962922045004398,2.919614171773547,0.0001
89,0.49304095221315797,2.8643094514251786,0.0001
90,0.4893985529167013,2.780074735233281,0.0001
91,0.4889228070312014,2.8940806088422315,0.0001
92,0.484726269504277,2.9146480081294306,0.0001
93,0.48427061151296596,2.921816579760057,0.0001
94,0.4815678453714502,2.941055649375508,0.0001
95,0.4795528779607696,2.8770932174174275,0.0001
96,0.4772104090454265,3.2808571143416643,0.0001
97,0.4718922700382979,3.1408373844267965,0.0001
98,0.46940698699673167,2.784404959136719,0.0001
99,0.46917801375195034,2.831937377996332,0.0001
100,0.464636663453469,2.733300542091417,0.0001
End of training: 2022-08-29 05:12:05

Loss min training: 0.464636663453469

Loss min val: 1.5615301700387676

Best epoch: 11

Correlação: (0.1126408838094141, 1.5356316348384479e-121)




--> Fold: 6

Format of train data: frames: 125799 , pressures: 125799 

Format of validation data: frames: 41032 , pressures: 41032 

Option shuffle: True

Begin of training: 2022-08-29 05:12:20

Epoch,train_loss,val_loss,lr
1,5.600888779002664,1.3702045672352168,0.0001
2,2.4869008902437386,1.3873467354031654,0.0001
3,2.192306317165196,1.3366248741743043,0.0001
4,1.8849090358098637,1.61919614663945,0.0001
5,1.5550897824227332,1.2343603111099002,0.0001
6,1.289265558665981,1.2790435912618863,0.0001
7,1.1590829192021397,1.258649064146954,0.0001
8,1.1120889191123409,1.3659030634145055,0.0001
9,1.0786131666918524,1.2839851743832367,0.0001
10,1.0609507212317215,1.4394218773840928,0.0001
11,1.0450025812094776,1.465597633986381,0.0001
12,1.0310930618899687,1.3636288427195602,0.0001
13,1.0197966792687534,1.4592634376946843,0.0001
14,1.0097929873702751,1.5622314274438898,0.0001
15,0.99682560010295,1.6228602001554995,0.0001
16,0.9841234314916698,1.4738277166901705,0.0001
17,0.9776934963264411,1.5520651801610044,0.0001
18,0.9676107752915316,1.6532122990522127,0.0001
19,0.9592196072737736,1.5922783428894238,0.0001
20,0.9493403063972149,1.6491652370824013,0.0001
21,0.9426157197027093,1.7554193699562102,0.0001
22,0.9369455207443113,1.6823349241672099,0.0001
23,0.9281554489979349,1.8757879848390975,0.0001
24,0.920583009827877,1.866491657131758,0.0001
25,0.9147015462474228,1.8099302209290549,0.0001
26,0.9054993139676801,2.0860854919065064,0.0001
27,0.8968223816240772,1.9298690685544428,0.0001
28,0.8938496202979782,1.9605429316385143,0.0001
29,0.8848631998509426,2.061886267672275,0.0001
30,0.88147758842647,2.0651321673769774,0.0001
31,0.8711835367005708,2.3718920697662003,0.0001
32,0.8652173862467586,2.023350045145964,0.0001
33,0.8633507780294761,2.3892085212879324,0.0001
34,0.8573451760039109,2.0169596407096924,0.0001
35,0.8493925452407433,2.0005206935562385,0.0001
36,0.8458063932886347,2.2672753719401233,0.0001
37,0.8384934274671506,2.5121944872439084,0.0001
38,0.8391246900849276,2.276328483109447,0.0001
39,0.8303214340964018,2.220496971813134,0.0001
40,0.8277282080968426,2.9866355627595067,0.0001
41,0.8233046843007383,2.6416579819859805,0.0001
42,0.815031150887267,2.542625640656056,0.0001
43,0.8126108055799911,2.738660038226435,0.0001
44,0.8063462691994697,2.5367085176454136,0.0001
45,0.8007064316959549,2.3488819327217767,0.0001
46,0.7961915786154944,2.5546049704954252,0.0001
47,0.7905026649177728,2.2892928969025683,0.0001
48,0.7852346974306291,2.448288775822135,0.0001
49,0.7793870548588705,2.863565393441554,0.0001
50,0.7783201650185528,2.8441598365636427,0.0001
51,0.775963371426905,2.5428564870164605,0.0001
52,0.7689223734377044,3.0608038917157727,0.0001
53,0.7686665035814865,2.558646557484019,0.0001
54,0.760992757537723,3.5054603041578023,0.0001
55,0.7589464680217154,3.004419917668904,0.0001
56,0.7515044771565723,3.3436131445746553,0.0001
57,0.7442881172007088,2.92679130363985,0.0001
58,0.7418274206609486,2.712583760811725,0.0001
59,0.7386818534102699,2.61265440776488,0.0001
60,0.7363333012823856,2.300353738387255,0.0001
61,0.7293982934727765,2.558703927088258,0.0001
62,0.7253752642289486,2.7807933708268266,0.0001
63,0.7229230843547122,2.9492918726853588,0.0001
64,0.7190977135512263,2.514908535295956,0.0001
65,0.7137961351902004,2.924389587714905,0.0001
66,0.7140327355405083,2.7358215703534716,0.0001
67,0.7117027433013556,2.623302048329699,0.0001
68,0.7084123902966606,2.3763650729889108,0.0001
69,0.7002399416738139,2.8145583445250955,0.0001
70,0.6969245656552364,2.48177960849129,0.0001
71,0.6931563229289606,2.2252336920388474,0.0001
72,0.6906278780837536,2.36181255636403,0.0001
73,0.6875448150569721,2.4168152050517366,0.0001
74,0.679858719840192,2.6251686201339157,0.0001
75,0.6823866422330311,2.565458728942194,0.0001
76,0.6797849533711624,2.482127025825142,0.0001
77,0.6694643571946195,2.296296980116516,0.0001
78,0.6729919673356051,2.468987108229847,0.0001
79,0.6677647735332897,2.3958649556756275,0.0001
80,0.6614360656713615,2.5319564017107856,0.0001
81,0.6677848618577645,2.583994651868065,0.0001
82,0.6598952774021728,2.2346961329057216,0.0001
83,0.6560736219975206,2.4817263008581776,0.0001
84,0.6511841424209955,2.5580346676126795,0.0001
85,0.6491721538204106,2.203102684272012,0.0001
86,0.6480859168967943,2.441769328166644,0.0001
87,0.6463831350053223,2.675407330272583,0.0001
88,0.6391342624385017,2.4483489534222236,0.0001
89,0.642989196792335,2.371502823940284,0.0001
90,0.6329665315602375,2.2160937530902842,0.0001
91,0.630728289921237,2.1533650133572118,0.0001
92,0.631821954313068,2.756710688583008,0.0001
93,0.6290950186062654,2.414520490097474,0.0001
94,0.625470590731299,2.103909610005284,0.0001
95,0.6226834951928663,2.117891453283529,0.0001
96,0.6203870131695705,2.3608921731882657,0.0001
97,0.6164923487470039,2.181283969817791,0.0001
98,0.6152116494403016,2.1316501969458135,0.0001
99,0.6110387274768447,2.3096770117635685,0.0001
100,0.6112843351200331,2.4808698883528923,0.0001
End of training: 2022-08-29 05:56:13

Loss min training: 0.6110387274768447

Loss min val: 1.2343603111099002

Best epoch: 5

Correlação: (0.4703593602658019, 0.0)




--> Fold: 7

Format of train data: frames: 121714 , pressures: 121714 

Format of validation data: frames: 45117 , pressures: 45117 

Option shuffle: True

Begin of training: 2022-08-29 05:56:29

Epoch,train_loss,val_loss,lr
1,5.518650772238286,1.6519993373465554,0.0001
2,2.472916476864474,1.9335050866792876,0.0001
3,2.185364024462873,1.7090373638317402,0.0001
4,1.9073307002756437,1.9380646426777528,0.0001
5,1.5745539221328826,2.0453060178819915,0.0001
6,1.2811534261504474,1.9976809797529649,0.0001
7,1.1277193762390774,1.9958981638679527,0.0001
8,1.0706576743499585,1.768861477480244,0.0001
9,1.0355979272286817,1.7236576127855903,0.0001
10,1.017283320076308,1.8632008600423111,0.0001
11,0.9999806369203275,1.7893647142057658,0.0001
12,0.9905367151576345,1.8464709409868516,0.0001
13,0.97595924247053,1.7195794739711474,0.0001
14,0.960478627321501,1.6866945483375557,0.0001
15,0.952048458584406,1.6062383766194608,0.0001
16,0.9446279635898642,1.757659338178355,0.0001
17,0.9328359972880786,1.5029435659481665,0.0001
18,0.9217643584004229,1.6629361276928647,0.0001
19,0.9136641752616648,1.5237249259865024,0.0001
20,0.9076479226573603,1.6486070619094593,0.0001
21,0.8960087829772142,1.503745449015516,0.0001
22,0.8886207151660169,1.4928726741290355,0.0001
23,0.88298974265356,1.5088837870570297,0.0001
24,0.8749834613520953,1.5561221904238032,0.0001
25,0.8720982691302874,1.4502289094308125,0.0001
26,0.861412804132851,1.5589034788695797,0.0001
27,0.8545960210213411,1.4249597661400142,0.0001
28,0.8494413478394031,1.5161773034290085,0.0001
29,0.8409099020430548,1.467257974159264,0.0001
30,0.8375078526890818,1.4159660388738664,0.0001
31,0.8296734606666127,1.4633724081507546,0.0001
32,0.8200447508225999,1.6992224092075772,0.0001
33,0.8188457413843083,1.6890409066326892,0.0001
34,0.8115994646431028,1.5185068261698158,0.0001
35,0.8035777586190115,1.4192055493251707,0.0001
36,0.7993925038840158,1.6336828003084627,0.0001
37,0.7947804292994395,1.5258361720012579,0.0001
38,0.7874368919903436,1.4530115357489943,0.0001
39,0.7831450960002924,1.4016260093262023,0.0001
40,0.7787417103964235,1.3284565334817653,0.0001
41,0.7707695452938403,1.496107388983266,0.0001
42,0.767944403415713,1.4618413861340014,0.0001
43,0.7619422133959646,1.403804331515215,0.0001
44,0.7548464157425131,1.5497626744625714,0.0001
45,0.7519061589767173,1.397633755231106,0.0001
46,0.7448099382142244,1.4049070919411089,0.0001
47,0.7390908167592064,1.4384934776791138,0.0001
48,0.7364471755748115,1.289433649801327,0.0001
49,0.7329238667717596,1.425929475956744,0.0001
50,0.7262131194574966,1.6177980300501196,0.0001
51,0.7193246279759946,1.3483913620357926,0.0001
52,0.7174042533409593,1.5033507566913675,0.0001
53,0.7136637105995954,1.540088397268576,0.0001
54,0.7096533141683157,1.5268956484977354,0.0001
55,0.702116408859361,1.543903442103117,0.0001
56,0.6967226472490473,1.4191640010552142,0.0001
57,0.6970195328574028,1.412622162092582,0.0001
58,0.6906445805164999,1.5379087716591369,0.0001
59,0.686228240872412,1.43751596447598,0.0001
60,0.6854027401282079,1.5451441055140334,0.0001
61,0.6824447731919087,1.5635585339591418,0.0001
62,0.673865750439605,1.4726437665121637,0.0001
63,0.6692819778723766,1.4901593933424226,0.0001
64,0.6688228962431486,1.5536041981198885,0.0001
65,0.6639272205844154,1.461403627236515,0.0001
66,0.6611474729772132,1.446041849968104,0.0001
67,0.6542185060041452,1.4279411404834144,0.0001
68,0.6539884795953668,1.520929960636239,0.0001
69,0.6460337116025175,1.5530973971385462,0.0001
70,0.6441444866626739,1.5228163691930616,0.0001
71,0.6424215116068459,1.4530197997004104,0.0001
72,0.6375228464495688,1.5164428848555176,0.0001
73,0.6345383487397568,1.815750629345909,0.0001
74,0.6293618497168088,1.6434091341517445,0.0001
75,0.6256226776868802,1.5328899695205993,0.0001
76,0.6272046648148693,1.5504822807034895,0.0001
77,0.6208905594221622,1.4357821308536294,0.0001
78,0.619590184808038,1.617989357030859,0.0001
79,0.6124838767691533,1.547725548605115,0.0001
80,0.6078656342840454,1.611696662670739,0.0001
81,0.6085812076041079,1.6222013014968353,0.0001
82,0.6059755750349028,1.5593123425616597,0.0001
83,0.6008305809506139,1.5340329642297634,0.0001
84,0.5974954459356807,1.6230724810719013,0.0001
85,0.5948379951292262,1.6443485701726461,0.0001
86,0.5914469883214386,1.4867038500737824,0.0001
87,0.5867572908377434,1.5361909493845263,0.0001
88,0.588093092389767,1.7238228072917616,0.0001
89,0.5864137586020169,1.558803523268781,0.0001
90,0.5787670918002813,1.4226742863409363,0.0001
91,0.5806611617391845,1.530323205123248,0.0001
92,0.5772386489511232,1.772426694431428,0.0001
93,0.5747707973316826,1.5996968406144088,0.0001
94,0.5700819499950192,1.5399880129032704,0.0001
95,0.5676004785555812,1.649112712864779,0.0001
96,0.5671222404022348,1.632903261134173,0.0001
97,0.5609926856325911,1.5636947838542525,0.0001
98,0.5594753769902341,1.379476093637142,0.0001
99,0.5566127174333352,1.6359161498617043,0.0001
100,0.5537945938153054,1.5716807188805841,0.0001
End of training: 2022-08-29 06:39:53

Loss min training: 0.5537945938153054

Loss min val: 1.289433649801327

Best epoch: 48

Correlação: (0.6161358253410688, 0.0)




--> Fold: 8

Format of train data: frames: 132010 , pressures: 132010 

Format of validation data: frames: 46835 , pressures: 46835 

Option shuffle: True

Begin of training: 2022-08-29 06:40:11

Epoch,train_loss,val_loss,lr
1,5.169139939798983,1.5830985232836106,0.0001
2,2.43585860568839,1.747934428673487,0.0001
3,2.111999716024382,1.6882790431302321,0.0001
4,1.780009494876421,1.5997570258901406,0.0001
5,1.4104794940129617,1.8440685035605384,0.0001
6,1.153439202836748,1.8185641188065118,0.0001
7,1.0551089493725012,1.6576029411868554,0.0001
8,1.017522032457214,1.7441154791067464,0.0001
9,0.9919525742801732,1.5607452375015531,0.0001
10,0.9692523344079073,1.511937916743357,0.0001
11,0.9541416894485621,1.956070922393866,0.0001
12,0.9417174767340758,1.6427319146505832,0.0001
13,0.9282940731997852,1.6570929400666592,0.0001
14,0.9172028204399784,1.9221785067442936,0.0001
15,0.9040284438509263,1.669702737517452,0.0001
16,0.8989179809638365,1.767313232866794,0.0001
17,0.8876301606937156,1.7940447161441249,0.0001
18,0.8813618845167002,1.5842404078174785,0.0001
19,0.8682359300565651,1.596450704712235,0.0001
20,0.8639670251142924,1.8537622078768,0.0001
21,0.8525641567404004,1.761487602171985,0.0001
22,0.8431386025662982,1.6748491913528825,0.0001
23,0.8365491072315762,1.607757706559174,0.0001
24,0.8303694435687022,1.8196745418873568,0.0001
25,0.82674387092979,1.7612348379263618,0.0001
26,0.8180757250445204,1.7475611795085566,0.0001
27,0.8091470726470443,1.6686574397174148,0.0001
28,0.8031332624445322,1.5626362204309894,0.0001
29,0.7990888838749584,1.4835146530621128,0.0001
30,0.7899082669299007,1.6862735088166552,0.0001
31,0.7884327709995411,1.6619923402345,0.0001
32,0.7779229419284333,1.6823884203248947,0.0001
33,0.7734356475308957,1.6483981903607021,0.0001
34,0.768978972944669,1.686870757877044,0.0001
35,0.7622422920328751,1.720851728189993,0.0001
36,0.7590429366461193,1.7624658635806234,0.0001
37,0.7552624569078005,1.6295116317123286,0.0001
38,0.7440164643479571,1.7687743202298865,0.0001
39,0.7410460185303885,1.6653569828882357,0.0001
40,0.7350047726033718,1.7207562714920133,0.0001
41,0.7349397554802863,1.6301841453311154,0.0001
42,0.7272113111884059,1.692659298559384,0.0001
43,0.7225190282003435,1.63698678921518,0.0001
44,0.7162490376368877,1.7761651381772292,0.0001
45,0.7128374845049127,1.7962585376372164,0.0001
46,0.70695399503014,1.611449676200396,0.0001
47,0.7016759941346916,1.8154244878216488,0.0001
48,0.6971254603604135,1.6385765748687293,0.0001
49,0.6928371032298799,1.7013185610317607,0.0001
50,0.6875258166865321,1.6077822203644823,0.0001
51,0.681422757264403,1.7495208591588651,0.0001
52,0.6784173592700442,1.5830243284119172,0.0001
53,0.6748532249651013,1.6617971583874742,0.0001
54,0.6682468319271525,1.6624551781419885,0.0001
55,0.6660762229911054,1.9169149985394356,0.0001
56,0.6641097151215406,1.8311772295997761,0.0001
57,0.659358133324059,1.552497749207966,0.0001
58,0.6543347220729313,1.5772528546971574,0.0001
59,0.6488916179337526,1.5746853909345375,0.0001
60,0.6486692931090202,1.8607985446836672,0.0001
61,0.6439373346307351,1.860339643686192,0.0001
62,0.6413820741167755,1.7546737204446117,0.0001
63,0.6368617596438721,1.5414826121467198,0.0001
64,0.632287983083064,1.5462989886186034,0.0001
65,0.6266269563156659,1.6553847974782516,0.0001
66,0.6248383091174421,1.9286591583908437,0.0001
67,0.6203140127659748,1.5703412557699465,0.0001
68,0.6169807863135237,1.6557004720815742,0.0001
69,0.6123278477157429,1.6365283746061146,0.0001
70,0.6084253733794388,1.7244873763314303,0.0001
71,0.605667232880131,1.673704823366387,0.0001
72,0.6049810145715991,1.807588747533495,0.0001
73,0.6035097605973859,1.7296713700197264,0.0001
74,0.5980889149736558,1.7063704859756081,0.0001
75,0.5984139546008104,1.75746616296533,0.0001
76,0.591800772601949,1.7908001346930225,0.0001
77,0.5897124439574997,1.8371764320058122,0.0001
78,0.5869848434577051,1.6027186647962708,0.0001
79,0.5833031929114507,1.6650591643500305,0.0001
80,0.5808728819163981,1.8177558896584103,0.0001
81,0.5775632349641185,1.5792661047445056,0.0001
82,0.5749821445154661,1.8307804810857013,0.0001
83,0.569902793288854,1.7529441673803752,0.0001
84,0.5669013175054279,1.7608853281250603,0.0001
85,0.565505725157531,1.7482492120693318,0.0001
86,0.5669135166299532,1.719309599885465,0.0001
87,0.5617069043758087,1.6927944627606883,0.0001
88,0.561045224731975,1.7141807071348385,0.0001
89,0.5572731297618105,1.7699051800539798,0.0001
90,0.5523097604398032,1.5580014927710237,0.0001
91,0.5520906121042152,1.6291152287181139,0.0001
92,0.5480116413466976,1.7282275108462835,0.0001
93,0.5460863910491842,1.7268045205857159,0.0001
94,0.543520153447919,1.6354576711175128,0.0001
95,0.5402336690414314,1.6598538871151005,0.0001
96,0.5389772766977989,1.6800169874818243,0.0001
97,0.5351915756280418,1.6674698104748442,0.0001
98,0.5317852309261089,1.8265118945353795,0.0001
99,0.5295808136354802,1.7377019381464591,0.0001
100,0.5246027940014358,1.6454642206293626,0.0001
End of training: 2022-08-29 07:26:59

Loss min training: 0.5246027940014358

Loss min val: 1.4835146530621128

Best epoch: 29

Correlação: (0.5978605194900838, 0.0)




--> Fold: 9

Format of train data: frames: 131637 , pressures: 131637 

Format of validation data: frames: 47208 , pressures: 47208 

Option shuffle: True

Begin of training: 2022-08-29 07:27:18

Epoch,train_loss,val_loss,lr
1,5.241913002307456,1.462080601281462,0.0001
2,2.4230355959731824,1.3723917176836204,0.0001
3,2.10745911904404,1.7389353577554518,0.0001
4,1.7907951719555126,1.5447543798675174,0.0001
5,1.4387466836213092,1.3095457395281433,0.0001
6,1.1993429047286348,1.7233267841733446,0.0001
7,1.0993770549200923,1.368598942796248,0.0001
8,1.0632331641590078,1.3564193355690684,0.0001
9,1.039628969979775,1.8274907396720883,0.0001
10,1.0190306244970733,1.7852585792056668,0.0001
11,1.0034626870861805,1.5323306842287443,0.0001
12,0.9870041993623231,2.1106356143587788,0.0001
13,0.9732639349215009,1.5102780745547013,0.0001
14,0.9603646968986896,1.787664030107719,0.0001
15,0.9501336917849522,1.752438979661176,0.0001
16,0.9382489275230298,1.8618589259672722,0.0001
17,0.9287236664471008,1.5853576108755207,0.0001
18,0.9200529010868546,2.2089626883636226,0.0001
19,0.9076719077207036,1.8775438098377382,0.0001
20,0.8967081612713645,1.8721530963315578,0.0001
21,0.8898853645855782,1.9498316915211809,0.0001
22,0.8850910938186736,2.013533597355312,0.0001
23,0.8733186095984005,2.094126826806546,0.0001
24,0.8608986310522114,1.6442827558218474,0.0001
25,0.8608913502952936,1.6348789443890537,0.0001
26,0.8496963371450327,1.7955340782760907,0.0001
27,0.8458551623831818,1.924110922019899,0.0001
28,0.8363619368828346,1.6940756696217183,0.0001
29,0.829644502425015,1.720892053744567,0.0001
30,0.821691245895862,1.8285232508431004,0.0001
31,0.8171118531654225,1.6589625709199478,0.0001
32,0.814093479243554,1.7713073562755561,0.0001
33,0.8032788912447996,1.6852555369203566,0.0001
34,0.7968542258272567,1.6620346843701381,0.0001
35,0.7968578678654376,1.6485383511751188,0.0001
36,0.7866463131477417,1.7580602168632835,0.0001
37,0.7790991406124611,1.9531647055618966,0.0001
38,0.7757348346807285,1.8352984714823202,0.0001
39,0.7708243821937938,1.7354992307852617,0.0001
40,0.7615788945833002,1.9326481604208443,0.0001
41,0.759335335203851,1.910304957901981,0.0001
42,0.7499545536716233,1.8849261332580425,0.0001
43,0.7475701288124934,2.008770189453355,0.0001
44,0.743071006913273,1.852007374685107,0.0001
45,0.7404736464511722,2.0798927855237097,0.0001
46,0.7291552391376773,2.1609783090185135,0.0001
47,0.7242476880530915,2.0616344704585163,0.0001
48,0.7209724806736406,1.8770905551092643,0.0001
49,0.7183154768307862,1.7082592848094313,0.0001
50,0.7115515765750084,1.8155794004084114,0.0001
51,0.7069323165133431,1.9303560827146484,0.0001
52,0.7005454510563789,1.9314038107868292,0.0001
53,0.6952446670774817,1.9668559785859703,0.0001
54,0.6958506751386679,1.8199336208785677,0.0001
55,0.6908070453174826,1.844594475253722,0.0001
56,0.6826201187852687,1.7602001293859852,0.0001
57,0.6798641668098596,1.9988125835388642,0.0001
58,0.6769892023332318,1.927502285038247,0.0001
59,0.6710927195643446,1.8766706656488479,0.0001
60,0.6679041267842295,1.887199687990086,0.0001
61,0.6668315792077945,1.8606119187398191,0.0001
62,0.6598392692068082,1.7580610175311333,0.0001
63,0.6588131407376415,1.6968512032076861,0.0001
64,0.6506540476277434,1.6937786643181063,0.0001
65,0.645904458828709,1.9153718828569124,0.0001
66,0.6428026940563476,1.965675122453851,0.0001
67,0.6401130402045693,1.760627857084457,0.0001
68,0.6384196766028463,1.9019712003443812,0.0001
69,0.6353152998776768,1.7717223618721845,0.0001
70,0.6301233326416974,1.9363918595850578,0.0001
71,0.6247008367900312,1.9646714861929124,0.0001
72,0.6245047156482049,1.9291819229184157,0.0001
73,0.6227714581651373,2.017364766482195,0.0001
74,0.6166689202044664,1.9639130356028573,0.0001
75,0.6122484851209677,1.8959700348134405,0.0001
76,0.6109467366521135,1.836225637074871,0.0001
77,0.6081293495715991,1.8299428983333454,0.0001
78,0.6029477369316484,1.8360775404310978,0.0001
79,0.6012280049073875,1.9053803968583096,0.0001
80,0.5976604382952325,1.8482372326439587,0.0001
81,0.5962158534233087,2.001795749344314,0.0001
82,0.5943561934411086,1.9523157930398387,0.0001
83,0.5887228256072925,1.7136184174900155,0.0001
84,0.5845776727325848,1.7135111255335456,0.0001
85,0.5822245362442734,1.8408424011874331,0.0001
86,0.5800461294719186,1.899350838547257,0.0001
87,0.5746706787879728,1.7299827628571227,0.0001
88,0.5756936876603239,1.7798929507197858,0.0001
89,0.5721418469152876,2.0296857460861064,0.0001
90,0.5684938208105821,1.942148416714231,0.0001
91,0.5678900392871793,1.8520237566596107,0.0001
92,0.5631178707393553,1.7924202642406857,0.0001
93,0.5627054031123424,1.8281706756019043,0.0001
94,0.5604220822903917,1.9147577218697487,0.0001
95,0.5574010080612711,1.8796470075759861,0.0001
96,0.5543557459816321,1.8382946689782194,0.0001
97,0.5506744392707659,1.8132343484757008,0.0001
98,0.5519001115817113,1.9525475534740655,0.0001
99,0.5449479367617864,1.9561241304565335,0.0001
100,0.5453585980864691,1.9647145981385412,0.0001
End of training: 2022-08-29 08:14:00

Loss min training: 0.5449479367617864

Loss min val: 1.3095457395281433

Best epoch: 5

Correlação: (0.47292442701885057, 0.0)


