
Dispositivo usado pelo Pytorch: cuda

Features usadas: Felipe

*****************************************

-----> GRID 0:   hyperparameters
0             100
1            adam
2              32
3             0.5
4          0.0001
5             0.7

 LSTM =True


 option_overlap=True , option_causal=False ,option_dropout_lstm=0.7



--> Fold: 0

Format of train data: frames: 118655 , pressures: 118655 

Format of validation data: frames: 48176 , pressures: 48176 

Option shuffle: True

Begin of training: 2022-09-13 20:45:41

Epoch,train_loss,val_loss,lr
1,5.519881673271308,2.1837100138976226,0.0001
2,2.5759858788082037,2.2860818426302605,0.0001
3,2.2709476192231315,2.293566968266016,0.0001
4,1.976915351724932,2.161159040919177,0.0001
5,1.6392086785329207,2.133202381048516,0.0001
6,1.3554382720390838,2.3584915250292333,0.0001
7,1.1921890966961866,2.3486642694204045,0.0001
8,1.1328969178793127,2.2886429002458413,0.0001
9,1.1013549712071864,2.4555733565752074,0.0001
10,1.0749073967399772,2.1963340272067273,0.0001
11,1.0534126567145343,2.39357282576154,0.0001
12,1.0387151101467296,2.4431885840369394,0.0001
13,1.0212377252060727,2.655583939929216,0.0001
14,1.0060864106537113,2.1495748434063606,0.0001
15,0.9948070825911981,2.6513336289962317,0.0001
16,0.9815995789685386,2.4084897696160272,0.0001
17,0.9751231520080792,2.5063929083892886,0.0001
18,0.9598924953161623,2.3448380062010785,0.0001
19,0.9459910636996858,2.4642734665761394,0.0001
20,0.9385611819053519,2.3545935132185987,0.0001
21,0.9327559014356501,2.561882324925058,0.0001
22,0.9272424994942251,2.3583577458781684,0.0001
23,0.9205621823665341,2.172300313327527,0.0001
24,0.9099317123656236,2.164770416586314,0.0001
25,0.9049530391310134,2.268732566447085,0.0001
26,0.8981172573540818,2.781006670599956,0.0001
27,0.891898122281282,2.564140681886309,0.0001
28,0.8831353949162266,2.4223719634553675,0.0001
29,0.8756299554259319,2.2008764233077653,0.0001
30,0.8728861645211322,2.4690605270153894,0.0001
31,0.865556922837408,1.9658729854274613,0.0001
32,0.8599725215033461,2.215801910125152,0.0001
33,0.8553785398361993,2.006795434649305,0.0001
34,0.8493075090299379,2.5114553955772396,0.0001
35,0.8456740723702213,2.480871653921063,0.0001
36,0.8391431231875671,2.117178656381058,0.0001
37,0.8343292450503982,2.108569677348788,0.0001
38,0.8300536876592628,2.152281273840591,0.0001
39,0.8251274846476302,2.3512242202226683,0.0001
40,0.8207238853954796,2.110793350840359,0.0001
41,0.8134405632717491,2.1503893051065113,0.0001
42,0.8115929586487199,2.4059185271087338,0.0001
43,0.8053806483280914,2.18589070551184,0.0001
44,0.8009366834039588,2.2299299950973412,0.0001
45,0.797870833159126,2.225002914162341,0.0001
46,0.7920498947956374,2.120897764899888,0.0001
47,0.7874768169714604,2.396969059067127,0.0001
48,0.7835131664030179,2.5284306628487903,0.0001
49,0.7823058656839227,2.4674110707156647,0.0001
50,0.7782958085387461,2.421202924195337,0.0001
51,0.7714135505415075,2.215069933137162,0.0001
52,0.7685997088505734,2.1842914166461584,0.0001
53,0.7671681403626504,2.2168480953240626,0.0001
54,0.7633861393980972,2.013794187175519,0.0001
55,0.756428296893231,2.376872984130135,0.0001
56,0.7572496164362971,2.763465594825694,0.0001
57,0.750875531979595,2.7479735120749877,0.0001
58,0.7473742579324755,2.2379376059234124,0.0001
59,0.7440830686401715,2.4338527662498297,0.0001
60,0.7411274819916909,2.413510069780594,0.0001
61,0.7358249376711906,2.2789850838752095,0.0001
62,0.7327767620531338,2.482883885309808,0.0001
63,0.7313106813481421,2.8881595129588242,0.0001
64,0.725389654647133,2.7767254301813584,0.0001
65,0.7259281622974687,2.119090508638684,0.0001
66,0.7234377684725717,2.1641255216874065,0.0001
67,0.7195509853709046,2.0296452826972184,0.0001
68,0.7175253025605652,2.178657680007557,0.0001
69,0.714460973190119,2.1128418076200686,0.0001
70,0.7106837264923143,2.3701021615471487,0.0001
71,0.7075185419796722,2.3823649783500285,0.0001
72,0.7058656247430413,2.352799592798867,0.0001
73,0.7017615480371936,2.793151313345601,0.0001
74,0.6992917427285864,3.278308878860296,0.0001
75,0.696754554683774,2.7848596799337995,0.0001
76,0.6951693435589537,2.8579669656725035,0.0001
77,0.6910501065886552,2.7304207602437254,0.0001
78,0.6886678556893399,2.3396435030589107,0.0001
79,0.6871862686708671,2.367257271878785,0.0001
80,0.6879133927988386,2.6938206322840066,0.0001
81,0.6810313176201547,2.7861733422925488,0.0001
82,0.6817295532120871,2.447740708463258,0.0001
83,0.6761885606003322,2.771118530360855,0.0001
84,0.6715927773071327,2.3216549235299273,0.0001
85,0.6721940050514533,1.909858859286123,0.0001
86,0.6681648427218112,2.400184915058639,0.0001
87,0.6666157783363769,2.567638104716554,0.0001
88,0.6683674181895614,2.684761662730265,0.0001
89,0.6673814176202026,2.572689461771415,0.0001
90,0.6606504461378089,2.60295365993781,0.0001
91,0.6615002878212777,2.511864664070791,0.0001
92,0.6586199983333417,2.819936739175037,0.0001
93,0.6538801600086539,2.414904458306628,0.0001
94,0.6548689510908597,2.7027021918491605,0.0001
95,0.6539969104439765,2.3179679091924528,0.0001
96,0.6498944145303667,2.666617023394536,0.0001
97,0.6486295580806184,3.18063205478596,0.0001
98,0.645402683856228,2.558140941491281,0.0001
99,0.6382404039694864,2.5513223866931787,0.0001
100,0.6413678530407265,2.468331606393635,0.0001
End of training: 2022-09-13 21:26:25

Loss min training: 0.6382404039694864

Loss min val: 1.909858859286123

Best epoch: 85

Correlação: (0.498219882694309, 0.0)




--> Fold: 1

Format of train data: frames: 122682 , pressures: 122682 

Format of validation data: frames: 44149 , pressures: 44149 

Option shuffle: True

Begin of training: 2022-09-13 21:26:31

Epoch,train_loss,val_loss,lr
1,5.4834945897839455,1.9941922490406518,0.0001
2,2.5498167784830734,2.022629552093912,0.0001
3,2.26516424023785,2.0866569675090516,0.0001
4,1.9747666894881362,2.1959106940159714,0.0001
5,1.6359045073508796,2.3157017524656767,0.0001
6,1.3476922404254779,2.3601606648711755,0.0001
7,1.2000793467443915,2.313052403119232,0.0001
8,1.1436705628201038,2.4665522653088976,0.0001
9,1.1124971888066544,2.3028534301051105,0.0001
10,1.0878168163140824,2.756247726490458,0.0001
11,1.0675497824012998,2.7465853287427406,0.0001
12,1.0566830904191005,2.4778509580734487,0.0001
13,1.0353529764841358,2.2364441486535687,0.0001
14,1.0209210968735076,2.4150549846585574,0.0001
15,1.0094902678607283,2.1469924429453453,0.0001
16,0.9969204306958118,1.967265345820263,0.0001
17,0.9874779252707011,2.273001609244091,0.0001
18,0.9799793192541997,2.2370852484984205,0.0001
19,0.9655259483430871,2.454722151102524,0.0001
20,0.9581130276963712,2.161492275720264,0.0001
21,0.9494114575641253,2.239792889367549,0.0001
22,0.9445221431409918,1.9566646856873806,0.0001
23,0.9337923874780766,2.284539638185245,0.0001
24,0.9237448776837726,2.0976327969297857,0.0001
25,0.9230244499830044,2.1257687723945256,0.0001
26,0.9121745009116102,2.1997621936267135,0.0001
27,0.9087011058820152,2.1571546906525665,0.0001
28,0.8994161073374186,2.141507922173324,0.0001
29,0.8947455551931315,2.458699393529995,0.0001
30,0.8870362463123135,2.2399045744499357,0.0001
31,0.8846876208198908,2.1495164297896605,0.0001
32,0.8763864126602828,2.1940312959504733,0.0001
33,0.8711153125178369,2.250544708802094,0.0001
34,0.8652840183687655,2.174861772740456,0.0001
35,0.8593904559616861,2.0278206056002843,0.0001
36,0.8577397902171112,2.1808009160280784,0.0001
37,0.8479091474389434,2.3117296206197526,0.0001
38,0.8462509211831823,2.1255407525085266,0.0001
39,0.842666550410882,2.3945039337241756,0.0001
40,0.8356599296317588,2.3521993788952664,0.0001
41,0.8291206983709877,2.195237995833027,0.0001
42,0.824132330391475,2.3235142148389705,0.0001
43,0.8194453804444677,2.4278042429357387,0.0001
44,0.8159251635488285,2.194878746962131,0.0001
45,0.8125039378049891,2.33872185010419,0.0001
46,0.8098431055872024,2.17366825029473,0.0001
47,0.8055435819420322,2.21673599522166,0.0001
48,0.8042789586359049,2.2465250395227767,0.0001
49,0.7963130212432977,2.3449440240298354,0.0001
50,0.7909682723109699,2.116994409696813,0.0001
51,0.7874385006273343,2.1903737065324904,0.0001
52,0.7852453179666569,2.459921132279116,0.0001
53,0.7818649681244789,2.2547553015034985,0.0001
54,0.7799555873251298,2.2836563706481714,0.0001
55,0.775262165831582,2.150339013914708,0.0001
56,0.7712939677276011,2.349757086472208,0.0001
57,0.7677490265015408,2.515956704345289,0.0001
58,0.7608090798627568,2.5742018616275906,0.0001
59,0.7617720534317153,2.4842664987849914,0.0001
60,0.7577182773825408,2.2455585520087493,0.0001
61,0.754832995202003,2.15608673314794,0.0001
62,0.7531252968559285,2.1927723059900166,0.0001
63,0.7470576528003273,2.351600704972057,0.0001
64,0.7395567419980177,2.2300677153366943,0.0001
65,0.7411703356139336,2.162576672601474,0.0001
66,0.7358393650734262,2.35388764653239,0.0001
67,0.7372242970818833,2.177934685151205,0.0001
68,0.727646825453628,2.6365420129788486,0.0001
69,0.7287579911087982,2.7174283039983247,0.0001
70,0.7229017591142567,2.3547162327907585,0.0001
71,0.722831568739567,2.11627058401343,0.0001
72,0.7210381142373007,2.2577413962396014,0.0001
73,0.719352313487329,2.250693233937309,0.0001
74,0.714798209727101,2.2359948909772225,0.0001
75,0.710632013043656,2.3924151505885862,0.0001
76,0.7091104638039939,2.4514837530494216,0.0001
77,0.7024292781363841,2.259875021698213,0.0001
78,0.7060920590457769,2.387359189340225,0.0001
79,0.7007213296545658,2.4427803262162633,0.0001
80,0.6951879162927227,2.3623023556459772,0.0001
81,0.692932456726452,2.338225142105608,0.0001
82,0.6949769198516512,2.475895461643206,0.0001
83,0.689632289589323,2.698232861136971,0.0001
84,0.6857759714752357,2.395657241380904,0.0001
85,0.6837989387481734,2.4417996795053956,0.0001
86,0.6850749037995753,2.4852191261933148,0.0001
87,0.6821728244206936,2.3738944425396897,0.0001
88,0.6771951617778074,2.8112466022780307,0.0001
89,0.6756401409703051,2.1782598354697145,0.0001
90,0.6750573340443069,2.2147338046566185,0.0001
91,0.6744555587177066,2.7297404629368347,0.0001
92,0.6724775857645645,2.0683049993792157,0.0001
93,0.6726733276376096,2.4143905806086194,0.0001
94,0.6685577867555462,2.005433289418094,0.0001
95,0.6638664216013518,2.3682326872139954,0.0001
96,0.6661459905123198,2.3729523400028674,0.0001
97,0.6630706875426589,2.40899914050146,0.0001
98,0.6576541882887758,2.1905868667506283,0.0001
99,0.6562961660244998,2.3617632786531906,0.0001
100,0.653432371969438,2.3337820010394883,0.0001
End of training: 2022-09-13 22:08:05

Loss min training: 0.653432371969438

Loss min val: 1.9566646856873806

Best epoch: 22

Correlação: (0.44016088828402594, 0.0)




--> Fold: 2

Format of train data: frames: 127377 , pressures: 127377 

Format of validation data: frames: 39454 , pressures: 39454 

Option shuffle: True

Begin of training: 2022-09-13 22:08:11

Epoch,train_loss,val_loss,lr
1,5.377085780635463,2.227171331240691,0.0001
2,2.603963827678249,1.9155014901454397,0.0001
3,2.308860317598721,2.3037541413105354,0.0001
4,1.9921010548348368,2.348340915124077,0.0001
5,1.6529806197301202,2.357211996769708,0.0001
6,1.3773735596010828,3.0230553160812597,0.0001
7,1.2392050976340587,2.9447664051149696,0.0001
8,1.1954847416454393,4.143848515441573,0.0001
9,1.165238104426831,3.496883713553075,0.0001
10,1.1422669546738193,3.278053645229064,0.0001
11,1.1179544656961784,3.524149315050347,0.0001
12,1.1015468151413992,4.037521566520165,0.0001
13,1.0888959187838645,3.70331981155872,0.0001
14,1.0725546996035524,4.24830497718591,0.0001
15,1.0606071302828393,3.8686484051480723,0.0001
16,1.0503544866951222,4.035733696426617,0.0001
17,1.0361709285606169,5.000057853288873,0.0001
18,1.0304713286697802,5.1403768604160796,0.0001
19,1.0168203132252902,5.011708740528884,0.0001
20,1.0089795349375683,4.4730834533217445,0.0001
21,0.9987982260606904,4.295259796818325,0.0001
22,0.9903777609736061,3.3633416812600094,0.0001
23,0.9827901571620558,4.1221155607374635,0.0001
24,0.976819591826115,4.254676008101211,0.0001
25,0.9715048229450944,4.629004550776624,0.0001
26,0.9620387343802119,5.192363451465903,0.0001
27,0.9566041964153502,4.3718514458638955,0.0001
28,0.946551734646911,4.421915883027384,0.0001
29,0.9422112836966695,4.0771827414460375,0.0001
30,0.9390088086078091,5.494297469956058,0.0001
31,0.9303630311397557,4.035922063214614,0.0001
32,0.9241696177008137,4.9520160030676905,0.0001
33,0.915378459832018,4.350203314234568,0.0001
34,0.911023504703511,4.886608684299238,0.0001
35,0.9054952180131873,4.098371143426149,0.0001
36,0.8956618883312968,4.999140570189954,0.0001
37,0.8944522959815191,4.024603861056406,0.0001
38,0.8910737489088643,3.730946193894631,0.0001
39,0.8881141585708755,4.251692804869874,0.0001
40,0.880977060101869,4.450128590637028,0.0001
41,0.8750055580651572,4.346897816485192,0.0001
42,0.8707197731720828,4.371017257120749,0.0001
43,0.8665018097069586,3.8207160139758254,0.0001
44,0.8629135851545516,3.93815065511925,0.0001
45,0.8577044527693345,3.179929170423848,0.0001
46,0.8515738492686716,3.5525221303139345,0.0001
47,0.8503898709299531,3.9497312978910903,0.0001
48,0.8441871528745206,3.6171993152256605,0.0001
49,0.8412325915533195,4.305740831614616,0.0001
50,0.8365899355878982,3.768884756201671,0.0001
51,0.8337721560953105,4.360293572362464,0.0001
52,0.8319808513208503,4.513656902308398,0.0001
53,0.8279004411444438,3.422201742697833,0.0001
54,0.8211123046453892,3.8588133799768096,0.0001
55,0.8181233779978099,3.285038236586232,0.0001
56,0.8154190546447463,3.8819207657838053,0.0001
57,0.8125894369980736,4.082624468310542,0.0001
58,0.8075470703585182,3.9846369737835996,0.0001
59,0.8071390186094024,4.353822572912817,0.0001
60,0.8007962315207976,4.909399568288272,0.0001
61,0.7989660551013767,3.585428420533011,0.0001
62,0.7927014045970939,4.389755948229098,0.0001
63,0.7895218835179527,4.517934759600923,0.0001
64,0.7830974483452181,3.296271365660701,0.0001
65,0.7885531409553052,4.1951444014742965,0.0001
66,0.7809568559406468,3.033991189531628,0.0001
67,0.777936935016528,3.5660146195230924,0.0001
68,0.7787838461655939,3.4844251796962005,0.0001
69,0.7705264197456448,3.9733487760482236,0.0001
70,0.770173876122495,3.688354205304456,0.0001
71,0.7686708538750335,4.2823682086855825,0.0001
72,0.7680532166995608,3.5623866352711313,0.0001
73,0.7657886924993494,3.6481085484102915,0.0001
74,0.7587686735133736,3.557556355338552,0.0001
75,0.7582168501802746,3.607656827463407,0.0001
76,0.751826072032454,3.979470669785122,0.0001
77,0.7499260687899284,3.639184507335284,0.0001
78,0.7485607772759301,3.77573438190366,0.0001
79,0.7470657622641883,4.209440368413623,0.0001
80,0.7455895579022114,3.8351659523876958,0.0001
81,0.7419023091787987,4.307568451077986,0.0001
82,0.7357180493641843,3.8364461862763553,0.0001
83,0.7356052459593239,3.932568107765868,0.0001
84,0.7326233349174591,3.831349946098078,0.0001
85,0.7303265149586877,3.521999665556806,0.0001
86,0.7256624583792688,4.254070527108676,0.0001
87,0.7258546101706962,3.34414144067991,0.0001
88,0.7233414800700515,3.812796623193046,0.0001
89,0.7186061271547554,3.906981532570195,0.0001
90,0.718685313696254,4.0503528846188255,0.0001
91,0.7137303287635337,3.421745253907279,0.0001
92,0.7150529540248557,3.908888247684222,0.0001
93,0.7121186959776911,4.219315025467659,0.0001
94,0.7072974622623487,3.7945777546249375,0.0001
95,0.7088950950847813,4.168942167845114,0.0001
96,0.7010005511716602,3.8211829417583494,0.0001
97,0.7008906416011521,3.770388832697547,0.0001
98,0.7017287346799146,4.093245152653143,0.0001
99,0.6973891912876815,3.735295397696169,0.0001
100,0.6998677096788158,4.135204593173367,0.0001
End of training: 2022-09-13 22:50:42

Loss min training: 0.6973891912876815

Loss min val: 1.9155014901454397

Best epoch: 2

Correlação: (0.22072329744493321, 0.0)




--> Fold: 3

Format of train data: frames: 125334 , pressures: 125334 

Format of validation data: frames: 41497 , pressures: 41497 

Option shuffle: True

Begin of training: 2022-09-13 22:50:47

Epoch,train_loss,val_loss,lr
1,5.703768360739756,2.4762564058587886,0.0001
2,2.620573123349365,2.388533573252674,0.0001
3,2.3302975133541017,2.0919972265686253,0.0001
4,2.0342857145518574,2.34844366406798,0.0001
5,1.6992341424099175,2.045532541648248,0.0001
6,1.3936922366575701,2.209492247825755,0.0001
7,1.2320026708394538,1.9277002867449937,0.0001
8,1.180062337697588,3.12442421295512,0.0001
9,1.1481145428502566,2.6738994266049363,0.0001
10,1.120530239160436,2.7036199516671724,0.0001
11,1.0984877005519305,2.1376773071831434,0.0001
12,1.0862477514828912,2.917778587072422,0.0001
13,1.0729473725605436,2.537489580241106,0.0001
14,1.0569384019204062,2.860235140088478,0.0001
15,1.0454869375367823,2.534152822319041,0.0001
16,1.031711228478738,2.7735234759102516,0.0001
17,1.0238293969745522,2.5533612798368406,0.0001
18,1.0118670730773285,2.729119157131561,0.0001
19,1.0032016303100348,2.8533123913772376,0.0001
20,0.9942419209000077,2.598334656809228,0.0001
21,0.9887222689421665,2.721435943281725,0.0001
22,0.9795000109199339,2.810999751116858,0.0001
23,0.9711814109028952,2.6435562214926187,0.0001
24,0.9658522887165014,2.5074261189610203,0.0001
25,0.9572874421016998,3.2784262012998138,0.0001
26,0.9479824879007885,2.748240650011855,0.0001
27,0.9452839587885148,2.9918066874082903,0.0001
28,0.9420336246098612,2.3759527653531145,0.0001
29,0.9303352308415604,2.242443197698028,0.0001
30,0.928265512121801,2.80013741431565,0.0001
31,0.9228849202160982,2.5046776000323328,0.0001
32,0.9180833016412506,3.0381788129412612,0.0001
33,0.910324507006025,2.3004808649544626,0.0001
34,0.905915817789146,2.3350333388513533,0.0001
35,0.9004353261666218,2.4237705407913794,0.0001
36,0.8923920451266024,2.5285489160037775,0.0001
37,0.8900339005151974,2.173470449909565,0.0001
38,0.8863572207668532,2.4041519494655033,0.0001
39,0.8789300914070731,2.5967465248280734,0.0001
40,0.8759373063589692,2.8696917348802353,0.0001
41,0.8710806227720286,2.683754120699931,0.0001
42,0.8657960330935681,2.204445170469105,0.0001
43,0.8605650784426537,2.7754000340909486,0.0001
44,0.8579626920808487,2.9120251340808863,0.0001
45,0.8524010678527095,2.4173054748676908,0.0001
46,0.8490424331520802,2.7502382603726288,0.0001
47,0.8434195685683792,2.669370874467004,0.0001
48,0.8416175823300543,3.009140708910332,0.0001
49,0.8289560019070644,3.561630385230615,0.0001
50,0.8304038975934535,2.767092805295191,0.0001
51,0.8279144409326147,2.8862739877447776,0.0001
52,0.8231154260973675,3.027010035074731,0.0001
53,0.8161394468952409,2.289741878374848,0.0001
54,0.8174031441696435,2.8959572003583327,0.0001
55,0.8134036911949761,2.4523669608280447,0.0001
56,0.8120632680458422,2.2379027564522675,0.0001
57,0.8052764493214545,2.1550686498387743,0.0001
58,0.8013318045919965,2.5554126469569627,0.0001
59,0.795975977790828,2.535253300248426,0.0001
60,0.798096372686411,2.5732437249456286,0.0001
61,0.7882775749123025,2.3854969426528845,0.0001
62,0.7884979162663676,3.2630241313296535,0.0001
63,0.7898236501086964,2.48884746253693,0.0001
64,0.7793955434981233,2.859975312053001,0.0001
65,0.7759717761293694,2.9929712123375825,0.0001
66,0.7775464300917794,2.956865391208542,0.0001
67,0.7757023642335431,2.435686266726493,0.0001
68,0.7692125459798366,2.7019173939589964,0.0001
69,0.765107891977034,3.3079058453212644,0.0001
70,0.7617013780029066,2.7256253121011063,0.0001
71,0.7591458560320284,2.794676398100254,0.0001
72,0.7577042417111779,2.5141359853908827,0.0001
73,0.7573874144778453,2.516094152104709,0.0001
74,0.748994190569787,2.608052878792689,0.0001
75,0.7479140825730966,2.852598170830571,0.0001
76,0.7472329151731792,2.9233784090597306,0.0001
77,0.7451498816354108,2.9635665535475804,0.0001
78,0.743361685096724,2.240888554535622,0.0001
79,0.7362116899472779,2.9766651067394325,0.0001
80,0.7358445289925675,2.6423759947662644,0.0001
81,0.7342799996485867,2.7511390847154567,0.0001
82,0.7269327981024755,2.850478038307063,0.0001
83,0.7296569248349636,2.4044653460482883,0.0001
84,0.7252900495761175,3.2512469937474617,0.0001
85,0.7206813966131089,2.4898439106241543,0.0001
86,0.7196506330640026,2.9524038566561592,0.0001
87,0.7200244039095939,3.048054145853712,0.0001
88,0.7160789860845809,2.7044802210568077,0.0001
89,0.7153580113079088,2.637214925664504,0.0001
90,0.7098736659959507,2.395015000124927,0.0001
91,0.7109434871247324,2.4509719843048243,0.0001
92,0.7101401655609152,2.3589196094309597,0.0001
93,0.7059128062783314,2.9426108093368812,0.0001
94,0.7062717241399876,3.2357796853998066,0.0001
95,0.6986946906898428,3.1898220313136303,0.0001
96,0.7013871188895521,2.777273316209505,0.0001
97,0.697919756009066,2.5232757924163067,0.0001
98,0.6956481392304023,2.960814524366818,0.0001
99,0.6935657868474037,3.046838027220317,0.0001
100,0.6924762731917329,2.6563033171210497,0.0001
End of training: 2022-09-13 23:33:01

Loss min training: 0.6924762731917329

Loss min val: 1.9277002867449937

Best epoch: 7

Correlação: (0.5095207612539, 0.0)




--> Fold: 4

Format of train data: frames: 127998 , pressures: 127998 

Format of validation data: frames: 38833 , pressures: 38833 

Option shuffle: True

Begin of training: 2022-09-13 23:33:06

Epoch,train_loss,val_loss,lr
1,5.411962276999005,2.2800184601203513,0.0001
2,2.5658119806962234,1.6688968185060555,0.0001
3,2.2611440480296507,1.6168653975433636,0.0001
4,1.9384778284842519,1.6706330874754969,0.0001
5,1.5974825610834953,1.9241352696731022,0.0001
6,1.3234314658227966,1.7742177242813149,0.0001
7,1.1939276906743226,1.6716055433040355,0.0001
8,1.1524476950726554,2.317291912808928,0.0001
9,1.118189298992416,1.8625004851403355,0.0001
10,1.0982716276611424,2.1265335728462587,0.0001
11,1.0782704929364533,1.802301870184279,0.0001
12,1.0614630145367896,1.7487219925032114,0.0001
13,1.0409585918254611,1.847144876661515,0.0001
14,1.0325461974605776,2.3524951566500634,0.0001
15,1.0187507156942108,1.9960578489741956,0.0001
16,1.0076370585189018,2.2375127441517844,0.0001
17,0.9979698829001625,2.0521557930370284,0.0001
18,0.9896344511145236,2.1363829615077257,0.0001
19,0.9757464168075435,2.138549435572464,0.0001
20,0.9685020594738873,1.9504116401331493,0.0001
21,0.9627741965322331,2.066508662659825,0.0001
22,0.9589998897242303,2.2336050904703044,0.0001
23,0.9443260495272533,1.938874867551035,0.0001
24,0.9405696934972991,2.4678920969895417,0.0001
25,0.9351526213078952,1.9607999236388531,0.0001
26,0.9282736178813449,2.0726955553764106,0.0001
27,0.9219493278591098,2.2328759038444956,0.0001
28,0.9175556157508469,2.1199037439040413,0.0001
29,0.9121334030061243,1.785138460475509,0.0001
30,0.906214285901577,2.256389072399205,0.0001
31,0.8956103553859369,2.2865216728832563,0.0001
32,0.8931198907301954,2.5194829133759478,0.0001
33,0.8873660041607198,1.996240728441681,0.0001
34,0.885083403382857,2.138589032393224,0.0001
35,0.8786875522270429,2.2802497262311037,0.0001
36,0.876092401924043,2.3572307705335858,0.0001
37,0.8724162073779415,2.0799864729885043,0.0001
38,0.8628265260187886,2.1391365828946447,0.0001
39,0.8587973416703767,2.2544540107147375,0.0001
40,0.8553651249021844,2.121542084383761,0.0001
41,0.8493750044544365,2.128315716523721,0.0001
42,0.843650517345367,2.2142220457825714,0.0001
43,0.8413834946608438,2.246401256073747,0.0001
44,0.8401154301660478,2.496046306575333,0.0001
45,0.8328216237093047,2.1548533550332984,0.0001
46,0.8329757653151988,2.0947409211642234,0.0001
47,0.8249346651156084,2.108411103028848,0.0001
48,0.8211355294987035,2.0182986851715703,0.0001
49,0.8155921725053769,2.0209248819582784,0.0001
50,0.8159352217572344,2.0099451507273365,0.0001
51,0.810758678214595,1.9468781298674793,0.0001
52,0.8064210632167427,2.1637580003469,0.0001
53,0.8027257234140769,2.283327728840673,0.0001
54,0.7942877753922473,2.2194664863622475,0.0001
55,0.7941956605847402,2.038261910638246,0.0001
56,0.7924809813160444,1.9999661177194936,0.0001
57,0.7887198825337298,2.419983715706892,0.0001
58,0.7852748317070966,2.1823272274785177,0.0001
59,0.7809152039574035,2.1426395023246387,0.0001
60,0.7801444699319855,2.587216149577859,0.0001
61,0.7744365043775292,2.432095973662288,0.0001
62,0.7713125186476194,2.4543572015582806,0.0001
63,0.7713734677147908,2.188551437328911,0.0001
64,0.7664557770845728,2.0515257249739127,0.0001
65,0.7646131825638193,2.489496515630537,0.0001
66,0.7598520990272922,2.0498015886355927,0.0001
67,0.758453771959765,2.075231480441276,0.0001
68,0.7537716522569066,2.1224616982058713,0.0001
69,0.7497612665469919,2.4345995849576174,0.0001
70,0.7443734999196537,2.2345920946578834,0.0001
71,0.7423948566074172,2.366212624038389,0.0001
72,0.7396392179093518,2.3760901017091163,0.0001
73,0.7440077921295858,2.1321926100519963,0.0001
74,0.7401476573013872,2.379431758107322,0.0001
75,0.7334211778114728,2.4434836263577786,0.0001
76,0.7351083239746603,2.3313396562491273,0.0001
77,0.7300854544261166,2.160894450463424,0.0001
78,0.7278885993540802,2.2405486718528906,0.0001
79,0.7243637026662959,2.1492272166905217,0.0001
80,0.7222951121303364,2.17575771832937,0.0001
81,0.7204874970487908,2.264326769802863,0.0001
82,0.7184317717719975,2.318420196590719,0.0001
83,0.7129542130323407,2.2009397415820353,0.0001
84,0.7149460099205717,2.731972162708745,0.0001
85,0.7122014018108637,2.222160715957731,0.0001
86,0.7116562772366041,2.811097725179437,0.0001
87,0.704030831686532,2.25756278569222,0.0001
88,0.7080013209083948,2.2355992260445365,0.0001
89,0.7002423782689801,2.2492532230800633,0.0001
90,0.7026353058631492,2.4953614148282464,0.0001
91,0.6991476637473056,2.4409711272951116,0.0001
92,0.6958776988670821,2.5126905533777055,0.0001
93,0.6939301492040997,2.370321375423084,0.0001
94,0.6896244933401082,2.2626885062030504,0.0001
95,0.6884241184481744,2.5514438149427625,0.0001
96,0.6892450750512081,2.1617089929881037,0.0001
97,0.6856332458267566,2.4141343865139064,0.0001
98,0.6851474094792089,2.395643655741712,0.0001
99,0.680091743610876,2.23065502399905,0.0001
100,0.6760641529185916,2.211327049883426,0.0001
End of training: 2022-09-14 00:16:00

Loss min training: 0.6760641529185916

Loss min val: 1.6168653975433636

Best epoch: 3

Correlação: (0.41639598749435747, 0.0)




--> Fold: 5

Format of train data: frames: 123787 , pressures: 123787 

Format of validation data: frames: 43044 , pressures: 43044 

Option shuffle: True

Begin of training: 2022-09-14 00:16:06

Epoch,train_loss,val_loss,lr
1,5.315858383824974,2.3048273651764504,0.0001
2,2.5208950685463054,2.4954785507481487,0.0001
3,2.216156495071333,2.720335576306288,0.0001
4,1.9281171103604389,2.778937113483359,0.0001
5,1.5913002753891996,2.6728928686240696,0.0001
6,1.3026840296717435,2.584975045693983,0.0001
7,1.154882279805402,2.4273477112667545,0.0001
8,1.1059080951442284,2.759284044329024,0.0001
9,1.0744570459231653,2.92410322111254,0.0001
10,1.0536799016907699,2.686367049889431,0.0001
11,1.0368614129606737,3.1829906956722565,0.0001
12,1.0142488922843964,2.768231968234523,0.0001
13,0.9995450402334272,2.6383490600325383,0.0001
14,0.9842624689841102,2.943798043871666,0.0001
15,0.9729880703970246,2.8347814661144226,0.0001
16,0.9636241365695551,3.2098647795493647,0.0001
17,0.9482009471723392,2.6462190701010813,0.0001
18,0.9396684260919079,2.6473709588799266,0.0001
19,0.9342331384141861,3.460773172370564,0.0001
20,0.9213372297463489,2.6706489645496485,0.0001
21,0.9186704991188087,2.7168209218876966,0.0001
22,0.9051862075625494,2.675539053059147,0.0001
23,0.9017866325140359,2.611816636337998,0.0001
24,0.8927926826370348,2.768377737156599,0.0001
25,0.8844437979449622,2.357258575709931,0.0001
26,0.877557188126338,2.9369588058108502,0.0001
27,0.8755236183639677,2.4693275561907426,0.0001
28,0.8642119145747185,2.7026576098096537,0.0001
29,0.8567560745361084,2.3721391029068113,0.0001
30,0.8532553472938952,2.422792857425074,0.0001
31,0.849515824594675,2.5965146011119105,0.0001
32,0.842458873612824,2.5005009465695713,0.0001
33,0.8338470862667686,2.3828431344278216,0.0001
34,0.8307924378931051,3.0486073632652837,0.0001
35,0.8292089718692871,2.6849044427675848,0.0001
36,0.8213120810870215,2.7737327309282236,0.0001
37,0.8185142439274019,2.654455475088899,0.0001
38,0.81420889464181,2.942901645065872,0.0001
39,0.8089517992951155,2.6961560380712517,0.0001
40,0.8053712341083524,2.5394304036407287,0.0001
41,0.7970366213665618,2.3877172912101012,0.0001
42,0.7949452399908984,2.5391145539033393,0.0001
43,0.7886419259766211,2.53929628872559,0.0001
44,0.7861005921127968,2.49818939787561,0.0001
45,0.7786177784278876,2.8671047315091496,0.0001
46,0.7742188884564853,2.65796686918161,0.0001
47,0.773670310465146,3.0919496741683474,0.0001
48,0.7694067279275967,2.6293093156065708,0.0001
49,0.7630648581694794,2.491910326249337,0.0001
50,0.7578968191095425,2.8405068305641863,0.0001
51,0.7609492635342107,2.934049899533118,0.0001
52,0.750106400174973,3.2161368932237457,0.0001
53,0.7476269261982248,3.192920300577467,0.0001
54,0.7473474502731042,3.1803085110287452,0.0001
55,0.7425633951916509,2.64144387053309,0.0001
56,0.7364673574134585,3.545996108780496,0.0001
57,0.7343295230914169,3.002886131797711,0.0001
58,0.7294648030849742,3.16614778146415,0.0001
59,0.7292064197508149,3.0552408503462485,0.0001
60,0.718642619882429,2.934375109254688,0.0001
61,0.7175759943635572,3.525295756361917,0.0001
62,0.716560405233297,3.1881336213243836,0.0001
63,0.7118546942721677,3.5531369539765483,0.0001
64,0.7077414494392763,2.948823133639139,0.0001
65,0.7076144148268393,3.575238828011665,0.0001
66,0.7017697925425562,3.0593692170522346,0.0001
67,0.7005296676051644,3.1056573112019152,0.0001
68,0.698522799213639,3.31405225730432,0.0001
69,0.692283478361843,4.333597486717707,0.0001
70,0.6869112014947704,2.896449645033513,0.0001
71,0.6895721647025467,2.9522013972848224,0.0001
72,0.6867401792487925,3.8763450382035214,0.0001
73,0.6826914385878043,3.908799635811196,0.0001
74,0.6788321118076408,3.5152622994165994,0.0001
75,0.676525228870235,3.6500224879257477,0.0001
76,0.6764474009743242,2.875702973956812,0.0001
77,0.6765378731710147,3.127771206365599,0.0001
78,0.6728638900140846,2.972065188607566,0.0001
79,0.6682913251620171,2.9551182523468107,0.0001
80,0.6622934511336187,3.9601450300872485,0.0001
81,0.6622131633241596,2.9936924848334074,0.0001
82,0.6600646074770614,3.180577516012969,0.0001
83,0.6583597499788165,3.582764192580645,0.0001
84,0.6559204487517586,3.6006803044642717,0.0001
85,0.6526791422150051,3.076346686200774,0.0001
86,0.6517075114816169,2.914212249123178,0.0001
87,0.6462111473752795,3.590237130375226,0.0001
88,0.6439526298751678,3.9351293670567267,0.0001
89,0.6486044337911712,3.768757435859175,0.0001
90,0.6456198816536842,3.763919681413124,0.0001
91,0.6403754461381433,3.1517480255868198,0.0001
92,0.6373639551374164,4.370510579086061,0.0001
93,0.6344051284446895,4.000481438031926,0.0001
94,0.6365804432528815,3.4696259884107135,0.0001
95,0.6296412216847294,3.6080271932961563,0.0001
96,0.6277600058541482,4.066427294422111,0.0001
97,0.6279941877658964,3.6274388689233095,0.0001
98,0.6274182984435595,2.996603165846223,0.0001
99,0.6212781256353181,3.4979705663266185,0.0001
100,0.620879201669826,3.697429678251991,0.0001
End of training: 2022-09-14 00:58:11

Loss min training: 0.620879201669826

Loss min val: 2.3048273651764504

Best epoch: 1

Correlação: (0.45603752303250616, 0.0)




--> Fold: 6

Format of train data: frames: 125799 , pressures: 125799 

Format of validation data: frames: 41032 , pressures: 41032 

Option shuffle: True

Begin of training: 2022-09-14 00:58:16

Epoch,train_loss,val_loss,lr
1,5.404499506911336,1.508069287570835,0.0001
2,2.562011711718681,1.511270751240054,0.0001
3,2.2652869706468515,1.4814688996000582,0.0001
4,1.9609438242300625,1.6444483955228602,0.0001
5,1.6314103009235514,1.4074061920731638,0.0001
6,1.358917153261901,1.5740050316368261,0.0001
7,1.2364670593157345,1.4903420330860342,0.0001
8,1.1907968087299035,1.8159608883708047,0.0001
9,1.1592637864181394,1.670829452811033,0.0001
10,1.1404829507103447,1.7097436096450231,0.0001
11,1.1218513249180646,1.6587445606704714,0.0001
12,1.1089439419059028,1.6594407386448815,0.0001
13,1.0961006761918208,2.1525911681018486,0.0001
14,1.0811944302269754,1.6411700340060142,0.0001
15,1.0673224491448448,1.9909299354289192,0.0001
16,1.0577758248139653,1.491709361998606,0.0001
17,1.047397681769461,2.089203362995757,0.0001
18,1.0383205110476634,1.5581537732768416,0.0001
19,1.0341562409371479,1.5363260429024952,0.0001
20,1.0225399979173917,1.6189170040380516,0.0001
21,1.0139722647498748,1.9513064200800514,0.0001
22,1.0089101162903191,2.1050146445588402,0.0001
23,0.9972984293663094,1.94481608241965,0.0001
24,0.9954935138847704,1.6020102981564408,0.0001
25,0.9900433575563378,1.9844701548119135,0.0001
26,0.9830350057364395,1.6614539883108395,0.0001
27,0.9739769087080244,1.5865110683496944,0.0001
28,0.9685724999463251,1.6283626107357008,0.0001
29,0.9640144128792009,1.6633816723540922,0.0001
30,0.9593917848173132,1.7511274218210633,0.0001
31,0.9479105684892534,1.8373119556129873,0.0001
32,0.9434683092822682,2.2747081150713893,0.0001
33,0.9395215427941188,2.184056597324021,0.0001
34,0.9335916139374537,1.6003424405912183,0.0001
35,0.9315838508619404,2.0886416760632622,0.0001
36,0.9248436412378863,1.5781235509412426,0.0001
37,0.923946364943542,1.5451592840769994,0.0001
38,0.9161877094889571,1.774529423809442,0.0001
39,0.9071461040161233,1.6216735268550255,0.0001
40,0.9041714322118858,1.68290691564924,0.0001
41,0.9010173438428304,2.07808735057331,0.0001
42,0.8967058848317545,1.6411598981019464,0.0001
43,0.897045491859899,1.7116887494238944,0.0001
44,0.8878322092266009,1.7737666253145035,0.0001
45,0.8842313888342109,2.112762684663106,0.0001
46,0.8804379886352343,1.6605133665865406,0.0001
47,0.8733829526304474,1.9403582958943617,0.0001
48,0.866830362239884,1.6810492614622259,0.0001
49,0.8663697298921037,2.0085600936219903,0.0001
50,0.8636586150698211,2.4650965407708627,0.0001
51,0.8577721534504502,1.675337449119997,0.0001
52,0.8549196127521431,2.396740190558416,0.0001
53,0.8507263708588811,1.7566142431312333,0.0001
54,0.8472717631940536,2.26109302329794,0.0001
55,0.8505353959641764,2.474309123777976,0.0001
56,0.843912123515127,2.1478999028733003,0.0001
57,0.8355531995609704,2.1296234495762056,0.0001
58,0.8323116471758347,2.0300853611270595,0.0001
59,0.8300923994261648,3.0240911833141535,0.0001
60,0.8258664106598523,2.6432388778968403,0.0001
61,0.8240419572724021,2.1328194860501886,0.0001
62,0.8162763797081417,2.567650941501795,0.0001
63,0.8193392245545617,2.591560989961124,0.0001
64,0.8155449350552705,2.439224229730066,0.0001
65,0.8093662605995297,2.920754808086381,0.0001
66,0.8077098449835027,2.930248417289988,0.0001
67,0.8001906384448001,2.4175821802355344,0.0001
68,0.8015709780232125,1.951734942147829,0.0001
69,0.7963678463868828,2.7887943099176797,0.0001
70,0.7924039541965727,2.6158884747215683,0.0001
71,0.7922765370301267,2.1091745521246423,0.0001
72,0.7887794963994104,2.680869740802053,0.0001
73,0.7859202606153844,2.4538395847812176,0.0001
74,0.7830402722828173,2.6311910219837706,0.0001
75,0.7769562904887378,2.4095594808590017,0.0001
76,0.7793750397242151,2.962074201784303,0.0001
77,0.7757018490988394,2.874764606347905,0.0001
78,0.7749938081335271,2.2519079526048533,0.0001
79,0.7704008129811656,2.5479756369416906,0.0001
80,0.7665848105411218,3.0376662844499664,0.0001
81,0.7659265896075452,2.3445273599421963,0.0001
82,0.7618554097029142,2.1498467087815394,0.0001
83,0.7597837114852642,2.0648654208217687,0.0001
84,0.7601802287230128,2.385243589626137,0.0001
85,0.7551319344451074,2.1142936324859414,0.0001
86,0.7517037305358366,2.66377525640803,0.0001
87,0.7488568381971924,2.5865279584164322,0.0001
88,0.7477668295630672,2.343391792424173,0.0001
89,0.7468700906699882,2.407529768945646,0.0001
90,0.743593450635642,2.4006416662833128,0.0001
91,0.7441324172011647,2.3852491184479314,0.0001
92,0.7409389319847729,2.704699866324053,0.0001
93,0.7410140055624264,2.1906606002866376,0.0001
94,0.733757579434966,1.9447844777336871,0.0001
95,0.7333352557987813,2.8738870073141096,0.0001
96,0.7323946049799909,2.5353643706398508,0.0001
97,0.7291223989704161,2.2124954885292016,0.0001
98,0.727815639814485,2.4221621635806656,0.0001
99,0.7256241126310998,2.6039577678040606,0.0001
100,0.7229644461806698,3.0908880024584766,0.0001
End of training: 2022-09-14 01:40:46

Loss min training: 0.7229644461806698

Loss min val: 1.4074061920731638

Best epoch: 5

Correlação: (0.47656560380690455, 0.0)




--> Fold: 7

Format of train data: frames: 121714 , pressures: 121714 

Format of validation data: frames: 45117 , pressures: 45117 

Option shuffle: True

Begin of training: 2022-09-14 01:40:52

Epoch,train_loss,val_loss,lr
1,5.636911409649532,2.0656387899632036,0.0001
2,2.613620259045383,1.8522561048101676,0.0001
3,2.3180765132792636,1.5169915762274633,0.0001
4,2.023825201422193,1.5977385533385224,0.0001
5,1.6681571490706988,1.9800855514943332,0.0001
6,1.3779521260332133,1.9777151733847573,0.0001
7,1.221997155681215,2.3767135774349177,0.0001
8,1.1693612461185523,1.9542934283415,0.0001
9,1.133337346862665,2.5176537354914017,0.0001
10,1.110465902204567,3.0125615024570878,0.0001
11,1.0874950503768999,2.417150663413205,0.0001
12,1.0690047688850652,2.3281520529123294,0.0001
13,1.0560142391837524,1.8681117915530117,0.0001
14,1.0384886730378755,2.3647833669545246,0.0001
15,1.0281288290238493,2.268570994750578,0.0001
16,1.0164404368035054,2.261445081410743,0.0001
17,1.0044939830527793,2.316914506377297,0.0001
18,0.9945195807919288,2.0730398496494047,0.0001
19,0.9844176380729939,2.1095108713487427,0.0001
20,0.9791797517266908,2.18836474065903,0.0001
21,0.9688859144224339,2.002046743510851,0.0001
22,0.9612332751521879,2.172524351168126,0.0001
23,0.9583865808120745,2.0546425533656136,0.0001
24,0.9457641446096992,1.9005711170064803,0.0001
25,0.9398311058514368,2.0055119241465307,0.0001
26,0.9341222296461277,2.3129732747300626,0.0001
27,0.9250033790128458,2.17174101920062,0.0001
28,0.9191151210238137,1.9586213367729424,0.0001
29,0.9143602189813276,2.3781808422139017,0.0001
30,0.9076053719027175,1.941731203116828,0.0001
31,0.9029296812798909,2.0537053023595417,0.0001
32,0.8958692467898076,1.8885202946428168,0.0001
33,0.8921961041873265,2.1134757700944475,0.0001
34,0.8844463636442366,2.117434361620565,0.0001
35,0.8828024070258247,2.026053587738302,0.0001
36,0.8759229596845832,1.960121131903483,0.0001
37,0.8702818957993048,1.8133827788923285,0.0001
38,0.8636279257201188,2.0114769486746638,0.0001
39,0.8576153196968752,1.8395282347014121,0.0001
40,0.8531557937016835,1.947864251348475,0.0001
41,0.8521680490331088,1.9187220677729788,0.0001
42,0.8465651039244153,2.1255010809673154,0.0001
43,0.8400191531881308,1.7810904619385515,0.0001
44,0.8382466081332441,1.687144721595653,0.0001
45,0.8341516007353698,1.7856937469704623,0.0001
46,0.828600754364812,1.7045430067908398,0.0001
47,0.8251017401204584,2.1329781100093483,0.0001
48,0.8212327792385268,1.7115299315000967,0.0001
49,0.8164010298477961,2.0204885449686283,0.0001
50,0.8111738948882393,2.141091273640911,0.0001
51,0.809163494130636,1.8955324412285284,0.0001
52,0.8071036049426322,1.8251244286673658,0.0001
53,0.8032598450621004,2.060876994505338,0.0001
54,0.796649003319464,2.1000069535354338,0.0001
55,0.7945206275880596,1.8880861609276482,0.0001
56,0.7858712313142175,1.959274112437109,0.0001
57,0.7847306593075567,2.0292651257431564,0.0001
58,0.7827248966648629,2.0084797636526264,0.0001
59,0.7771888898645878,1.7797215958870976,0.0001
60,0.7713258362329427,1.9645601642901487,0.0001
61,0.7696136588919599,1.8591907152637173,0.0001
62,0.7682881584176413,1.8610876807296262,0.0001
63,0.7633848043090795,1.9037848491154208,0.0001
64,0.7605631601203802,2.233450885634633,0.0001
65,0.7585256161404472,1.982018251300907,0.0001
66,0.7562412486046659,2.214724378683895,0.0001
67,0.7503900349239089,1.6577989528277302,0.0001
68,0.7480577655728033,2.2154236145707777,0.0001
69,0.7478940793603959,2.0719971483997766,0.0001
70,0.7430982490525886,2.255853858994849,0.0001
71,0.7406963415853173,2.0248732227915225,0.0001
72,0.7385207229741708,2.0932752033216055,0.0001
73,0.7348371716178713,2.078559461900718,0.0001
74,0.7349137033015548,1.9887038381619109,0.0001
75,0.7306127683515038,1.8388319945381364,0.0001
76,0.7256461666262733,1.9019056115824853,0.0001
77,0.720671708650981,1.7695523760992364,0.0001
78,0.7197768474590109,2.218976932327954,0.0001
79,0.7165096142298408,2.0456091687117923,0.0001
80,0.7144829116998337,2.044816758052057,0.0001
81,0.713686574220771,1.945713534296929,0.0001
82,0.7110757099167251,2.1061733407532675,0.0001
83,0.7085458940776176,2.3468179138432257,0.0001
84,0.7052976963792603,1.9798801847179248,0.0001
85,0.7036809604304313,2.272006770483655,0.0001
86,0.7023122838071513,1.9287753387987396,0.0001
87,0.7011169579108338,1.900273261447667,0.0001
88,0.6960428653183812,2.1761255025055126,0.0001
89,0.6963096506722114,2.029613509960155,0.0001
90,0.692607624718802,1.8379887109091644,0.0001
91,0.6894079538799444,2.006960155722557,0.0001
92,0.6910316050659884,1.8335011341202054,0.0001
93,0.6851846058210761,2.20413997282856,0.0001
94,0.6818140100174831,2.15702801947185,0.0001
95,0.6801885168361647,1.971538487796964,0.0001
96,0.6784207629503609,2.1685939750622345,0.0001
97,0.676709990513392,2.0832259982291257,0.0001
98,0.6691304699406975,1.7739215627783966,0.0001
99,0.6707756120702933,2.0264366252056067,0.0001
100,0.6704053972828217,2.1769934078611155,0.0001
End of training: 2022-09-14 02:22:36

Loss min training: 0.6691304699406975

Loss min val: 1.5169915762274633

Best epoch: 3

Correlação: (0.5861837275531847, 0.0)




--> Fold: 8

Format of train data: frames: 132010 , pressures: 132010 

Format of validation data: frames: 46835 , pressures: 46835 

Option shuffle: True

Begin of training: 2022-09-14 02:22:42

Epoch,train_loss,val_loss,lr
1,5.274085083429348,1.9137011425286687,0.0001
2,2.572145996782944,1.6276591271591554,0.0001
3,2.247251929652374,1.626592332407875,0.0001
4,1.9009512331258003,1.6606728684549668,0.0001
5,1.5372074748844677,1.8127745196215306,0.0001
6,1.2666462346953196,1.4743722272731203,0.0001
7,1.1601432522736972,1.4693953954105738,0.0001
8,1.1184248314220953,1.599245693854923,0.0001
9,1.0902023726724763,1.4849279869884313,0.0001
10,1.0655923312653666,1.5595302896590246,0.0001
11,1.049386599074529,1.4844391957792387,0.0001
12,1.0320328649169848,1.3340992655483779,0.0001
13,1.0158217554742228,1.5539776274052504,0.0001
14,1.004818238385581,1.7457470932192134,0.0001
15,0.988479932558626,1.4550330013173538,0.0001
16,0.9857311833203719,1.5105439141349757,0.0001
17,0.9705542043911383,1.612422255073882,0.0001
18,0.9647073750807096,1.478382002308311,0.0001
19,0.9561607706574777,1.3938782617658156,0.0001
20,0.9459233461785574,1.5536495731240136,0.0001
21,0.9374282253519097,1.5118638210290523,0.0001
22,0.9313202381468155,1.457984901370495,0.0001
23,0.9250276869331813,1.5595493521547323,0.0001
24,0.9215043742822324,1.522984201681325,0.0001
25,0.9105078589572174,1.4799237818935325,0.0001
26,0.9053874195222557,1.4347904329036743,0.0001
27,0.9021497640968426,1.6994987819929623,0.0001
28,0.8947201354139168,1.5107160841399276,0.0001
29,0.8881311900443574,1.3903796254907663,0.0001
30,0.8838250822672726,1.4905577733777078,0.0001
31,0.8779901602251784,1.5648917546391399,0.0001
32,0.8676868107145316,1.701880690848368,0.0001
33,0.8673193193359742,1.4248967683034022,0.0001
34,0.8624473629896501,1.5933521324534217,0.0001
35,0.8586415126742526,1.470064670856065,0.0001
36,0.8554530457523445,1.5166556225039858,0.0001
37,0.8490848421100035,1.4563954839943642,0.0001
38,0.840653192431342,1.7549747036655647,0.0001
39,0.8403531221447276,1.5168113067614124,0.0001
40,0.8346351559726897,1.5326471897585232,0.0001
41,0.8294673889453245,1.6361783765634224,0.0001
42,0.8231669836229975,1.7626715167629894,0.0001
43,0.8232497021245483,1.5370241438526728,0.0001
44,0.8190855326747165,1.5080978146202093,0.0001
45,0.8156209336809205,1.6591723313107107,0.0001
46,0.8111861418308738,1.5971277192039324,0.0001
47,0.8055943299018021,1.8991224463319172,0.0001
48,0.8022715462842553,1.8717965773308278,0.0001
49,0.7997676882849671,1.8003950733556633,0.0001
50,0.79575744208924,1.6651170180041672,0.0001
51,0.7887683433245984,1.8819515740539268,0.0001
52,0.7905860110861127,1.669012878324709,0.0001
53,0.7844682181895606,1.7884178943181988,0.0001
54,0.7821703328615643,1.6109824132293167,0.0001
55,0.780290242757556,1.7545674003785559,0.0001
56,0.7756433057627906,1.733953241740956,0.0001
57,0.7751943099472561,1.693558850664587,0.0001
58,0.7674515103031384,1.7097005338618936,0.0001
59,0.7636891380944637,1.7145808972835896,0.0001
60,0.7601687640351298,1.515986063542228,0.0001
61,0.7571590461095945,1.8115190395260743,0.0001
62,0.7560551280786066,1.972670829442467,0.0001
63,0.7543144707128537,1.8462003448926563,0.0001
64,0.7530902597237948,1.7163710034948614,0.0001
65,0.7487724836026527,1.7110410911901741,0.0001
66,0.7456258659529492,1.9600215602559952,0.0001
67,0.7407791995842361,1.6374516166992397,0.0001
68,0.7368519101998235,1.6715602496332862,0.0001
69,0.7314837446159309,1.8469995851181762,0.0001
70,0.729707936026564,1.6686822282933267,0.0001
71,0.7324524509808338,1.7901394481451238,0.0001
72,0.7267640703853789,1.955000867591134,0.0001
73,0.7251233059202629,1.8652866718137076,0.0001
74,0.7226273033056518,1.7205637217280678,0.0001
75,0.7179477122342728,1.8658759683812838,0.0001
76,0.7173203737837249,2.0257225105649725,0.0001
77,0.7178119661744621,1.8155168026504362,0.0001
78,0.7101068694684896,1.6788482867145509,0.0001
79,0.7108811950748612,2.038757955652552,0.0001
80,0.7095423990122776,1.7257515820187312,0.0001
81,0.703290776168024,1.6992449479537317,0.0001
82,0.7040351607602489,1.856895446937698,0.0001
83,0.698355484466965,1.7881933825138452,0.0001
84,0.6963696402940287,1.8419397469580943,0.0001
85,0.6962794369264549,1.720181664965432,0.0001
86,0.6928877860318982,2.042380128299285,0.0001
87,0.6932973291465581,1.7469512162524683,0.0001
88,0.6871692801982957,1.6202419410969056,0.0001
89,0.6845979361500345,1.7859183086966632,0.0001
90,0.6822188378382736,1.636724628062822,0.0001
91,0.6848570949204464,1.7155794176460266,0.0001
92,0.6803591842620123,1.7216532029272769,0.0001
93,0.681410987935602,1.83260051465485,0.0001
94,0.6738281667690802,1.6228160158043115,0.0001
95,0.6741971470877832,1.634062380150312,0.0001
96,0.6719726390517505,1.593492506565197,0.0001
97,0.6741156120777455,1.7351043247802416,0.0001
98,0.6701749527989874,1.685441177777347,0.0001
99,0.6648862253814997,1.7647153658916261,0.0001
100,0.6657055400508921,1.8222628696376897,0.0001
End of training: 2022-09-14 03:07:39

Loss min training: 0.6648862253814997

Loss min val: 1.3340992655483779

Best epoch: 12

Correlação: (0.6220686275766032, 0.0)




--> Fold: 9

Format of train data: frames: 131637 , pressures: 131637 

Format of validation data: frames: 47208 , pressures: 47208 

Option shuffle: True

Begin of training: 2022-09-14 03:07:45

Epoch,train_loss,val_loss,lr
1,5.163048426025866,1.6130497186411399,0.0001
2,2.5410631139720867,1.413260188047774,0.0001
3,2.2430614216652938,1.5683644307384934,0.0001
4,1.942223864676911,1.4993157415870004,0.0001
5,1.5887855831026398,1.5100597709018362,0.0001
6,1.3300750932722316,1.527877525664289,0.0001
7,1.2253649989246804,1.6234055706008654,0.0001
8,1.1857987005757311,1.5680809426643023,0.0001
9,1.1525514078579289,1.5605229001957528,0.0001
10,1.131287739763134,1.4188706163147147,0.0001
11,1.1111037908521606,1.3878359481896854,0.0001
12,1.091653052269491,1.6905142753493116,0.0001
13,1.075971789774155,1.4230839614241109,0.0001
14,1.062591079196285,1.5064435923145982,0.0001
15,1.0465823666457894,1.4844192884227336,0.0001
16,1.0392175341669083,1.630118930244866,0.0001
17,1.0281391116259804,1.5388570601324816,0.0001
18,1.0159202594351449,1.5741434827777738,0.0001
19,1.0021294557130975,1.5167846952408295,0.0001
20,0.99531121141837,1.47189918454876,0.0001
21,0.98636578648167,1.6517621371891917,0.0001
22,0.9764817824044905,1.4688038051461714,0.0001
23,0.9706162983646694,1.4324178119934812,0.0001
24,0.964121601011359,1.355973690228025,0.0001
25,0.9542785703742416,1.3178866104723295,0.0001
26,0.9529899647836694,1.4583378554885418,0.0001
27,0.9433329234242804,1.3112395685863705,0.0001
28,0.936051570536118,1.4388773253844402,0.0001
29,0.9319991350094258,1.425068276551917,0.0001
30,0.9231287403236805,1.4407430585815308,0.0001
31,0.9200814197950509,1.3865788703731634,0.0001
32,0.9159400920857886,1.447739783433954,0.0001
33,0.9064545381787046,1.5553077955485157,0.0001
34,0.9000853808239857,1.2600324020367966,0.0001
35,0.9000911939293286,1.336578925794069,0.0001
36,0.8894113658318293,1.44996887565649,0.0001
37,0.8863201738128342,1.4486795013243012,0.0001
38,0.8805710361713804,1.254407476366748,0.0001
39,0.8754921740843785,1.2668054193142126,0.0001
40,0.8698476886542249,1.2648884117795216,0.0001
41,0.8677666507403758,1.3558020017204033,0.0001
42,0.8617728621787968,1.4017676674416664,0.0001
43,0.8579781282654179,1.2523100789755688,0.0001
44,0.853452997780265,1.2299242055612063,0.0001
45,0.8480367304819879,1.2343781326730623,0.0001
46,0.8445181015471711,1.406614831515721,0.0001
47,0.842330580411998,1.3308348853877794,0.0001
48,0.833714236784754,1.342004739900824,0.0001
49,0.8285730391725178,1.3250206788704166,0.0001
50,0.8265833665836918,1.3077182153830427,0.0001
51,0.8224935499128132,1.3050866350645212,0.0001
52,0.8203345902261119,1.3231582297771345,0.0001
53,0.816892915696615,1.3219144514224788,0.0001
54,0.813780843694033,1.3133433014028175,0.0001
55,0.8078637521667589,1.3181524755105873,0.0001
56,0.8048720846129546,1.3997906459385896,0.0001
57,0.8008299644122406,1.3340479678732726,0.0001
58,0.7968762682485752,1.251019972014318,0.0001
59,0.7915614361974438,1.1949396811588562,0.0001
60,0.790780566084016,1.2761197110956513,0.0001
61,0.7894976140100978,1.2311389723221664,0.0001
62,0.7781857506750536,1.3677076150796874,0.0001
63,0.7763817171881964,1.2967896449971938,0.0001
64,0.7743879750760271,1.2903713666267504,0.0001
65,0.7726989811589717,1.2822225539285517,0.0001
66,0.7712392976044462,1.291289123957934,0.0001
67,0.7665009252655773,1.2420248427121967,0.0001
68,0.7648478491567278,1.3095077333602232,0.0001
69,0.7600786632581651,1.2792767235998823,0.0001
70,0.7558235316035319,1.4702992335030072,0.0001
71,0.7537459225877269,1.392527765766925,0.0001
72,0.7520862126168922,1.282779836196088,0.0001
73,0.742919234405513,1.2903803957658104,0.0001
74,0.7449520998773315,1.291069410288057,0.0001
75,0.744196665374679,1.3083715908932618,0.0001
76,0.7371574178676176,1.2856809941616487,0.0001
77,0.737160896777154,1.3245316349314624,0.0001
78,0.7372935547119198,1.2844202795830284,0.0001
79,0.7339905818928737,1.3400807665922019,0.0001
80,0.7292096290196838,1.1774761509923606,0.0001
81,0.7273966084078153,1.1973938795292383,0.0001
82,0.7262636154263618,1.3345341010126819,0.0001
83,0.7189497339298689,1.2742197529337524,0.0001
84,0.7195863393043218,1.387018336661487,0.0001
85,0.7160178216480264,1.346353845603586,0.0001
86,0.7149243838002638,1.3159044802623205,0.0001
87,0.7165267863545443,1.2343879596315548,0.0001
88,0.7098096453073206,1.3145117595213547,0.0001
89,0.7088964110233562,1.3486820340176757,0.0001
90,0.7053506495386848,1.2557592505298414,0.0001
91,0.7068029426837054,1.3601870183176235,0.0001
92,0.7010152641234503,1.344573937115316,0.0001
93,0.6953076927273959,1.2869965157793086,0.0001
94,0.6959129236424884,1.5131043644602713,0.0001
95,0.6959246732818387,1.3925302639954618,0.0001
96,0.6898206569200006,1.4085400419666734,0.0001
97,0.6907662780605804,1.4441832721566694,0.0001
98,0.6916102585039308,1.3986087777699037,0.0001
99,0.6832414667151222,1.2879373865892394,0.0001
100,0.685654607063762,1.3948938479930177,0.0001
End of training: 2022-09-14 03:52:40

Loss min training: 0.6832414667151222

Loss min val: 1.1774761509923606

Best epoch: 80

Correlação: (0.5603788959060172, 0.0)


