
Dispositivo usado pelo Pytorch: cuda

Features usadas: Felipe

*****************************************

-----> GRID 0:   hyperparameters
0             100
1            adam
2              32
3             0.7
4          0.0001
5             0.5

 LSTM =True


 option_overlap=True , option_causal=False ,option_dropout_lstm=0.5



--> Fold: 0

Format of train data: frames: 118655 , pressures: 118655 

Format of validation data: frames: 48176 , pressures: 48176 

Option shuffle: True

Begin of training: 2022-09-07 10:08:28

Epoch,train_loss,val_loss,lr
1,7.0416454743979315,1.8391458303260866,0.0001
2,3.8081497331871397,1.7648405634814504,0.0001
3,2.659722508588857,2.0191482446471625,0.0001
4,1.5523637723844366,2.191460625708044,0.0001
5,1.1821109922735655,1.7361578147540413,0.0001
6,1.1136428032475563,1.8001688777390843,0.0001
7,1.070898674046374,1.7246961045684865,0.0001
8,1.043776084315706,1.692645863020234,0.0001
9,1.018621254371163,1.7346913443574554,0.0001
10,1.0009275266159792,1.614033289266084,0.0001
11,0.9810652081520628,1.6338438695944333,0.0001
12,0.9688568839326197,1.8870673258413075,0.0001
13,0.9536217084149384,1.965398762678237,0.0001
14,0.941734499501537,1.8177158786624186,0.0001
15,0.9320715664631748,1.9174409784458277,0.0001
16,0.9179253917257623,1.8806633788935174,0.0001
17,0.9074098085895973,1.879414343192545,0.0001
18,0.897763067747377,1.92135856132577,0.0001
19,0.8862078975020676,1.923438833861286,0.0001
20,0.8755620993729373,1.867215985477426,0.0001
21,0.8739852253015623,1.9695483869747719,0.0001
22,0.861814238509619,1.9949747091985073,0.0001
23,0.8564739652029819,1.9607015564686354,0.0001
24,0.8495383276237528,1.7769247384532192,0.0001
25,0.8450731437962082,1.7792302147964432,0.0001
26,0.8360657113099047,2.213982809623267,0.0001
27,0.8286506776868767,1.8387895986828762,0.0001
28,0.8203745027985134,2.2563585176771954,0.0001
29,0.8174139114915332,2.0955157065779533,0.0001
30,0.8085111681160475,1.9793267364083869,0.0001
31,0.8033397327014556,1.6971596413694399,0.0001
32,0.7958943022341811,2.0381096455790364,0.0001
33,0.7865268918336766,1.7871988818163256,0.0001
34,0.7850107128719309,1.9363715630835054,0.0001
35,0.7817765664363108,2.184556780840146,0.0001
36,0.7722573974959281,1.8907509445946147,0.0001
37,0.7697992685797502,1.8778818734893368,0.0001
38,0.7662986415952895,2.147462231263256,0.0001
39,0.7567050190109764,2.077206829504015,0.0001
40,0.7542992176049519,2.153922160888819,0.0001
41,0.7494966425911163,2.090387574227218,0.0001
42,0.7422442355869664,2.228891653422302,0.0001
43,0.7390673306275547,2.130355438375267,0.0001
44,0.7345549126595885,1.9434855022489015,0.0001
45,0.730356535783565,2.222861029546707,0.0001
46,0.7227788477298418,1.8882587048667723,0.0001
47,0.7184190481141386,2.0307051306426507,0.0001
48,0.7101360131111787,2.5403980887320223,0.0001
49,0.7081796723116183,2.067886333891578,0.0001
50,0.7052719319420806,2.22734298740895,0.0001
51,0.6992103963511406,2.0198690101816106,0.0001
52,0.6956828127306806,1.9709599815069025,0.0001
53,0.6954688899466123,2.127063677303817,0.0001
54,0.689190085445311,2.049714404180255,0.0001
55,0.6834935418584244,2.3124929116596538,0.0001
56,0.6851239640343723,2.6967059250330854,0.0001
57,0.6768899101573234,2.56129615819957,0.0001
58,0.6775017992494019,2.211125122594184,0.0001
59,0.6728793232787862,2.308671780418059,0.0001
60,0.66382687789421,2.4768777177880983,0.0001
61,0.6646289841232889,2.1697360913011567,0.0001
62,0.6602331290230087,2.2636109938141673,0.0001
63,0.6584408512544875,2.634797182521801,0.0001
64,0.6522214672517337,2.7046271124301025,0.0001
65,0.654581287139677,2.281419241796574,0.0001
66,0.6460469797821876,2.7845802513399383,0.0001
67,0.6462256607145924,2.018994025200635,0.0001
68,0.6419805634233242,2.201770804523036,0.0001
69,0.6391522365491262,2.1020113881027847,0.0001
70,0.6321458128227918,2.467282217865725,0.0001
71,0.634935184618369,2.3085899408851023,0.0001
72,0.6276251151653564,2.2831090483622707,0.0001
73,0.6286250523141259,2.7904008400079934,0.0001
74,0.6214008332926396,2.7174714764104415,0.0001
75,0.6201234836432893,2.847112866027614,0.0001
76,0.6195410236873878,2.4149943047763895,0.0001
77,0.6140516007329846,2.6369473111863075,0.0001
78,0.6138202583788318,2.723191731873243,0.0001
79,0.6079943770730567,2.734421321261725,0.0001
80,0.6096598272156633,2.3575728869604453,0.0001
81,0.6031167768928728,2.613987411109762,0.0001
82,0.6057238122313872,2.351718728505112,0.0001
83,0.602890303314654,2.7168318092209365,0.0001
84,0.5973325173437688,2.2643642901028165,0.0001
85,0.5910458600569815,2.2143067350739143,0.0001
86,0.5948005399015378,2.6543915676777643,0.0001
87,0.5919643493549827,2.8269216164684265,0.0001
88,0.5909209121042666,2.721302628952655,0.0001
89,0.5901117052055782,2.3540637656249546,0.0001
90,0.5835404252790982,2.5018679900091776,0.0001
91,0.5818394854891481,2.5498478894849743,0.0001
92,0.582217777667006,2.399795725827833,0.0001
93,0.5819465267942555,2.2409149240077593,0.0001
94,0.5777533214305547,2.4040330401372767,0.0001
95,0.5759099283085667,2.3592472610106228,0.0001
96,0.5748999146641866,2.5100727665665854,0.0001
97,0.5700462244345241,2.832493035985718,0.0001
98,0.570085730042451,2.6008058977618007,0.0001
99,0.5626675050999381,2.3344869966009694,0.0001
100,0.5651971988664717,2.5783655452633254,0.0001
End of training: 2022-09-07 10:44:25

Loss min training: 0.5626675050999381

Loss min val: 1.614033289266084

Best epoch: 10

Correlação: (0.4731512202998656, 0.0)




--> Fold: 1

Format of train data: frames: 122682 , pressures: 122682 

Format of validation data: frames: 44149 , pressures: 44149 

Option shuffle: True

Begin of training: 2022-09-07 10:44:31

Epoch,train_loss,val_loss,lr
1,7.002751684743097,1.9920506279353347,0.0001
2,3.7524456844916583,2.1460737399075964,0.0001
3,2.635635665525648,2.101982225294186,0.0001
4,1.5226584513434103,2.3052459565285592,0.0001
5,1.1844241716881898,2.416350685210052,0.0001
6,1.116893849172928,2.724793106522057,0.0001
7,1.078363005850387,2.6979790812113937,0.0001
8,1.0465148720225341,2.6385620472215114,0.0001
9,1.0235928964013195,2.574152600927508,0.0001
10,1.0020370446143712,3.1204072518344264,0.0001
11,0.9897597932315713,2.5603237244796047,0.0001
12,0.975704579165135,2.6999016181213347,0.0001
13,0.9570932096593588,2.3751154561396937,0.0001
14,0.9444360285878358,2.4543431817927677,0.0001
15,0.931133173652084,2.333609217962767,0.0001
16,0.9207514676510422,2.1514793212190915,0.0001
17,0.9103667221852754,2.5347318171687987,0.0001
18,0.902826283871083,2.611811791007096,0.0001
19,0.8910369438515304,2.4535055593411843,0.0001
20,0.8817388599613404,2.4086663502443013,0.0001
21,0.8736055701987087,2.635719285550999,0.0001
22,0.8637631656068656,2.1710111117637854,0.0001
23,0.8589095459355406,2.3544497208410693,0.0001
24,0.8482442090834352,2.183285344599889,0.0001
25,0.844629861205397,2.2746405586488585,0.0001
26,0.8359179088070893,2.202717021617666,0.0001
27,0.8340881724374007,2.296669875831036,0.0001
28,0.8237503921201859,2.3673395316040087,0.0001
29,0.8170678762052849,2.3919721922681876,0.0001
30,0.8119017773311914,2.2132095810446226,0.0001
31,0.8040086997318885,2.187760519806954,0.0001
32,0.8003097601308155,2.259397980013818,0.0001
33,0.7907765915634382,2.190851153937274,0.0001
34,0.7847293202828188,2.231768275876583,0.0001
35,0.7792877321662786,1.9988070630512031,0.0001
36,0.7747648773335849,2.3193887525750854,0.0001
37,0.7653435042450114,2.22625220590395,0.0001
38,0.7634699909441515,2.1348759371274872,0.0001
39,0.7567420734432352,2.0784403576840416,0.0001
40,0.7545164466842892,2.2408462038002144,0.0001
41,0.7455991726869149,2.095031581456055,0.0001
42,0.7430954006281775,2.2583575297564127,0.0001
43,0.7368084861447235,2.2960122693378566,0.0001
44,0.7322575982810485,2.0281321156910317,0.0001
45,0.728998876843675,2.2485468896124576,0.0001
46,0.723323092358449,2.1727649665542543,0.0001
47,0.7181731383868641,2.10981893202989,0.0001
48,0.7165825392607149,2.1356074575168305,0.0001
49,0.7037832142365511,2.2218895069850624,0.0001
50,0.7055563663980033,2.056543400013346,0.0001
51,0.7019925850606195,2.0291908953143354,0.0001
52,0.7009766294834902,2.1498564783396916,0.0001
53,0.6957720921462113,2.107612033320077,0.0001
54,0.6889552531662764,2.112105574763702,0.0001
55,0.6869605313681975,2.0431421985469393,0.0001
56,0.6826534817390226,2.119960992735195,0.0001
57,0.6826523059540575,2.2952314803774687,0.0001
58,0.6761952060177019,2.1779922507525264,0.0001
59,0.6759834134983512,2.3887928430646723,0.0001
60,0.6742940367145597,2.004504537417148,0.0001
61,0.6665487319764979,2.228369655375621,0.0001
62,0.6638574934861217,2.149192940703054,0.0001
63,0.6639348650364983,1.941478799705978,0.0001
64,0.654537658998578,2.0532281196477333,0.0001
65,0.6575954758324736,2.0384254929714207,0.0001
66,0.6464956314927826,2.3082159256815773,0.0001
67,0.6514284648469428,2.055043516184655,0.0001
68,0.6432303895753608,2.165103213347331,0.0001
69,0.6421400814812684,2.8769712141274124,0.0001
70,0.638236811920478,2.260276943757749,0.0001
71,0.6348745440447973,1.9502468902275363,0.0001
72,0.6306371402669351,1.8686463093011845,0.0001
73,0.6313539085956275,2.002508370106065,0.0001
74,0.625626281208685,2.02916338510234,0.0001
75,0.6238812979700218,2.3887222307330878,0.0001
76,0.6226558685244433,2.0444752353161535,0.0001
77,0.6241297448671194,2.1768446289568746,0.0001
78,0.6199923258854956,2.3120851842470733,0.0001
79,0.6140230303969627,2.029195773414951,0.0001
80,0.6139925702663231,2.06878258920925,0.0001
81,0.6066076118238566,1.9907056033461439,0.0001
82,0.6075929927417039,2.151400405981686,0.0001
83,0.6056279241567456,2.2800689556500973,0.0001
84,0.6007926612225186,2.254199684159008,0.0001
85,0.5986031682536661,2.252430380067106,0.0001
86,0.600513354250637,2.084813556848489,0.0001
87,0.5951976968304568,2.117487705121907,0.0001
88,0.590125756692755,2.087520222074813,0.0001
89,0.5877054651624909,2.1490612324022536,0.0001
90,0.590840591870468,2.094296550401872,0.0001
91,0.5860614718664392,2.4322615092806608,0.0001
92,0.5860998669381701,2.176263979624594,0.0001
93,0.5796337101469259,2.10885171552847,0.0001
94,0.5780465856321545,2.1913914781250865,0.0001
95,0.5782710816167342,2.364065806296877,0.0001
96,0.577531062229921,2.295190970922894,0.0001
97,0.5756821865630537,2.1945619176729054,0.0001
98,0.5731386496427172,2.2186461970577636,0.0001
99,0.568946623330525,2.430777663701134,0.0001
100,0.5675796046502041,2.162681737678713,0.0001
End of training: 2022-09-07 11:21:15

Loss min training: 0.5675796046502041

Loss min val: 1.8686463093011845

Best epoch: 72

Correlação: (0.4736662677419285, 0.0)




--> Fold: 2

Format of train data: frames: 127377 , pressures: 127377 

Format of validation data: frames: 39454 , pressures: 39454 

Option shuffle: True

Begin of training: 2022-09-07 11:21:20

Epoch,train_loss,val_loss,lr
1,6.9326169220551455,2.0294525500468343,0.0001
2,3.7775254566067864,1.7000806893326794,0.0001
3,2.610156943850156,2.449630671744715,0.0001
4,1.509245722519419,2.432664477142916,0.0001
5,1.2319575639583848,3.175888890845913,0.0001
6,1.171869376232955,3.2247699267383085,0.0001
7,1.1328290115839192,3.368287370118753,0.0001
8,1.101250051812883,4.888387126205188,0.0001
9,1.0749423953695973,4.001359612361497,0.0001
10,1.055318854476687,3.748835967751785,0.0001
11,1.0345337930245957,3.5116522800797303,0.0001
12,1.0200544880983256,4.254447292361818,0.0001
13,1.007249749044576,3.8866928948484443,0.0001
14,0.9900442829424224,4.4052306745831515,0.0001
15,0.9785837033731635,4.24463609777232,0.0001
16,0.9708694648684464,4.236092184296598,0.0001
17,0.9596794813023712,5.025354441889652,0.0001
18,0.9507580369850602,4.412618183078071,0.0001
19,0.9370799848340189,4.370005655150917,0.0001
20,0.9306159154423774,3.9702706124988385,0.0001
21,0.9221580817052984,4.049310907926224,0.0001
22,0.9163835360046716,3.421666508324759,0.0001
23,0.9019712979255026,3.7283347050006483,0.0001
24,0.8977714556158424,3.169703419647124,0.0001
25,0.8934306518874503,4.364012535691485,0.0001
26,0.8816081404595194,4.497684855428972,0.0001
27,0.877151467359211,4.005924812518391,0.0001
28,0.8706102007622667,3.404917721802255,0.0001
29,0.8637622338487122,3.533498226795592,0.0001
30,0.8580855279946822,4.270064842890102,0.0001
31,0.8473530371865925,2.946232398137516,0.0001
32,0.8426003253034948,4.27025460935844,0.0001
33,0.8353667733762439,2.7587278925557333,0.0001
34,0.8320136955680646,3.637705053579501,0.0001
35,0.8230835013696668,2.9350302575924965,0.0001
36,0.8136732587416433,4.1264461154611904,0.0001
37,0.8146526363078518,2.937199817847364,0.0001
38,0.8089080598480739,2.696767462788275,0.0001
39,0.8015990277216095,3.361634580158526,0.0001
40,0.7955080749143421,3.392708558925548,0.0001
41,0.7917689367983365,3.3892979764500843,0.0001
42,0.7862681704541491,3.791210980037539,0.0001
43,0.7830832697831257,2.752096173307274,0.0001
44,0.7789573471462712,2.4759846495779527,0.0001
45,0.7731717728624743,2.5445570393655763,0.0001
46,0.7709143787061628,3.1953625906956216,0.0001
47,0.7665651195560855,2.891514894258549,0.0001
48,0.7643551965787121,3.0659478158869105,0.0001
49,0.7605511233500335,3.1679582531044765,0.0001
50,0.7540022082285166,2.7692952896872227,0.0001
51,0.7498847560428406,2.813788721031707,0.0001
52,0.7478259847170462,3.528574544707731,0.0001
53,0.7422746441686829,2.948662643420048,0.0001
54,0.7350692687098752,3.062142486572749,0.0001
55,0.7302655785038399,2.47181040639902,0.0001
56,0.7277295552367549,3.2076231552861167,0.0001
57,0.72568355676608,3.38202264188433,0.0001
58,0.7191043230936922,2.6517772986135086,0.0001
59,0.7175045875445936,2.8942828716470097,0.0001
60,0.7120571597866978,3.5652521196704634,0.0001
61,0.7149961602874824,2.60953475099899,0.0001
62,0.7059794897428172,2.8239051247112,0.0001
63,0.7035032867275364,2.9658264228175706,0.0001
64,0.697054955690667,2.6798775168640443,0.0001
65,0.6974809805010291,3.5378341112931126,0.0001
66,0.6957358885922476,3.0274630961019557,0.0001
67,0.6892643263801066,2.7715658501773333,0.0001
68,0.6873123101901845,2.9155271902953084,0.0001
69,0.6806199979939145,2.7851028624759064,0.0001
70,0.684001225188343,2.9760367080517147,0.0001
71,0.6787944253064765,3.56934558224278,0.0001
72,0.6795039456150661,2.7451580547311107,0.0001
73,0.6754909227995289,2.8184824258416894,0.0001
74,0.6696969268226101,2.7608118434210245,0.0001
75,0.6688077922491676,3.2445900489284822,0.0001
76,0.6647486933670621,2.667917458872211,0.0001
77,0.6585470695183893,2.8657750900756054,0.0001
78,0.6575612980667289,2.8953065938302265,0.0001
79,0.6548744509420251,3.0447450026657514,0.0001
80,0.6524512064512438,2.9868202426414587,0.0001
81,0.651097429176583,3.1455874357365157,0.0001
82,0.6463448548782649,2.829701863136742,0.0001
83,0.6473511884858568,2.74450956016013,0.0001
84,0.6387053465440212,3.181529234478971,0.0001
85,0.6418842289371922,2.702937515881648,0.0001
86,0.6384632294189633,2.9077970342978863,0.0001
87,0.6321202502358522,2.337663884556178,0.0001
88,0.63055455077675,2.695782902213318,0.0001
89,0.6280837474045307,3.179358667009243,0.0001
90,0.6293077370379134,2.7660077276513637,0.0001
91,0.6227973459306508,2.61121694520875,0.0001
92,0.6237170772733789,2.826754463143783,0.0001
93,0.6164208138195967,3.0766611278597944,0.0001
94,0.6163454693086068,3.0139164226781627,0.0001
95,0.6188770996871206,3.360512843211544,0.0001
96,0.6129801539911983,3.2665175315231174,0.0001
97,0.6096225329157525,3.0169309693293607,0.0001
98,0.6071608676893798,3.0215829086598607,0.0001
99,0.6068051448425344,2.5254180696168067,0.0001
100,0.6054048900701504,3.3956401171538992,0.0001
End of training: 2022-09-07 11:58:50

Loss min training: 0.6054048900701504

Loss min val: 1.7000806893326794

Best epoch: 2

Correlação: (0.33256339518778577, 0.0)




--> Fold: 3

Format of train data: frames: 125334 , pressures: 125334 

Format of validation data: frames: 41497 , pressures: 41497 

Option shuffle: True

Begin of training: 2022-09-07 11:58:56

Epoch,train_loss,val_loss,lr
1,7.258245661082662,1.7890423932994657,0.0001
2,3.857292511503227,1.8324534170719005,0.0001
3,2.7254617494749036,2.0727122070806745,0.0001
4,1.5746599927427842,2.0792269831804333,0.0001
5,1.223761240806773,2.1136938554969387,0.0001
6,1.1531153378771668,2.0998877728476906,0.0001
7,1.114234506261163,2.095331292458407,0.0001
8,1.083638149520723,3.4048986023218197,0.0001
9,1.0613885306447621,2.337395374377406,0.0001
10,1.0419017685027132,2.4620180742842384,0.0001
11,1.0229020033701122,2.160964915122538,0.0001
12,1.011628298650879,2.429153140988451,0.0001
13,0.9990795461864079,2.404087649979304,0.0001
14,0.987420442884573,2.6951043411665982,0.0001
15,0.9725907007518392,2.4019070921321806,0.0001
16,0.9570019363953715,2.460650858851626,0.0001
17,0.9519339081861252,2.3114512638749596,0.0001
18,0.9382479455070155,2.479604501243005,0.0001
19,0.9288557905944004,2.7455096660236147,0.0001
20,0.9206022778983235,2.332205506707713,0.0001
21,0.9116096766608659,2.4745986833599276,0.0001
22,0.9076117640972738,2.759624744158531,0.0001
23,0.8971366318958697,3.2078905070313812,0.0001
24,0.8899746810288321,2.702236265280903,0.0001
25,0.8820227050462811,2.8270652325643955,0.0001
26,0.8735974439797837,3.1074730327658693,0.0001
27,0.864004958926103,2.8794948982612727,0.0001
28,0.8637751824688367,2.3293509227837625,0.0001
29,0.8507035883345333,2.5089208726972334,0.0001
30,0.8498659288945793,2.764734012930009,0.0001
31,0.8437289261052461,2.658884291149356,0.0001
32,0.8390177251323733,2.56628523345315,0.0001
33,0.8284595750915121,2.160523245049479,0.0001
34,0.8215432314592956,2.3690504224500843,0.0001
35,0.817232121187379,2.412285316966311,0.0001
36,0.8106535378651715,2.3710465133714425,0.0001
37,0.8047048600413529,2.3886393243974586,0.0001
38,0.8007504154834714,2.2497077787640922,0.0001
39,0.7916312168976353,2.545917418685813,0.0001
40,0.7885032285585105,2.3262658283291464,0.0001
41,0.7877154538034394,2.5966381628771824,0.0001
42,0.7818082640443341,2.4419763172397033,0.0001
43,0.771700709308244,2.566232903364449,0.0001
44,0.7664760883901051,2.5320891617987478,0.0001
45,0.7643791920838168,2.5422872469350914,0.0001
46,0.7579086020391277,2.770097765315943,0.0001
47,0.7537878996062755,2.935105632017195,0.0001
48,0.7516542314200966,2.869390734345677,0.0001
49,0.7416243433411612,3.6611344411372735,0.0001
50,0.7429561780839277,2.8272192829858396,0.0001
51,0.735487401792659,3.4468071748110853,0.0001
52,0.7323159297289261,2.700003487835661,0.0001
53,0.7267331784895411,2.3010086951251316,0.0001
54,0.7257313131230314,2.8881835390246713,0.0001
55,0.723907128281969,2.5535958685420934,0.0001
56,0.7220989024568556,2.4032500586509817,0.0001
57,0.714240500506837,2.4388052763834223,0.0001
58,0.7121292275396844,2.7029442749997403,0.0001
59,0.7102466409097619,2.6128588288244656,0.0001
60,0.7049652313051205,2.536320576297894,0.0001
61,0.6990307134246352,2.6243704234036658,0.0001
62,0.6976620913824496,3.0917584131082134,0.0001
63,0.6978725164770606,2.946994672847845,0.0001
64,0.6886140048634181,2.6004877885508275,0.0001
65,0.6847391849593882,3.0401302330591085,0.0001
66,0.6853771651470467,2.7167428679778456,0.0001
67,0.6831652591315305,2.5767728927483238,0.0001
68,0.6782010936469982,2.404764185021417,0.0001
69,0.6766472379163014,2.4412795704703885,0.0001
70,0.6723469930945146,2.748047325224274,0.0001
71,0.6694059915663358,2.94683830619769,0.0001
72,0.6675835973042725,2.5111349657891435,0.0001
73,0.6665502250330562,2.6664140861252776,0.0001
74,0.6600520354945068,2.3710907971103166,0.0001
75,0.6571373501545998,2.225647109363281,0.0001
76,0.6580548788636154,2.6240383448519067,0.0001
77,0.6513965886545088,2.9743672152480456,0.0001
78,0.652623349931992,1.9486158179165867,0.0001
79,0.6449484811561611,2.749432492495175,0.0001
80,0.6444824016847315,2.453300405502963,0.0001
81,0.6467703355851572,2.456926290803976,0.0001
82,0.6374215130852232,2.6174305463367524,0.0001
83,0.6364824847191806,2.495463371506673,0.0001
84,0.6343610801903288,3.1208435134962156,0.0001
85,0.6303085258435744,2.327811409376425,0.0001
86,0.6283920848849159,2.8157758721616535,0.0001
87,0.6267199099819073,3.1156068858024337,0.0001
88,0.6284450118777256,2.4977573847418495,0.0001
89,0.626151212488197,2.8499780244579296,0.0001
90,0.6178660502526722,2.573804674888113,0.0001
91,0.6187859394766345,2.376457551377312,0.0001
92,0.6202638887549846,2.600601793430017,0.0001
93,0.617677895153309,2.8632062077278095,0.0001
94,0.6168855958410119,2.717690472304426,0.0001
95,0.6083803740816084,2.759863345885066,0.0001
96,0.607875784256251,2.1721434783202427,0.0001
97,0.6065923467694363,2.2139488229304134,0.0001
98,0.6014056971126148,2.501422537899415,0.0001
99,0.6009110539491985,2.5138827228091105,0.0001
100,0.5972337617097945,2.4365146031370393,0.0001
End of training: 2022-09-07 12:36:19

Loss min training: 0.5972337617097945

Loss min val: 1.7890423932994657

Best epoch: 1

Correlação: (0.5266138572475124, 0.0)




--> Fold: 4

Format of train data: frames: 127998 , pressures: 127998 

Format of validation data: frames: 38833 , pressures: 38833 

Option shuffle: True

Begin of training: 2022-09-07 12:36:26

Epoch,train_loss,val_loss,lr
1,6.951632528320403,1.7149898746492345,0.0001
2,3.7455778930088095,1.5742587712166363,0.0001
3,2.5112319341363247,1.6725878986025338,0.0001
4,1.4594045295026365,1.882860764051065,0.0001
5,1.1969143917851937,1.9032620055582246,0.0001
6,1.1309283254396136,1.8056715752423798,0.0001
7,1.0855010889826697,1.7155048205611652,0.0001
8,1.0632629141859486,1.956330338056839,0.0001
9,1.0368744949115123,1.8097723804267882,0.0001
10,1.0196697379103317,2.132950492643559,0.0001
11,0.999315967528,1.7823517676119094,0.0001
12,0.9837115373508482,1.7284137694217345,0.0001
13,0.9672456425186895,1.9109390638946144,0.0001
14,0.9586763491883729,2.1146562138872933,0.0001
15,0.9471133023169352,1.9560259838781813,0.0001
16,0.9360567200442594,2.288406911540467,0.0001
17,0.9248935139274785,2.0640474156194113,0.0001
18,0.9200920419589875,2.029249823198094,0.0001
19,0.909631974924471,2.1159482187489638,0.0001
20,0.8984547637921184,2.069269472483863,0.0001
21,0.8922433630615721,2.0825300609055803,0.0001
22,0.8886634943535515,2.078233033909055,0.0001
23,0.8760629166483713,1.9530032227944496,0.0001
24,0.8699161436418479,2.507228629031545,0.0001
25,0.8645953458006206,2.2354100403095494,0.0001
26,0.8582355219430574,2.1459379374092222,0.0001
27,0.8467821209957347,2.3075512014637374,0.0001
28,0.8444684481719138,2.0323913207495083,0.0001
29,0.8408371550492673,1.7857654127151437,0.0001
30,0.832062062264368,2.4892478533164177,0.0001
31,0.8250983396843692,2.2466264521744423,0.0001
32,0.8218461688334991,2.5295392703246247,0.0001
33,0.8135643942743285,2.4433634431916005,0.0001
34,0.8132105008752334,2.2210433578410167,0.0001
35,0.8068237943207578,2.712507617963848,0.0001
36,0.8005285880854693,2.4515686958826404,0.0001
37,0.7929680364290516,2.5490400533121376,0.0001
38,0.789795704655473,2.4180074785910746,0.0001
39,0.7853654059609908,2.3595183343850246,0.0001
40,0.7802897210467538,2.2168947656913547,0.0001
41,0.7769837629128423,2.4931079988711935,0.0001
42,0.7707066256781403,2.423038965575225,0.0001
43,0.7658441639793677,2.55285652096449,0.0001
44,0.7613701665119637,3.0319506957191886,0.0001
45,0.7572443903113725,2.369057757767341,0.0001
46,0.756044522078943,2.7461143629631914,0.0001
47,0.7461458455333654,2.6162671072791945,0.0001
48,0.745019456653249,2.369093537533234,0.0001
49,0.7413859108691718,2.306338873604056,0.0001
50,0.7365977616936462,2.194517593762233,0.0001
51,0.7299944254934372,2.924162554052658,0.0001
52,0.7269908947574639,2.768313322078803,0.0001
53,0.7234679962991206,2.882287173913012,0.0001
54,0.7175052873354282,2.3023802524364094,0.0001
55,0.7180025836270619,2.3591137526378083,0.0001
56,0.7143711543010174,2.6755493906424515,0.0001
57,0.7089456750207787,2.723913761652357,0.0001
58,0.7031706543881013,2.652584229914714,0.0001
59,0.7050770343688337,2.421576932749145,0.0001
60,0.695915255711938,2.940871066701829,0.0001
61,0.6979076479332125,2.7261286888858574,0.0001
62,0.6893051942811668,3.362252476428222,0.0001
63,0.6895254219928219,2.1106385416507267,0.0001
64,0.6857527595080145,2.402962681576903,0.0001
65,0.6833895379047744,2.707000287756152,0.0001
66,0.6773189541151692,2.212038958870502,0.0001
67,0.6761085639329781,2.7855274523786937,0.0001
68,0.6717670319318738,2.6720515201539525,0.0001
69,0.667324368806628,2.7448302109064113,0.0001
70,0.6637095918498782,2.505994042274441,0.0001
71,0.6632827109604243,2.812617943171656,0.0001
72,0.6569686120951644,2.625232252972606,0.0001
73,0.6583752222185136,2.6498213397868096,0.0001
74,0.6548271388265777,3.1717095601489,0.0001
75,0.6501919028675145,2.863446676841315,0.0001
76,0.6499054606275564,2.7842124271788213,0.0001
77,0.6474723739082656,2.364635858399959,0.0001
78,0.6419038395736066,2.7188758999964975,0.0001
79,0.6411061308328396,2.9791733442983395,0.0001
80,0.6380726876373441,2.5737441001862913,0.0001
81,0.6344560532954043,2.513681632464384,0.0001
82,0.6355452087719415,2.8484984996240046,0.0001
83,0.6271404423561541,2.5718223294289504,0.0001
84,0.6261325720533785,3.189356271788323,0.0001
85,0.6271681130769675,2.871502030166845,0.0001
86,0.623102201548615,3.0822723841675157,0.0001
87,0.625221704273094,2.4789415295940067,0.0001
88,0.6186298333758847,2.887209517438888,0.0001
89,0.6181539962283484,2.846975980886051,0.0001
90,0.6126641546756574,2.7165643465564075,0.0001
91,0.613250860809492,2.842931780406105,0.0001
92,0.6081176811295466,2.876265787843162,0.0001
93,0.6043181993458077,2.979401717500198,0.0001
94,0.608276547877613,2.515771392783414,0.0001
95,0.6021418291465661,2.883032808694802,0.0001
96,0.5992698152895396,2.5158066372724908,0.0001
97,0.6012719605365364,3.200439749065369,0.0001
98,0.6001141209939798,3.186830430795447,0.0001
99,0.5929751377254429,2.47692619936142,0.0001
100,0.5905916800076918,2.8085640103812137,0.0001
End of training: 2022-09-07 13:14:27

Loss min training: 0.5905916800076918

Loss min val: 1.5742587712166363

Best epoch: 2

Correlação: (0.2734413577485432, 0.0)




--> Fold: 5

Format of train data: frames: 123787 , pressures: 123787 

Format of validation data: frames: 43044 , pressures: 43044 

Option shuffle: True

Begin of training: 2022-09-07 13:14:33

Epoch,train_loss,val_loss,lr
1,6.803401557690052,2.4882161580500424,0.0001
2,3.731856097216806,2.403741133588584,0.0001
3,2.5630014839963735,2.7339218545719968,0.0001
4,1.4598050307246029,2.413361296358189,0.0001
5,1.1341733518598984,3.275368651319266,0.0001
6,1.0718451357261853,3.9392889585761752,0.0001
7,1.036853232872133,3.2318056372614246,0.0001
8,1.0113015816479844,3.6940401450994567,0.0001
9,0.988429399741304,3.4032996336375345,0.0001
10,0.9707394220161311,3.337916163571339,0.0001
11,0.9567690463493567,3.3721682450195503,0.0001
12,0.9364083086553416,3.7044442391907366,0.0001
13,0.9247281873693326,3.296174894355396,0.0001
14,0.9096679610289915,4.107249410918361,0.0001
15,0.8982429802258857,3.4360971509740095,0.0001
16,0.8894664498426027,3.720335765771624,0.0001
17,0.8749573615626172,3.7835526938509756,0.0001
18,0.8713352396861899,3.3382415302999955,0.0001
19,0.8628026245666679,3.550727570481199,0.0001
20,0.8507715536298124,3.538474558853392,0.0001
21,0.8416029540975918,3.469730265797896,0.0001
22,0.835833802281526,3.520168385267723,0.0001
23,0.828385293152937,3.6909176017391494,0.0001
24,0.8185048867218814,4.817260488769444,0.0001
25,0.815911795583415,3.6929843242522256,0.0001
26,0.8054353619524753,3.676115219793115,0.0001
27,0.8022213077446841,3.2577877326942644,0.0001
28,0.7919382219899629,4.256496714378043,0.0001
29,0.7864902540744644,3.9378456227698075,0.0001
30,0.7784076811189935,3.8115823131524413,0.0001
31,0.7730287773856831,4.384886531734121,0.0001
32,0.7654277865417717,3.6792822353858265,0.0001
33,0.7574594279193939,3.841254246588279,0.0001
34,0.7550127634241389,4.514493273997459,0.0001
35,0.7523759209442434,3.9394420539675874,0.0001
36,0.7451661171082793,4.0658779713248085,0.0001
37,0.7363777552487518,4.3192167116822215,0.0001
38,0.7306322299466855,4.57510802121247,0.0001
39,0.7276500484465097,3.6827776080424783,0.0001
40,0.7241177052350691,3.558424828841489,0.0001
41,0.7193418461964999,4.035875361998854,0.0001
42,0.71327697418918,4.036917889542478,0.0001
43,0.7021444301307093,3.585497619117373,0.0001
44,0.7018308583671239,3.5088538793746054,0.0001
45,0.6934838329959777,3.8266257710665554,0.0001
46,0.6920396156218855,3.4666663530025548,0.0001
47,0.6908249876521653,4.033018504872041,0.0001
48,0.6852286853744213,3.5779103667372034,0.0001
49,0.6804230114802475,3.006735132325705,0.0001
50,0.6761930370727189,3.4666407270265793,0.0001
51,0.6723161444030759,4.6363606170455425,0.0001
52,0.6641199498670719,3.7804409117849773,0.0001
53,0.6613796296834983,3.5586449114011907,0.0001
54,0.6588332099704305,3.6892062371885586,0.0001
55,0.6529788156083537,4.090839649463119,0.0001
56,0.649778014399458,4.129051248731029,0.0001
57,0.6504072806247098,3.7245076300984654,0.0001
58,0.6425191927166307,3.7943345803375217,0.0001
59,0.6395851596235912,4.404251976445665,0.0001
60,0.6338378236622124,3.322857721910281,0.0001
61,0.6339335639875062,3.66542308038744,0.0001
62,0.6309106232601147,3.7782033193223308,0.0001
63,0.6242486609634535,3.8304428897840297,0.0001
64,0.6175763157218018,3.6225624689326037,0.0001
65,0.6194542228720059,3.7670058660398196,0.0001
66,0.6186143087936002,3.7373276556217254,0.0001
67,0.6103594607512663,3.0848798907364783,0.0001
68,0.6080237078760774,3.5783159411337926,0.0001
69,0.601725927095937,3.9982894454876647,0.0001
70,0.5985413309481712,3.4377293901094084,0.0001
71,0.6001436852032274,3.7115812369543275,0.0001
72,0.5982830216153161,4.049279525880199,0.0001
73,0.5941767002548032,3.863385441112492,0.0001
74,0.5909903409975328,3.593914972629127,0.0001
75,0.5876516075359508,4.260683403882758,0.0001
76,0.5910335412070193,3.490515284949924,0.0001
77,0.585169412948824,3.4855076986643785,0.0001
78,0.5824858634661001,3.4884586487103544,0.0001
79,0.5772494936431021,3.923741117949247,0.0001
80,0.5738169960703806,4.538012841279351,0.0001
81,0.5753713443120426,3.9128941052155626,0.0001
82,0.5725106348598443,3.5784260425500274,0.0001
83,0.5700588833368508,3.6796538196369104,0.0001
84,0.5636441604936357,4.396131654818609,0.0001
85,0.5631645092372917,3.6760471251560136,0.0001
86,0.5613427000262764,3.6514913378434493,0.0001
87,0.5592892390346618,3.847969046712265,0.0001
88,0.5562377378696158,3.416087592360411,0.0001
89,0.5577936639679796,3.673743286581246,0.0001
90,0.5529991830739284,3.82299252852954,0.0001
91,0.5528924924058215,3.2754244505279004,0.0001
92,0.5462587416520881,3.554264157714149,0.0001
93,0.5474804161908249,4.360428481543555,0.0001
94,0.5452685822419713,3.912432245379121,0.0001
95,0.5408350914552766,4.3251832925346125,0.0001
96,0.5404320333315188,3.371325355559385,0.0001
97,0.5363553305025747,3.5916510139208677,0.0001
98,0.5366182990367185,2.9697814730837515,0.0001
99,0.5348964570229978,4.28274758195979,0.0001
100,0.5341477962302337,3.255076539238394,0.0001
End of training: 2022-09-07 13:53:52

Loss min training: 0.5341477962302337

Loss min val: 2.403741133588584

Best epoch: 2

Correlação: (0.4214962152691576, 0.0)




--> Fold: 6

Format of train data: frames: 125799 , pressures: 125799 

Format of validation data: frames: 41032 , pressures: 41032 

Option shuffle: True

Begin of training: 2022-09-07 13:54:00

Epoch,train_loss,val_loss,lr
1,6.920328924394922,1.6729338059394674,0.0001
2,3.690147905141483,1.4717301106820169,0.0001
3,2.512158528249032,1.5187070859782434,0.0001
4,1.4944086802864405,1.8347627705685412,0.0001
5,1.2304774306032902,2.0241965170688947,0.0001
6,1.1733487096124426,2.5109014369330924,0.0001
7,1.1350683226183713,2.093785994395477,0.0001
8,1.1048728820387788,2.042925409602245,0.0001
9,1.0772072909392865,2.448991172702765,0.0001
10,1.065399247017637,2.324487422218702,0.0001
11,1.0475181718067033,2.5530670959597606,0.0001
12,1.033424271233424,1.875789962797561,0.0001
13,1.0228369032245268,2.649952238171764,0.0001
14,1.008821250579328,2.3123665756360205,0.0001
15,0.9944161700723277,2.346310052892157,0.0001
16,0.9817507402615927,2.013861126103906,0.0001
17,0.9736628772234984,2.5311349278933637,0.0001
18,0.9644821937896741,1.6622275733871055,0.0001
19,0.9555895950800588,1.996076289755393,0.0001
20,0.946965939591682,1.9698025263827037,0.0001
21,0.9388105509246077,2.5598910595850537,0.0001
22,0.9309702135896659,2.3697579592193256,0.0001
23,0.9208462318323821,2.3796084945163294,0.0001
24,0.9153667838064832,2.120198193384811,0.0001
25,0.9112570185041726,1.8880157761463159,0.0001
26,0.9019499585938741,2.457927414724343,0.0001
27,0.8922077554771036,1.620460400852829,0.0001
28,0.8894522447931144,1.769201829433906,0.0001
29,0.8833330168217672,1.9766662903500478,0.0001
30,0.8756571589712583,2.059265401679932,0.0001
31,0.866978015646853,1.9225972288415827,0.0001
32,0.8593903210223972,2.56868063741131,0.0001
33,0.8549195560879544,2.206620223156354,0.0001
34,0.847569791825034,1.781593286124185,0.0001
35,0.8498434862945701,1.8851707171780205,0.0001
36,0.8399478292456491,1.53652236066057,0.0001
37,0.8331375547863126,1.6983161453360307,0.0001
38,0.8290210414539654,1.9287497507803015,0.0001
39,0.8219012166752737,2.0763153917121477,0.0001
40,0.8185392743809664,1.6341219515706578,0.0001
41,0.8125971097207652,2.4539232713294368,0.0001
42,0.8054587841763601,1.5960784396783119,0.0001
43,0.8015698726875098,1.736801018466678,0.0001
44,0.7996499293746884,1.7178176492946517,0.0001
45,0.7909525185677745,1.9008527821466272,0.0001
46,0.7870871401387296,1.7762511599758815,0.0001
47,0.7841138229873188,2.0825544806990064,0.0001
48,0.7801962789348247,1.5727380419549106,0.0001
49,0.7727426068532768,2.027842894751418,0.0001
50,0.7667628756186281,2.5378625024292383,0.0001
51,0.765038430983579,1.5509580266733667,0.0001
52,0.7626687251241947,2.15871697686341,0.0001
53,0.7552624873818803,1.6191181421372876,0.0001
54,0.754575105615344,1.7877510230335303,0.0001
55,0.750677346090625,2.290226362955038,0.0001
56,0.7445903549655901,2.071098958662691,0.0001
57,0.7424951382885459,2.1847507199434117,0.0001
58,0.7376917724504227,1.7869231877538005,0.0001
59,0.7354085186268667,2.435426218882944,0.0001
60,0.7347076514998027,2.0460080177748172,0.0001
61,0.7251544307830975,2.0288776088862606,0.0001
62,0.7233876328362512,1.9215873952822091,0.0001
63,0.7227247994096121,1.9169860490466866,0.0001
64,0.7146491165194262,1.985172630100135,0.0001
65,0.7160412387189913,1.920546728027427,0.0001
66,0.7099132490906319,2.1463518672157713,0.0001
67,0.7077778640008524,2.035485229010609,0.0001
68,0.7060939230450117,1.941645182162192,0.0001
69,0.7033442498752548,2.5021312892681022,0.0001
70,0.7006895212421389,2.222720981504188,0.0001
71,0.6974124278646695,1.832804440522338,0.0001
72,0.693293190014334,2.151574269306081,0.0001
73,0.6875926501456294,2.132406301585804,0.0001
74,0.6881266706297282,2.5715057729954234,0.0001
75,0.6844095172865989,1.9342670332365135,0.0001
76,0.6840032587096952,2.0546041599001468,0.0001
77,0.6749901143900668,1.9438382709995536,0.0001
78,0.6766974320652301,1.8247591567378827,0.0001
79,0.6738215255628471,1.7813774060264018,0.0001
80,0.66994436631253,2.3133510681917664,0.0001
81,0.6680706924087813,2.0073054145943887,0.0001
82,0.6619499672821777,2.085985789640207,0.0001
83,0.6652726288576162,2.109421449786949,0.0001
84,0.6647707036879967,2.1228417010538805,0.0001
85,0.6573549362347851,1.9592921954192342,0.0001
86,0.6569346899965381,1.9362947009627316,0.0001
87,0.6547817027967101,2.128005465328821,0.0001
88,0.6491086491615549,1.8522164962937386,0.0001
89,0.6470180389277483,1.8401384247653223,0.0001
90,0.6466117946373576,1.9134574052208604,0.0001
91,0.6440561840718597,1.8193555920531723,0.0001
92,0.642382278123801,2.128401920794976,0.0001
93,0.6395005749619814,2.012862106121686,0.0001
94,0.6365505364299601,1.7537710533071897,0.0001
95,0.6291468584721059,1.9298813684708567,0.0001
96,0.6301824343288931,1.9341659885699531,0.0001
97,0.630882538513756,1.852242241781528,0.0001
98,0.6263330338728174,1.9581669603646394,0.0001
99,0.6250629395530554,1.9417610610756266,0.0001
100,0.6246773394978554,2.266619474666117,0.0001
End of training: 2022-09-07 14:33:06

Loss min training: 0.6246773394978554

Loss min val: 1.4717301106820169

Best epoch: 2

Correlação: (0.5465237038756279, 0.0)




--> Fold: 7

Format of train data: frames: 121714 , pressures: 121714 

Format of validation data: frames: 45117 , pressures: 45117 

Option shuffle: True

Begin of training: 2022-09-07 14:33:13

Epoch,train_loss,val_loss,lr
1,7.1764649453888625,1.57665045087736,0.0001
2,3.8493113217274764,1.5460075496092125,0.0001
3,2.72838783005495,1.628606301441861,0.0001
4,1.5924089106579138,1.7027835196197585,0.0001
5,1.2090276169107383,2.018057336102728,0.0001
6,1.1420558793217603,2.2485564540251985,0.0001
7,1.1005826380097032,2.137367262676347,0.0001
8,1.0727374254271316,1.7249047694499102,0.0001
9,1.0462569689925791,2.290248838487631,0.0001
10,1.0295683788748244,2.6437553196803956,0.0001
11,1.0063749673662057,2.267195445537081,0.0001
12,0.9919251363799702,2.0954176381586724,0.0001
13,0.9751537377330467,1.7177702067900649,0.0001
14,0.970376335023347,2.0902797391123626,0.0001
15,0.9526433513893876,2.040763704164877,0.0001
16,0.9458851584967894,2.504053376621818,0.0001
17,0.9337881499558953,2.384872689849453,0.0001
18,0.92668085385668,1.9676070723795844,0.0001
19,0.9157936324490604,2.131915501569326,0.0001
20,0.9071963849456244,2.089030301420021,0.0001
21,0.8983122381421679,2.138376251714863,0.0001
22,0.8888512947926169,2.310442255149801,0.0001
23,0.8834979558027463,2.2185029148075217,0.0001
24,0.873912864162173,2.1155667831799603,0.0001
25,0.8679013544595984,2.010352981371414,0.0001
26,0.8586094383342734,2.4020473113452,0.0001
27,0.8550699768571083,2.171604179692881,0.0001
28,0.8458382622418027,2.0721484648673267,0.0001
29,0.8432732962007866,2.2524808050245646,0.0001
30,0.8330497937005629,2.009470899004086,0.0001
31,0.8320448376763683,2.1717863394430554,0.0001
32,0.8210325280730946,2.0582069380051844,0.0001
33,0.8164668508504637,2.3525034227510093,0.0001
34,0.8107711488044443,1.9688906980685912,0.0001
35,0.805538654844527,2.11648254590373,0.0001
36,0.7998849494151626,2.2333073804193924,0.0001
37,0.7903285952348319,2.0869757654523324,0.0001
38,0.7879918473072495,2.129813568667692,0.0001
39,0.7844781642821487,2.2081225975202847,0.0001
40,0.7751116097372044,2.1444617823923267,0.0001
41,0.7744502073772511,1.9882551777602473,0.0001
42,0.7664751163200013,2.2505264300457917,0.0001
43,0.7629256609836523,2.1578566834529056,0.0001
44,0.7594881447318789,1.8714698922415614,0.0001
45,0.753586404095216,2.1749680681209824,0.0001
46,0.7489704882612613,2.0558406751883047,0.0001
47,0.7455231782294347,2.362483425528471,0.0001
48,0.7432581098352313,2.1969699044756785,0.0001
49,0.7350299016638019,2.295193441804531,0.0001
50,0.7313919133890419,2.383854613468062,0.0001
51,0.7280611127875991,2.1960596331632245,0.0001
52,0.7224783946135909,2.222477044826054,0.0001
53,0.7207408596245171,2.2888347610851407,0.0001
54,0.7139928869216635,2.1098425363155773,0.0001
55,0.712906030829589,2.465251368115255,0.0001
56,0.7038283383039043,2.01792437527903,0.0001
57,0.7038540886338437,2.10735734932642,0.0001
58,0.6988012225152253,2.4644592828006773,0.0001
59,0.6977049213121991,2.1183350910797905,0.0001
60,0.6927870960985205,2.2071560719208896,0.0001
61,0.6893199933364248,2.2867238906495344,0.0001
62,0.6888473256527501,2.4322421261162814,0.0001
63,0.6806651090312953,2.069091798597731,0.0001
64,0.6796101169342345,2.3203313624729125,0.0001
65,0.6759627832144389,2.1051214765719752,0.0001
66,0.6716559370824337,2.3535331236882016,0.0001
67,0.6703745073992198,1.9905531030678116,0.0001
68,0.6647126283432038,2.3165683490676146,0.0001
69,0.6669087466089091,2.2012206358507673,0.0001
70,0.6589718214594683,2.499788496107841,0.0001
71,0.6599893176502941,2.2551975185668147,0.0001
72,0.649088678049783,2.2301201266457373,0.0001
73,0.6509003672036704,2.4197552547119376,0.0001
74,0.6528598933876749,2.1766038355914104,0.0001
75,0.646106448871772,2.01837336230733,0.0001
76,0.6398115733442123,2.1077311412687325,0.0001
77,0.6403369081154144,1.9304130546832694,0.0001
78,0.6396499337012642,2.18941257023591,0.0001
79,0.637357964589456,1.9890134338950303,0.0001
80,0.6341021838829418,2.448321030786053,0.0001
81,0.632969814902223,1.8657910949591956,0.0001
82,0.6262111460989993,2.153409480345752,0.0001
83,0.6268000435339061,2.4816817905282624,0.0001
84,0.6240995510640591,1.9468826022895247,0.0001
85,0.6216587469282671,2.096453182007728,0.0001
86,0.6201073862812416,2.4142559490101974,0.0001
87,0.6191513944884116,1.7742721921961593,0.0001
88,0.6160833621735362,2.4409569711537427,0.0001
89,0.6136640960726087,1.9531814277807544,0.0001
90,0.6106692474242204,1.9533018064796945,0.0001
91,0.6067690809662121,2.2226607545770687,0.0001
92,0.6080007520701328,2.129392678788318,0.0001
93,0.6028803974125096,2.099587287807078,0.0001
94,0.601745949182959,2.1088105476734595,0.0001
95,0.5971867320428146,2.1078385483550908,0.0001
96,0.592891194631885,1.998802807762455,0.0001
97,0.5966028394847694,2.0872123850589657,0.0001
98,0.5892270257149901,1.9260031550288383,0.0001
99,0.5909643312986096,2.1448721521741008,0.0001
100,0.5905908181001635,1.9221009802336886,0.0001
End of training: 2022-09-07 15:10:06

Loss min training: 0.5892270257149901

Loss min val: 1.5460075496092125

Best epoch: 2

Correlação: (0.5727465577585235, 0.0)




--> Fold: 8

Format of train data: frames: 132010 , pressures: 132010 

Format of validation data: frames: 46835 , pressures: 46835 

Option shuffle: True

Begin of training: 2022-09-07 15:10:13

Epoch,train_loss,val_loss,lr
1,6.8212191946803955,1.6875819985100664,0.0001
2,3.7132247462560533,1.4481823046739142,0.0001
3,2.3976093376326695,1.513089321104302,0.0001
4,1.3652129308878134,1.8379278849522027,0.0001
5,1.1560925148696704,1.8556477652958316,0.0001
6,1.098395863757622,1.5158724811678572,0.0001
7,1.0558187046228742,1.5318145434210162,0.0001
8,1.027820254985008,1.5801820459902394,0.0001
9,1.0054247394058526,1.6447480089804196,0.0001
10,0.9893898864992008,1.558235166476785,0.0001
11,0.9743179629186944,1.8187329422375098,0.0001
12,0.9572539496928415,1.4726655718279176,0.0001
13,0.945853298564326,1.5435213153054548,0.0001
14,0.9334831418263967,2.054979844860477,0.0001
15,0.9167413736561846,1.605180356499224,0.0001
16,0.91202148324332,1.6589696851193594,0.0001
17,0.9014503833769163,1.7390092641601977,0.0001
18,0.8924159208808593,1.6259684985712548,0.0001
19,0.8840166053467832,1.5172068364772673,0.0001
20,0.8772150641778645,1.921665613297733,0.0001
21,0.86439629963479,1.8467720309379987,0.0001
22,0.8614973707231967,1.8048337784446749,0.0001
23,0.8524543720026394,1.986182201617528,0.0001
24,0.8483990795693066,1.9804111527597381,0.0001
25,0.8384595688938435,1.5683572683770106,0.0001
26,0.8317634937862728,1.8686097493634428,0.0001
27,0.8254447656493775,1.9546893369582645,0.0001
28,0.8212238431681232,1.8239230080807465,0.0001
29,0.8138957313168872,1.6415399323586939,0.0001
30,0.8050208520730349,1.7143539306434556,0.0001
31,0.8006472395934912,1.8763344655694123,0.0001
32,0.7906043567419793,1.8720277785084043,0.0001
33,0.7877501952608429,1.6343159262571745,0.0001
34,0.7860256663687923,1.9166514676434514,0.0001
35,0.7802711377292137,1.7252118627302444,0.0001
36,0.7757233944817679,1.9137045239580088,0.0001
37,0.7697912071563648,1.7418733287140133,0.0001
38,0.7656162267078569,2.027873578692139,0.0001
39,0.7603855343679886,1.7484235383306914,0.0001
40,0.7567911488071968,1.7789246772286782,0.0001
41,0.7530304435084927,1.869368717399875,0.0001
42,0.7451984294110487,2.0795693986505204,0.0001
43,0.7413767559186463,1.85545424123043,0.0001
44,0.7386438203353736,1.7475549518126643,0.0001
45,0.731830210737564,1.8436995095754618,0.0001
46,0.7276275912705411,1.8178499592779744,0.0001
47,0.7224878253250282,2.3115277379735297,0.0001
48,0.7174344625182065,2.0326398472375136,0.0001
49,0.7141855124839914,2.2895883169476576,0.0001
50,0.7090774795429498,2.05004810781429,0.0001
51,0.7048576183946157,1.9513942400241109,0.0001
52,0.7104018974598588,1.8544163697529745,0.0001
53,0.7016882416263023,2.1266615047314334,0.0001
54,0.6977814215691232,1.7958111266309962,0.0001
55,0.6951887205950862,2.053492723061586,0.0001
56,0.6841590800919087,1.9394556860029348,0.0001
57,0.6906910588448539,1.997926647881758,0.0001
58,0.6779242297075307,2.1112508575830002,0.0001
59,0.6773188529741709,1.9661416516304526,0.0001
60,0.6776022444005428,2.0383964790126563,0.0001
61,0.6700089969478604,2.3631586242055542,0.0001
62,0.6700332831473127,2.459500655525202,0.0001
63,0.6674860694491315,2.0159315146210735,0.0001
64,0.6654512210123811,1.8103397415429305,0.0001
65,0.6598022928049001,2.1314325363694304,0.0001
66,0.6567207547699211,2.5066469508835203,0.0001
67,0.6535940493907759,2.027822425602925,0.0001
68,0.6475298724087086,1.937884674159315,0.0001
69,0.6458077616045379,2.427395138644327,0.0001
70,0.6451440795263859,1.9093688135991118,0.0001
71,0.6420789591182986,2.096837603657709,0.0001
72,0.6386140412520698,2.175743523216227,0.0001
73,0.6382287532973855,1.7723757111785683,0.0001
74,0.6356844552903724,2.0700773960754737,0.0001
75,0.6314917286806744,2.2641494988657005,0.0001
76,0.6279710405406225,1.976930223631734,0.0001
77,0.6266246259379555,2.2550174730137393,0.0001
78,0.6248048601457724,1.9170885984806236,0.0001
79,0.6202770744252499,2.1871860783217465,0.0001
80,0.6175647039095946,2.049155686888456,0.0001
81,0.6141826612381726,2.0425028248888024,0.0001
82,0.6117944238998793,2.406898137623846,0.0001
83,0.6109003571522669,2.0270364481623684,0.0001
84,0.6087595168193826,2.4328376280354043,0.0001
85,0.6068482629476772,2.2217428846472265,0.0001
86,0.6025563477512634,2.16923348865731,0.0001
87,0.6042411380058509,2.1049448055506796,0.0001
88,0.5972049651308662,2.088344408646966,0.0001
89,0.5962013481322693,1.9486884549624437,0.0001
90,0.5962347954992507,2.1528875576695117,0.0001
91,0.5936020632890415,2.003605915895073,0.0001
92,0.5914843523103209,1.9925205509525437,0.0001
93,0.5901547582232946,2.404551348172576,0.0001
94,0.5823130249284034,1.8846278910628247,0.0001
95,0.5830119953292056,2.2429432927703123,0.0001
96,0.5797426773313229,2.4035400535300053,0.0001
97,0.5807266724041019,2.14592722063705,0.0001
98,0.5775063021089459,1.9691917571948179,0.0001
99,0.5758762482214801,2.129628187367714,0.0001
100,0.5726063361195721,2.039463059538467,0.0001
End of training: 2022-09-07 15:49:51

Loss min training: 0.5726063361195721

Loss min val: 1.4481823046739142

Best epoch: 2

Correlação: (0.5652169656559627, 0.0)




--> Fold: 9

Format of train data: frames: 131637 , pressures: 131637 

Format of validation data: frames: 47208 , pressures: 47208 

Option shuffle: True

Begin of training: 2022-09-07 15:49:59

Epoch,train_loss,val_loss,lr
1,6.634222735254691,1.617712337149339,0.0001
2,3.6189163465550664,1.413705152468123,0.0001
3,2.389773032549645,1.4200502234765018,0.0001
4,1.4227563577279077,1.5456659128819052,0.0001
5,1.2028028426839799,1.4503808569411185,0.0001
6,1.1446172809821251,1.4594195888034773,0.0001
7,1.1132543697944508,1.5807838126211484,0.0001
8,1.08120239256954,1.5965778054352273,0.0001
9,1.0591299674790187,1.4368926381240597,0.0001
10,1.0409122248797193,1.3563413468887595,0.0001
11,1.0232886728814101,1.3153148252789075,0.0001
12,1.008148788149768,1.5415643649653972,0.0001
13,0.992416824487939,1.350237821486214,0.0001
14,0.9794372093569121,1.4209322990795006,0.0001
15,0.9674311705819482,1.3896979616973546,0.0001
16,0.96028214063412,1.354298835597873,0.0001
17,0.9456281573040152,1.2812335749760135,0.0001
18,0.9389667141717992,1.4615421939999182,0.0001
19,0.9269711220022733,1.2448017233368744,0.0001
20,0.9205837930212449,1.3534911149559414,0.0001
21,0.9078430366866396,1.5139620831367868,0.0001
22,0.9010203666319142,1.2187613770428845,0.0001
23,0.892153927701693,1.2866364981012615,0.0001
24,0.8839921514296454,1.2035219604495095,0.0001
25,0.8765247342572698,1.2357548800409295,0.0001
26,0.8748280798350082,1.2846480474252253,0.0001
27,0.8643380008015368,1.1883757818333074,0.0001
28,0.8551623731351465,1.3280008452723662,0.0001
29,0.8525134350995289,1.2117529235195657,0.0001
30,0.8439843603158773,1.2318699351813183,0.0001
31,0.8380670486973757,1.2091463795154302,0.0001
32,0.8308803248083247,1.2508783305505438,0.0001
33,0.8288249324783095,1.3258618258395614,0.0001
34,0.8194151792655419,1.1505576425478672,0.0001
35,0.8173896218274965,1.2700427460318964,0.0001
36,0.80191423216281,1.3500658023803846,0.0001
37,0.8008118182407373,1.2440946503647947,0.0001
38,0.7969328924161494,1.1013894702111073,0.0001
39,0.7899999696456383,1.1866786028041494,0.0001
40,0.7848590537736461,1.1876159113880902,0.0001
41,0.7801842977383444,1.2022084947602867,0.0001
42,0.7749905286410533,1.2135607711825607,0.0001
43,0.7710244676831657,1.2210740163010716,0.0001
44,0.7634488129485922,1.2031544939357737,0.0001
45,0.7609584577973585,1.1624717445742012,0.0001
46,0.7558590098226715,1.2569032800619813,0.0001
47,0.7533265475491032,1.1833773440899353,0.0001
48,0.743494711182001,1.2378470303850282,0.0001
49,0.7447979627463583,1.2260590820388457,0.0001
50,0.7411332781647184,1.1830620653971518,0.0001
51,0.7333944682609043,1.3414868095369181,0.0001
52,0.7303531981724305,1.1535415263564641,0.0001
53,0.727953893120162,1.229528706874954,0.0001
54,0.7231798053310307,1.3152379150250022,0.0001
55,0.718848522847752,1.1937547567799383,0.0001
56,0.7177351814339591,1.2718708223456994,0.0001
57,0.7119647449307197,1.2516004174993192,0.0001
58,0.7074643761263469,1.287179749217241,0.0001
59,0.7023301693609948,1.176080570243573,0.0001
60,0.6993025286123566,1.2807592700202877,0.0001
61,0.6942627855028487,1.3072768662909575,0.0001
62,0.6900151838595622,1.2459442009866855,0.0001
63,0.6927923558679987,1.2035281491206877,0.0001
64,0.6825009184404671,1.2894512528060877,0.0001
65,0.6830100173347506,1.3523714893895717,0.0001
66,0.6813567770119058,1.3251994100188305,0.0001
67,0.678541044255167,1.2744480777324165,0.0001
68,0.6763542253103163,1.2091273652499175,0.0001
69,0.6726728031873038,1.2725258773109747,0.0001
70,0.6723617197062919,1.395850469390935,0.0001
71,0.6638984328000477,1.3600910835358233,0.0001
72,0.6594821946884758,1.2972387342690572,0.0001
73,0.6591365842668995,1.34179967190326,0.0001
74,0.6550379044532167,1.257986266013829,0.0001
75,0.6530234226781152,1.2719808936098878,0.0001
76,0.6546325362009311,1.2658668057713705,0.0001
77,0.6507134383977212,1.3439163430588383,0.0001
78,0.6470719635927172,1.2792577799286524,0.0001
79,0.6425454278303845,1.3420096577032,0.0001
80,0.6391405140728659,1.3538685567377786,0.0001
81,0.6371097297538849,1.2868801003047075,0.0001
82,0.6361750686800411,1.4385985893791882,0.0001
83,0.6328388316849728,1.2801129799175215,0.0001
84,0.6306779787999516,1.4988182221321995,0.0001
85,0.6252544361610969,1.4135913173135428,0.0001
86,0.6285272460883005,1.380522024548674,0.0001
87,0.6193456848915219,1.403955147137502,0.0001
88,0.6204086976432874,1.4240573014147988,0.0001
89,0.6232257862126908,1.5611120871902826,0.0001
90,0.6166680759282661,1.4860448427997066,0.0001
91,0.6141275368198523,1.372795530960249,0.0001
92,0.613474138059283,1.4435539366612695,0.0001
93,0.6086996506181037,1.3861563762069415,0.0001
94,0.6113342525867785,1.6491735519099853,0.0001
95,0.6058249171790351,1.4135947558985305,0.0001
96,0.6083986933435094,1.589114267651135,0.0001
97,0.600128154642273,1.533004390498457,0.0001
98,0.6045311327950913,1.3894812720970589,0.0001
99,0.592046899106314,1.5084301771662676,0.0001
100,0.5977333116263951,1.6546783146262674,0.0001
End of training: 2022-09-07 16:29:45

Loss min training: 0.592046899106314

Loss min val: 1.1013894702111073

Best epoch: 38

Correlação: (0.5017393118465244, 0.0)


