
Dispositivo usado pelo Pytorch: cuda

Features usadas: Felipe

*****************************************

-----> GRID 0:   hyperparameters
0             100
1            adam
2              32
3             0.5
4          0.0001


--> Fold: 0

Format of train data: frames: 118687 , pressures: 118687 

Format of validation data: frames: 48208 , pressures: 48208 

Option shuffle: True

Begin of training: 2022-11-26 18:00:28

Epoch,train_loss,val_loss,lr
1,7.8492899914766205,1.837608476591949,0.0001
2,2.7391999009471384,1.6078612339524307,0.0001
3,2.5592293186647437,1.581743374639993,0.0001
4,2.501676337708739,1.5551524836084116,0.0001
5,2.4288833856982395,1.6008977985366255,0.0001
6,2.41564419509272,1.5853534507229208,0.0001
7,2.3583517534710903,1.6661805404288959,0.0001
8,2.3325090772038726,1.6103920349044496,0.0001
9,2.292740106004107,1.5988584549728517,0.0001
10,2.272077204724381,1.6472284108588278,0.0001
11,2.253859399548948,1.619661317882924,0.0001
12,2.2142737743336993,1.5813480266257056,0.0001
13,2.188372935878517,1.6341564783098845,0.0001
14,2.168222409891594,1.615865026780865,0.0001
15,2.1460970033022355,1.6516718272944444,0.0001
16,2.1042613845712124,1.5996695272241206,0.0001
17,2.104036586223188,1.612490729916899,0.0001
18,2.054999505676951,1.6481296940179033,0.0001
19,2.06000357480045,1.662306511813606,0.0001
20,2.040941121333404,1.6194987302992854,0.0001
21,2.005961022084573,1.6743803101839356,0.0001
22,1.9869796693457122,1.6596340208484055,0.0001
23,1.9687010877616757,1.6439746458428348,0.0001
24,1.9428897809599421,1.6732017519740698,0.0001
25,1.9321712085262142,1.679664126868427,0.0001
26,1.9015618192717374,1.6252102855824173,0.0001
27,1.8897304523020007,1.6267977509433709,0.0001
28,1.8663617346709767,1.6493666883801608,0.0001
29,1.8558920683793243,1.6785248956963583,0.0001
30,1.8325818619202625,1.5893938909564507,0.0001
31,1.8018319540530745,1.582183973400687,0.0001
32,1.7830048974431127,1.617759569851299,0.0001
33,1.7806852464251564,1.612374937142639,0.0001
34,1.7627364900002531,1.6557642282776528,0.0001
35,1.73839080693486,1.6015859097291811,0.0001
36,1.7243993568009812,1.5969635715842287,0.0001
37,1.7054820827348753,1.6084142994967718,0.0001
38,1.6905132658583826,1.647868542112546,0.0001
39,1.6857721701195203,1.6147520005247975,0.0001
40,1.6653939208174668,1.6309596043744041,0.0001
41,1.653672396764558,1.5950606417663857,0.0001
42,1.6394757849193033,1.6125909672834293,0.0001
43,1.6251816369397096,1.6443922608507222,0.0001
44,1.6104530029171045,1.6838575782785374,0.0001
45,1.5907988467886587,1.5994553013256212,0.0001
46,1.5878416186453255,1.6398925608548856,0.0001
47,1.5556493706518657,1.6248171505562459,0.0001
48,1.5427362872500674,1.641109699432216,0.0001
49,1.543412006913672,1.669654309175911,0.0001
50,1.5314357808523609,1.7125111672318816,0.0001
51,1.5241579437715473,1.6463117711060553,0.0001
52,1.5060247797097277,1.6409024438152193,0.0001
53,1.491967484128355,1.679880544389952,0.0001
54,1.4769365225413418,1.5732178282508256,0.0001
55,1.48201663542703,1.674386206553143,0.0001
56,1.4541303197461135,1.629824583984632,0.0001
57,1.4514814095181066,1.6403678819027763,0.0001
58,1.4395336035296578,1.6379520160551289,0.0001
59,1.428106737434947,1.7465790075754115,0.0001
60,1.4156633047374685,1.624113498199354,0.0001
61,1.4078605517478726,1.6226774379734656,0.0001
62,1.3899196410794434,1.6244477042319407,0.0001
63,1.3887710737105552,1.6032028695969656,0.0001
64,1.3782636529976249,1.6623491977402984,0.0001
65,1.3745096758404365,1.6662252391448973,0.0001
66,1.3639951881224621,1.7082608220112747,0.0001
67,1.3543456252835546,1.6636319977478295,0.0001
68,1.3467202842694075,1.6698474650797637,0.0001
69,1.3340870198781885,1.693329775329448,0.0001
70,1.3288611597948823,1.5976873453455513,0.0001
71,1.3235129094653562,1.6671403707399188,0.0001
72,1.3120461273497894,1.6377663735412815,0.0001
73,1.3055335651874338,1.6267038863875563,0.0001
74,1.2988041039344305,1.6049238608558432,0.0001
75,1.288461455671118,1.6234293566405318,0.0001
76,1.2859310887010895,1.6395189506327872,0.0001
77,1.2712805616762914,1.622328947558183,0.0001
78,1.271005093333717,1.6544906454469293,0.0001
79,1.2637473487066153,1.7274293871444997,0.0001
80,1.2544395628009373,1.6788978281109743,0.0001
81,1.251476477522843,1.631768601185216,0.0001
82,1.2437849467361166,1.5819509513070327,0.0001
83,1.238261308353015,1.6059726301198618,0.0001
84,1.233951329012801,1.647994763978565,0.0001
85,1.2274438134590624,1.559057003807634,0.0001
86,1.218047069934945,1.6743220008175277,0.0001
87,1.223125752319705,1.6216884421186513,0.0001
88,1.2169435316833315,1.6166794479308713,0.0001
89,1.2104886036794946,1.655700249328512,0.0001
90,1.2026792777801256,1.671466298487904,0.0001
91,1.1954424595404347,1.6463832590139234,0.0001
92,1.1896798560688195,1.6732775936322952,0.0001
93,1.1842715697973836,1.6284118775826057,0.0001
94,1.1889858712735166,1.703560476005572,0.0001
95,1.1781335827900261,1.6327346580352176,0.0001
96,1.1770861040484517,1.6187263250232258,0.0001
97,1.166228811244621,1.6091888454559433,0.0001
98,1.1653211446907104,1.675032585750495,0.0001
99,1.1626900354548755,1.5886328006320882,0.0001
100,1.1606897963009668,1.6451331553489237,0.0001
End of training: 2022-11-26 18:20:41

Loss min training: 1.1606897963009668

Loss min val: 1.5551524836084116

Best epoch: 4

Correlation: (0.5452401945872907, 0.0)




--> Fold: 1

Format of train data: frames: 122714 , pressures: 122714 

Format of validation data: frames: 44181 , pressures: 44181 

Option shuffle: True

Begin of training: 2022-11-26 18:20:46

Epoch,train_loss,val_loss,lr
1,7.851759256862655,2.2081792200246553,0.0001
2,2.695917251613011,2.185125349986192,0.0001
3,2.5509137848547043,2.1715226911143435,0.0001
4,2.482595429958338,2.2840378449044705,0.0001
5,2.433504631161944,2.1971110506872167,0.0001
6,2.3927263542258106,2.2880670083297368,0.0001
7,2.3655904205832763,2.2069616348292675,0.0001
8,2.3254389711100667,2.30018475742603,0.0001
9,2.3043106741705253,2.270130476042089,0.0001
10,2.2620081571688124,2.3710904719320625,0.0001
11,2.2592625512754574,2.2481816256883547,0.0001
12,2.2133657163056437,2.329429960119182,0.0001
13,2.182737056238002,2.3466436442457663,0.0001
14,2.173718908818645,2.2370908494225663,0.0001
15,2.1539207508843887,2.2811451539201957,0.0001
16,2.112045759234343,2.214676069524197,0.0001
17,2.100116477297927,2.2052861792804705,0.0001
18,2.0761291703377855,2.193622181725905,0.0001
19,2.0523933367193963,2.198482962225171,0.0001
20,2.020308833670379,2.206288365115862,0.0001
21,2.011027061074852,2.1823287972533816,0.0001
22,1.9958904005393663,2.2126257053386125,0.0001
23,1.9644452969762953,2.17429686274757,0.0001
24,1.9494303753737499,2.187063603389204,0.0001
25,1.910157329926546,2.167078278354569,0.0001
26,1.9101321458688298,2.188587541920821,0.0001
27,1.8820253394154698,2.2131133506465406,0.0001
28,1.8654518930200574,2.1745972280436914,0.0001
29,1.8460447753499831,2.2084656953946555,0.0001
30,1.8255942198098545,2.1564798419643547,0.0001
31,1.8076860046134922,2.2297226810856814,0.0001
32,1.7942114886212952,2.1994880556544887,0.0001
33,1.769312329010735,2.176406392102783,0.0001
34,1.7473797742784658,2.145198008498557,0.0001
35,1.730999913530306,2.107907166560561,0.0001
36,1.7250311510199616,2.1701538087675143,0.0001
37,1.7084737350050982,2.1490495296340644,0.0001
38,1.6955592486111408,2.2146835091136654,0.0001
39,1.6813776531502678,2.1305452112144474,0.0001
40,1.659545673716225,2.1249652774296015,0.0001
41,1.6494354875628208,2.1613569890321433,0.0001
42,1.6375208546697724,2.1571999757713667,0.0001
43,1.6182038123253604,2.1431385800615113,0.0001
44,1.6031380045325958,2.1422980871852664,0.0001
45,1.5919274487873818,2.130615023165096,0.0001
46,1.577857530095469,2.1191077341853903,0.0001
47,1.569806993564295,2.1276513035215747,0.0001
48,1.5515808116846255,2.1190228514024727,0.0001
49,1.5451248629703196,2.139930608316749,0.0001
50,1.5295456696775216,2.1006048841195395,0.0001
51,1.5072154672006306,2.152443560626637,0.0001
52,1.511316460299228,2.1390937475207186,0.0001
53,1.4925670726188502,2.0944312829920158,0.0001
54,1.4739323456952587,2.124648398208018,0.0001
55,1.4692809396094977,2.1225236616479797,0.0001
56,1.4572169047099706,2.0919975567494316,0.0001
57,1.4467786841914996,2.064423747720073,0.0001
58,1.4332219289362054,2.08235368216303,0.0001
59,1.4277915433742567,2.061481532028242,0.0001
60,1.4176030529290085,2.0602126147153923,0.0001
61,1.4067891555109358,2.0669730971169873,0.0001
62,1.4017547491239593,2.1106176608388196,0.0001
63,1.3863243621243961,2.104809513465688,0.0001
64,1.3818848508645867,2.088085313944297,0.0001
65,1.3642615529879918,2.0755973630287023,0.0001
66,1.363426341880636,2.0888700857095777,0.0001
67,1.3509394039236462,2.070325166080777,0.0001
68,1.3425849299776913,2.067778583164491,0.0001
69,1.3386788417166244,2.0415802339498272,0.0001
70,1.3287788370487668,2.0786663266775527,0.0001
71,1.3179998551858676,2.046178700150561,0.0001
72,1.3154761318390538,2.057962921923589,0.0001
73,1.3045647038760955,2.051965474024702,0.0001
74,1.3011052631105113,2.0549343892030536,0.0001
75,1.2919587204716558,2.0302618991384005,0.0001
76,1.285930226189039,2.046824074927987,0.0001
77,1.277122229676239,2.0648194753320435,0.0001
78,1.2744928417910377,2.054977823292933,0.0001
79,1.2708550635746814,2.0371682838511735,0.0001
80,1.2625360090620625,2.048271389675212,0.0001
81,1.2521107944156091,2.063899425968006,0.0001
82,1.2485308242861857,2.039851438157067,0.0001
83,1.240226328467185,2.006720805871843,0.0001
84,1.2382743877011309,2.0312725947378705,0.0001
85,1.2306388663773875,2.058819326081743,0.0001
86,1.2233687382863716,2.0185741381114086,0.0001
87,1.2229280234284674,2.0729537645727514,0.0001
88,1.2151709364834817,2.0219053374115816,0.0001
89,1.211673657756423,2.032893967052143,0.0001
90,1.20709894092503,1.991070243782953,0.0001
91,1.2044129561384729,2.0424120678729745,0.0001
92,1.1985422962520937,2.0263453525301154,0.0001
93,1.1914611378333435,2.0338221684984266,0.0001
94,1.1866423966359763,2.0339228000640004,0.0001
95,1.1840876640458189,2.0033127993095,0.0001
96,1.1771871689772309,2.020395028726336,0.0001
97,1.1786868323021886,2.0022061811447878,0.0001
98,1.1717738332152647,2.0100240301102112,0.0001
99,1.167363429536976,2.021831031399421,0.0001
100,1.1664194373513888,2.019711253817394,0.0001
End of training: 2022-11-26 18:41:28

Loss min training: 1.1664194373513888

Loss min val: 1.991070243782953

Best epoch: 90

Correlation: (0.4621030336667746, 0.0)




--> Fold: 2

Format of train data: frames: 127409 , pressures: 127409 

Format of validation data: frames: 39486 , pressures: 39486 

Option shuffle: True

Begin of training: 2022-11-26 18:41:33

Epoch,train_loss,val_loss,lr
1,8.4554797279161,1.7193620160847747,0.0001
2,2.7982323675104963,1.7408125791326032,0.0001
3,2.615620169953477,1.7769662640663904,0.0001
4,2.5658281640991722,1.8218612155127911,0.0001
5,2.48447676938657,1.9344375393271465,0.0001
6,2.4492568889504565,1.9250142983328045,0.0001
7,2.423344976927233,2.142812318958386,0.0001
8,2.3884738334668443,2.1755332693964045,0.0001
9,2.3634009473562916,2.0975670541594145,0.0001
10,2.339346210976166,2.1734043309217963,0.0001
11,2.281774660716104,2.1108139342270995,0.0001
12,2.2633321229979395,2.1999783174900918,0.0001
13,2.234955769372492,2.2124509976481748,0.0001
14,2.2215303934474977,2.1965789351124947,0.0001
15,2.205880614807363,2.2056942462607165,0.0001
16,2.1739411224572005,2.206604315469809,0.0001
17,2.1516131151275375,2.2028240157992367,0.0001
18,2.122004852985501,2.1615896952319504,0.0001
19,2.094907899969114,2.1998951800753628,0.0001
20,2.0810144471916727,2.1919755665798144,0.0001
21,2.0672445015762486,2.159744370148512,0.0001
22,2.0310022995290047,2.2341233075392655,0.0001
23,2.021155184746006,2.2418550361055964,0.0001
24,1.9923422286418568,2.11045080085526,0.0001
25,1.9826502747909924,2.3173638022924723,0.0001
26,1.9418269222715652,2.2125556873392442,0.0001
27,1.9340632436380443,2.2361483167854477,0.0001
28,1.9197441733473188,2.2707063723665923,0.0001
29,1.903307739311189,2.1956679196196633,0.0001
30,1.885782032067057,2.1633887409904244,0.0001
31,1.8555694967745735,2.274254933151317,0.0001
32,1.8423237075157002,2.3287367327128874,0.0001
33,1.8244955330175563,2.1797512204959957,0.0001
34,1.81259725175598,2.169297353973663,0.0001
35,1.7909047276375532,2.2108107887429984,0.0001
36,1.7761981105681688,2.1567884019060846,0.0001
37,1.7593019193107773,2.2723114318303748,0.0001
38,1.738333046041001,2.2478532820724157,0.0001
39,1.7395737610635074,2.2440703475402253,0.0001
40,1.7131249167215201,2.254969870881735,0.0001
41,1.7022317384494425,2.2924410360704672,0.0001
42,1.6874540733236982,2.263523677257288,0.0001
43,1.6675502750551685,2.242863264446387,0.0001
44,1.6528675251902527,2.1715845254298034,0.0001
45,1.6498467220544228,2.1717238949345448,0.0001
46,1.6272536605365673,2.169370163811175,0.0001
47,1.6162780985821061,2.1416647224472642,0.0001
48,1.5910650081369697,2.217000727425748,0.0001
49,1.5919739126528496,2.233343283009313,0.0001
50,1.5787955217545808,2.211757733854112,0.0001
51,1.5610490684332103,2.258455922150391,0.0001
52,1.556384955805903,2.2261815012174555,0.0001
53,1.5357707641915699,2.199573612246948,0.0001
54,1.5242388797272848,2.180215461568219,0.0001
55,1.51684519490826,2.331752721688393,0.0001
56,1.5054892073117627,2.387651662964689,0.0001
57,1.4924712355700933,2.3000199379834254,0.0001
58,1.487643964446366,2.360419593683125,0.0001
59,1.4780850256660494,2.3276640266679687,0.0001
60,1.468684127883015,2.2261338907552997,0.0001
61,1.4594621785460313,2.2965483981014985,0.0001
62,1.4492760755391347,2.3001891473430947,0.0001
63,1.4355679881600887,2.360110972431579,0.0001
64,1.4331234581016197,2.295610474307191,0.0001
65,1.4282972271570464,2.2300490074315187,0.0001
66,1.41395672807094,2.3654152296152557,0.0001
67,1.4081971205369286,2.1907044888412206,0.0001
68,1.3963194336038354,2.2735186463303703,0.0001
69,1.3931848744254587,2.2473612783141506,0.0001
70,1.3862329262129813,2.16449494477325,0.0001
71,1.3751303396341819,2.184719281386672,0.0001
72,1.3655081888848457,2.271675182802967,0.0001
73,1.354378751953409,2.307983773931969,0.0001
74,1.3526760510444933,2.2472524495857353,0.0001
75,1.3383421482425437,2.317190104243857,0.0001
76,1.339822856452074,2.30620606720994,0.0001
77,1.3335108736650103,2.2669914711972643,0.0001
78,1.3269211373328114,2.339151153428959,0.0001
79,1.3232683981991624,2.285019350675007,0.0001
80,1.314832776284562,2.3036877104366935,0.0001
81,1.308912657668936,2.2849950454810264,0.0001
82,1.300708970814799,2.3696579570883296,0.0001
83,1.2902364062496088,2.287108724919012,0.0001
84,1.2916589795049367,2.367939888703414,0.0001
85,1.2827498686226708,2.359164868270361,0.0001
86,1.2835930393867343,2.278011669481271,0.0001
87,1.2737187350142203,2.3425416306981273,0.0001
88,1.272279417385963,2.212280669135296,0.0001
89,1.261873128235278,2.302785267313279,0.0001
90,1.2611181900918156,2.2527882746092813,0.0001
91,1.2535350810146408,2.408841797424318,0.0001
92,1.2541635331107042,2.332156779163123,0.0001
93,1.2499409648294222,2.3696604659720006,0.0001
94,1.2413775831953802,2.3547987517678726,0.0001
95,1.2438812897752312,2.385540076889649,0.0001
96,1.2369087038045476,2.2876504797139185,0.0001
97,1.231813973523407,2.273464838893183,0.0001
98,1.2323753732239493,2.346459791483152,0.0001
99,1.2247532527035008,2.2824856574693686,0.0001
100,1.2222415614960274,2.290265502058034,0.0001
End of training: 2022-11-26 19:02:49

Loss min training: 1.2222415614960274

Loss min val: 1.7193620160847747

Best epoch: 1

Correlation: (0.4623645808088424, 0.0)




--> Fold: 3

Format of train data: frames: 125366 , pressures: 125366 

Format of validation data: frames: 41529 , pressures: 41529 

Option shuffle: True

Begin of training: 2022-11-26 19:02:53

Epoch,train_loss,val_loss,lr
1,8.255485028748787,1.6814825804705635,0.0001
2,2.78261222283351,1.5109140059912889,0.0001
3,2.6049812571558117,1.4782685944603968,0.0001
4,2.5291404578140444,1.4843989842752496,0.0001
5,2.4722313258886137,1.6741140509740229,0.0001
6,2.42048275284169,1.518156546092073,0.0001
7,2.402337935569422,1.5027489490169625,0.0001
8,2.374692700312502,1.4867107014075192,0.0001
9,2.3404661644175095,1.5266786603801425,0.0001
10,2.313198712582872,1.5348417788507873,0.0001
11,2.273742281024926,1.4619403203001213,0.0001
12,2.2624844661226127,1.6229843543563234,0.0001
13,2.2316738746961287,1.532711846489913,0.0001
14,2.2044103620511923,1.55450499245788,0.0001
15,2.1731547767432917,1.5941879313641232,0.0001
16,2.1584188804769022,1.6678502349799091,0.0001
17,2.133813978840913,1.4536505166902547,0.0001
18,2.1136381871496837,1.4750943384375141,0.0001
19,2.0848061889017777,1.4967077433748637,0.0001
20,2.062506971618199,1.5259279977026916,0.0001
21,2.0504275273267267,1.4447894311145852,0.0001
22,2.0208379002480688,1.514802261112358,0.0001
23,2.001538135294022,1.65096066569825,0.0001
24,1.9813631638558151,1.4942971306706712,0.0001
25,1.9617621773399878,1.5042443842147173,0.0001
26,1.9277350179500534,1.4639193831018515,0.0001
27,1.9128061952259727,1.6234029319692869,0.0001
28,1.8996839053765893,1.514498100663917,0.0001
29,1.8754916852825503,1.504215080410428,0.0001
30,1.8622445874053435,1.5017979122832323,0.0001
31,1.8453648176227926,1.5802937676897457,0.0001
32,1.8228148217272206,1.5081123152785918,0.0001
33,1.8076911876587425,1.458467925759444,0.0001
34,1.7842430830735918,1.5149467473784575,0.0001
35,1.7662199367913256,1.5661036744102006,0.0001
36,1.7578381501237934,1.5220718594685219,0.0001
37,1.728379961378662,1.5282231264758062,0.0001
38,1.7334102380595795,1.5258505447958766,0.0001
39,1.7207647941660345,1.5933285307070715,0.0001
40,1.6984873951758461,1.5248406829552446,0.0001
41,1.681429730473341,1.5774491573930713,0.0001
42,1.6600705096118518,1.5164620920862526,0.0001
43,1.6542198065052465,1.5393773508024824,0.0001
44,1.6327470400192559,1.5397174169258911,0.0001
45,1.6253903158914893,1.5821298392629803,0.0001
46,1.6061245388099439,1.5937497860438825,0.0001
47,1.5948771984832817,1.5577689505130918,0.0001
48,1.5888392622384933,1.5022055321946048,0.0001
49,1.5771438135420008,1.5245771912888435,0.0001
50,1.5629945466078825,1.652082214925781,0.0001
51,1.5526126282145476,1.4900544407383265,0.0001
52,1.5406978638610358,1.5584673089873606,0.0001
53,1.526821146498893,1.570052865985133,0.0001
54,1.51814913322555,1.5740907768886396,0.0001
55,1.5121329175397642,1.5430855050576453,0.0001
56,1.4949834790218843,1.6129126481424994,0.0001
57,1.4924129007793867,1.645471391899115,0.0001
58,1.4712275313925596,1.5327260493945127,0.0001
59,1.4610245365255377,1.614184484135858,0.0001
60,1.4563103560244477,1.6497702140237909,0.0001
61,1.4495218271040182,1.57958745538188,0.0001
62,1.432231836369329,1.638584876362463,0.0001
63,1.423942263644266,1.56119961185899,0.0001
64,1.4161589763016296,1.5151304960761804,0.0001
65,1.4115182770262185,1.5825513671013365,0.0001
66,1.3940723309490965,1.690439635982962,0.0001
67,1.3862922817885608,1.6860247317852908,0.0001
68,1.3843654731658717,1.5897110971812811,0.0001
69,1.3738926054197758,1.595063310572671,0.0001
70,1.3678886076240246,1.5822637248181048,0.0001
71,1.361443063566308,1.5651509151196032,0.0001
72,1.3525342145027819,1.5765255990966807,0.0001
73,1.3472333852560483,1.5888128589563624,0.0001
74,1.3394155973105029,1.5710702336392244,0.0001
75,1.3355525230521943,1.6359409562581917,0.0001
76,1.325395463579222,1.5558051404407836,0.0001
77,1.3160376245185914,1.6019545580369468,0.0001
78,1.3082472995365042,1.7122215464143906,0.0001
79,1.3041200456577728,1.570767022722958,0.0001
80,1.2964364023845563,1.6448194639260634,0.0001
81,1.2928857398379647,1.7459183382481045,0.0001
82,1.2804109800859012,1.5742643964509064,0.0001
83,1.2839887815050257,1.6629511249892392,0.0001
84,1.2742141428465112,1.6937282757174774,0.0001
85,1.2722877612466998,1.6476564634463156,0.0001
86,1.2652748841860393,1.607444998613975,0.0001
87,1.2648223201201167,1.6011904808152733,0.0001
88,1.2580725081377773,1.5840658333263138,0.0001
89,1.2517911903597603,1.6440521200213765,0.0001
90,1.2493996266817948,1.6214595864654957,0.0001
91,1.2403179015847487,1.664962392684746,0.0001
92,1.2380610526795726,1.690740486943388,0.0001
93,1.2323723639329809,1.6717642961981014,0.0001
94,1.2323752134858181,1.6170144384872784,0.0001
95,1.2285141195431704,1.6702908739634534,0.0001
96,1.2197504533154384,1.6666498145222615,0.0001
97,1.2165556633980028,1.6953332763084592,0.0001
98,1.2170914795295522,1.7573420576943735,0.0001
99,1.2130847133845488,1.6047559764045414,0.0001
100,1.2086186970972637,1.5929642438446492,0.0001
End of training: 2022-11-26 19:23:51

Loss min training: 1.2086186970972637

Loss min val: 1.4447894311145852

Best epoch: 21

Correlation: (0.599853958363594, 0.0)




--> Fold: 4

Format of train data: frames: 128030 , pressures: 128030 

Format of validation data: frames: 38865 , pressures: 38865 

Option shuffle: True

Begin of training: 2022-11-26 19:23:56

Epoch,train_loss,val_loss,lr
1,8.42422887859033,1.6685842569770308,0.0001
2,2.769819226928272,1.5395881715220219,0.0001
3,2.567261598650798,1.4509016650532505,0.0001
4,2.5143957515903668,1.4409279168748679,0.0001
5,2.4548341615120153,1.4259983003852634,0.0001
6,2.4233710517457228,1.4607338954380054,0.0001
7,2.3740310651403305,1.4711207734898957,0.0001
8,2.33774642825527,1.5969370217914058,0.0001
9,2.3195895764917673,1.4755988421962174,0.0001
10,2.2681767812624747,1.5764021347744743,0.0001
11,2.2387102111786463,1.5052346538610937,0.0001
12,2.2309662440358906,1.5511758298605822,0.0001
13,2.1888669947837465,1.5256538012091232,0.0001
14,2.1569421861522375,1.5257125744315996,0.0001
15,2.142872538578135,1.5609611338758107,0.0001
16,2.1195099734034675,1.5561217009568789,0.0001
17,2.085313551099861,1.537960803853826,0.0001
18,2.07711838784464,1.6454465799467852,0.0001
19,2.054857631602306,1.5545587250153623,0.0001
20,2.022985305481103,1.6527943067012048,0.0001
21,2.0032336477915647,1.5749458217841692,0.0001
22,1.9823855321314021,1.690636255979446,0.0001
23,1.9638949899108096,1.5701746115303554,0.0001
24,1.934992891857794,1.5622185524589964,0.0001
25,1.9171134170364479,1.5727416944706223,0.0001
26,1.8904909093836402,1.5474803102655974,0.0001
27,1.88412726584295,1.5851699144487812,0.0001
28,1.862355369597145,1.5500637462297708,0.0001
29,1.848166919713615,1.6167806603741985,0.0001
30,1.8267862797565575,1.6260791507080747,0.0001
31,1.8024550173623965,1.77475658000152,0.0001
32,1.7847378022017297,1.651135298527301,0.0001
33,1.7738770542019635,1.6545943769849774,0.0001
34,1.7469072827005687,1.6457823380101344,0.0001
35,1.7371955245321247,1.743470885274218,0.0001
36,1.7258001250102633,1.6522996984852583,0.0001
37,1.6997809028519342,1.6167731580503595,0.0001
38,1.687476777356276,1.6774669494160228,0.0001
39,1.6680042929419556,1.6008684597711036,0.0001
40,1.6511554974331983,1.7523744508871375,0.0001
41,1.637306298368249,1.6736752594543305,0.0001
42,1.6176196154342875,1.6832790202835606,0.0001
43,1.6151415957740105,1.7513669382232995,0.0001
44,1.5879183941033448,1.6918151366945309,0.0001
45,1.5836722929068192,1.7214986959418381,0.0001
46,1.563404153546607,1.7257765347780016,0.0001
47,1.5564052875662264,1.694190911266406,0.0001
48,1.5424212709903755,1.6711864166672006,0.0001
49,1.5346579644993432,1.695258494646074,0.0001
50,1.5193161748046475,1.66672906254489,0.0001
51,1.4999116615793588,1.845373079072213,0.0001
52,1.493228068680798,1.7230671896248055,0.0001
53,1.4846307674423005,1.795448106261243,0.0001
54,1.4732297654860673,1.779636300976605,0.0001
55,1.4611994037700426,1.9318569454863987,0.0001
56,1.4521906807880183,1.7581706712823508,0.0001
57,1.438421252499537,1.6973661414233165,0.0001
58,1.4277358877987525,1.736610133954952,0.0001
59,1.4175575364523358,1.7182650616833652,0.0001
60,1.4125049676037036,1.8499908351076166,0.0001
61,1.4001203100876651,1.7952314037898172,0.0001
62,1.3935261219542054,1.8750181738587706,0.0001
63,1.3837462617337382,1.7686410607049996,0.0001
64,1.3698588255298498,1.8429810745688797,0.0001
65,1.3624316605210238,1.8266417495320697,0.0001
66,1.353073079271502,1.922303732116603,0.0001
67,1.3459460040949978,1.8807457893216502,0.0001
68,1.330332847126832,1.7528215658246022,0.0001
69,1.3345682712567,1.855722295960358,0.0001
70,1.3290278169910097,1.7988873587632508,0.0001
71,1.3098851236302267,1.7851223740294895,0.0001
72,1.3079400521204414,1.7889498669438944,0.0001
73,1.2989542167558992,1.8810840970896607,0.0001
74,1.2952342402662214,1.7465795003231406,0.0001
75,1.2882305415209445,1.7735168618952217,0.0001
76,1.2765131435645314,1.8090091437488607,0.0001
77,1.274375306791806,1.745361717502138,0.0001
78,1.2674455972832552,1.9617470823444025,0.0001
79,1.2622870354543279,1.8982516729186036,0.0001
80,1.2535199420243364,1.7732331267781014,0.0001
81,1.2482379859288781,1.8572769909832572,0.0001
82,1.2449577908306246,1.7417496520120574,0.0001
83,1.2397632580869395,1.932535033503294,0.0001
84,1.2354819875186955,1.7928359987774702,0.0001
85,1.2254938103450068,1.8130229133506333,0.0001
86,1.2197345888243143,1.8215189501905815,0.0001
87,1.2189474211142863,1.855970821843159,0.0001
88,1.2137548060731145,1.8765664913779165,0.0001
89,1.2124608755409647,1.9357707412672613,0.0001
90,1.2050833924677207,2.0120576167649533,0.0001
91,1.2002085177263209,1.8461839438128866,0.0001
92,1.1994138900483016,1.9950836023339031,0.0001
93,1.1884130015798187,1.933957341566028,0.0001
94,1.1919032295448728,1.8548758879263674,0.0001
95,1.1828879873445144,1.9378963474385085,0.0001
96,1.181683381401002,1.971346391325489,0.0001
97,1.174471869437404,1.8771871350376852,0.0001
98,1.1751603362244256,1.807244641413088,0.0001
99,1.171636024827204,1.9449625800294825,0.0001
100,1.1660724518662793,1.7723419443882833,0.0001
End of training: 2022-11-26 19:45:06

Loss min training: 1.1660724518662793

Loss min val: 1.4259983003852634

Best epoch: 5

Correlation: (0.48052492709359207, 0.0)




--> Fold: 5

Format of train data: frames: 123819 , pressures: 123819 

Format of validation data: frames: 43076 , pressures: 43076 

Option shuffle: True

Begin of training: 2022-11-26 19:45:10

Epoch,train_loss,val_loss,lr
1,8.038788217518091,2.964362849973572,0.0001
2,2.6448780228942432,2.9212319508426003,0.0001
3,2.49306574667013,2.607267657819814,0.0001
4,2.419997116986562,2.793341917993409,0.0001
5,2.3630056605604084,2.662105603236454,0.0001
6,2.346406124987553,2.7581103652596686,0.0001
7,2.3028072815314036,2.595356554050323,0.0001
8,2.2769186978524267,2.502401261688751,0.0001
9,2.248567171954014,2.5046225643521045,0.0001
10,2.21181890831819,2.462034835579867,0.0001
11,2.1899712526152904,2.298625270750698,0.0001
12,2.1779586502406203,2.323112671560581,0.0001
13,2.137888823683601,2.349431534687538,0.0001
14,2.112908680856318,2.2597598743279317,0.0001
15,2.0900311414152535,2.279984483746325,0.0001
16,2.0639351751073436,2.3285333801416184,0.0001
17,2.0452084816345844,2.2659013782529205,0.0001
18,2.0141681935848643,2.237094565325211,0.0001
19,1.9950914704904306,2.206579432158497,0.0001
20,1.984439703497947,2.220373072700809,0.0001
21,1.959306536982902,2.2014689427894827,0.0001
22,1.923245196859707,2.1677700258450363,0.0001
23,1.9086775022582088,2.197360440697087,0.0001
24,1.8864756299272114,2.2089144671923027,0.0001
25,1.8521900904769857,2.204728069074285,0.0001
26,1.8398416848773396,2.1509177060786566,0.0001
27,1.8184188251451305,2.1736252132880343,0.0001
28,1.8068944833526646,2.1497235074327987,0.0001
29,1.7858366790147193,2.1750961060488123,0.0001
30,1.7738163203923116,2.162106534478082,0.0001
31,1.7504279596319046,2.2231901906771805,0.0001
32,1.7301578081857896,2.16668633796321,0.0001
33,1.712315952216856,2.151180865361903,0.0001
34,1.7007869977876877,2.166869357143873,0.0001
35,1.6918433542174334,2.13446563383211,0.0001
36,1.6628368647255531,2.1394796328177548,0.0001
37,1.6427533980364954,2.1616498382269302,0.0001
38,1.6400646834836028,2.1427243548699746,0.0001
39,1.6112813245299031,2.138317091815462,0.0001
40,1.6088552712751034,2.189444679859256,0.0001
41,1.5915895438590744,2.1391054791420747,0.0001
42,1.570838947195013,2.1685327389565936,0.0001
43,1.5617241659064223,2.100498559631249,0.0001
44,1.542799026961339,2.1525890125140403,0.0001
45,1.5361306429995307,2.189495597723434,0.0001
46,1.5165006932610434,2.125126693228602,0.0001
47,1.50330393015171,2.0895582753997157,0.0001
48,1.4993374764855256,2.1734576246977317,0.0001
49,1.4824109662875888,2.140251150972742,0.0001
50,1.4684071063808584,2.1458393510935068,0.0001
51,1.457941849202317,2.216688601383316,0.0001
52,1.4476339921969856,2.1422856460209623,0.0001
53,1.4235874016097645,2.161356912774842,0.0001
54,1.4195320109543166,2.0964717590905173,0.0001
55,1.4059326506077698,2.110870622129579,0.0001
56,1.3949272030024844,2.070414088852548,0.0001
57,1.3889041663555401,2.076397000918626,0.0001
58,1.3729707912366498,2.1140099786120277,0.0001
59,1.3627874600420258,2.163880543831564,0.0001
60,1.355777622977181,2.1153423767455584,0.0001
61,1.3427016184795755,2.0666338815497802,0.0001
62,1.3385024644055181,2.169967326798892,0.0001
63,1.3299236414410747,2.1354470449588083,0.0001
64,1.3199167536364822,2.146023075630853,0.0001
65,1.310149169499939,2.10031151145002,0.0001
66,1.2992827790110184,2.0512007828353895,0.0001
67,1.2940292194782799,2.0986753285390574,0.0001
68,1.2872651060520464,2.100914095800582,0.0001
69,1.2815892290033668,2.1186249790134974,0.0001
70,1.2633057804730154,2.093597186088828,0.0001
71,1.2586105380775245,2.141204037715249,0.0001
72,1.2571183573751121,2.0834923389507254,0.0001
73,1.2491605288704015,2.1301267339897882,0.0001
74,1.2379184225887412,2.227591445335539,0.0001
75,1.2321166906809005,2.1340234736367205,0.0001
76,1.2296131078196362,2.186849969300578,0.0001
77,1.2202202737211525,2.160089736153504,0.0001
78,1.2122547880994134,2.138552892945893,0.0001
79,1.2044806040809077,2.1388470705023317,0.0001
80,1.200899339823446,2.140977754761376,0.0001
81,1.1924320920735132,2.076928071794608,0.0001
82,1.1898571296544695,2.140446411975524,0.0001
83,1.1865821774422538,2.182710061809215,0.0001
84,1.1762422209321541,2.1042416095955034,0.0001
85,1.170357148876005,2.128038143932305,0.0001
86,1.1692542304602291,2.126778411305109,0.0001
87,1.163940287966709,2.1313236672540197,0.0001
88,1.1554866793051326,2.2030254060239756,0.0001
89,1.154680733819595,2.1961589643069437,0.0001
90,1.1468969562051197,2.0612005558460247,0.0001
91,1.1443580373955469,2.146028028190695,0.0001
92,1.1358787072494432,2.1958682729469743,0.0001
93,1.1354652025884873,2.1362893905095244,0.0001
94,1.127920038959917,2.1709128288253456,0.0001
95,1.1273457292149311,2.081232308522275,0.0001
96,1.1260037992977965,2.1238049275475035,0.0001
97,1.1190249191536163,2.2041827390891107,0.0001
98,1.1146788305454844,2.1846551580320153,0.0001
99,1.116333159525887,2.0829980618243695,0.0001
100,1.1075372872235028,2.2069656934365334,0.0001
End of training: 2022-11-26 20:06:03

Loss min training: 1.1075372872235028

Loss min val: 2.0512007828353895

Best epoch: 66

Correlation: (0.4351680049020293, 0.0)




--> Fold: 6

Format of train data: frames: 125831 , pressures: 125831 

Format of validation data: frames: 41064 , pressures: 41064 

Option shuffle: True

Begin of training: 2022-11-26 20:06:08

Epoch,train_loss,val_loss,lr
1,7.518563734097266,1.8441470537923266,0.0001
2,2.7359746974865002,1.556895231982316,0.0001
3,2.5770159630610663,1.9093968592585584,0.0001
4,2.504810655970905,1.761703092406745,0.0001
5,2.4588610762740974,1.7687583723751954,0.0001
6,2.419358796238385,1.931954687992871,0.0001
7,2.3747293696461975,1.8311937835837535,0.0001
8,2.3494608701244113,2.073642301717372,0.0001
9,2.326842201707144,1.7452991400781301,0.0001
10,2.309978010772284,1.9294373087429662,0.0001
11,2.264677989972768,1.931186582896762,0.0001
12,2.2451324742556067,1.8308647139226162,0.0001
13,2.21777880633375,1.8996253221234267,0.0001
14,2.1829658338030757,1.8389097220154969,0.0001
15,2.1590777868448874,1.839940697157938,0.0001
16,2.1426162770899086,1.604723877733083,0.0001
17,2.119318820487169,1.7270039231972738,0.0001
18,2.0881474579966777,1.7817364602485595,0.0001
19,2.0742116706056457,1.7441011904834098,0.0001
20,2.062541188448974,2.0919551338899582,0.0001
21,2.0316823259664027,1.9959481220925364,0.0001
22,2.019812819216525,2.1101567051737207,0.0001
23,1.9929923262007507,1.901448257109261,0.0001
24,1.983452332756296,1.6380000880836116,0.0001
25,1.9512175851223832,1.7377890814309833,0.0001
26,1.9351251783582122,1.8817698861246055,0.0001
27,1.9094568395837068,1.777562092090475,0.0001
28,1.9123884265369067,2.13453020639362,0.0001
29,1.872332580822971,1.6852111244628984,0.0001
30,1.861820788866589,1.9938179422442082,0.0001
31,1.8420497115955068,2.0383342511700815,0.0001
32,1.8242113478885884,1.7803889121689713,0.0001
33,1.813324245174322,1.865801324476026,0.0001
34,1.7826015142444782,1.9925357612652224,0.0001
35,1.7696923531794453,1.8254761695861816,0.0001
36,1.769851307489969,1.8677626981759383,0.0001
37,1.7401228550966283,1.9091501066426007,0.0001
38,1.7336736681096954,1.728136051068082,0.0001
39,1.7126669066104507,1.6988718515247856,0.0001
40,1.6973460735156702,1.7486765387460963,0.0001
41,1.6859544807453704,1.8463275348050958,0.0001
42,1.6755691880840877,1.7163740901623743,0.0001
43,1.658183475142806,1.854899931506713,0.0001
44,1.6465179022948415,1.7585196247487278,0.0001
45,1.6343162383938163,1.6725613076436503,0.0001
46,1.614593872908426,1.8209515894316288,0.0001
47,1.60280981060508,1.6751535439988268,0.0001
48,1.5934548271695117,2.074966166559632,0.0001
49,1.582793323700053,1.8541999082223448,0.0001
50,1.565620782663698,1.5944521272714296,0.0001
51,1.558503737765577,1.7053774723109274,0.0001
52,1.544847874896793,1.7558295995014443,0.0001
53,1.535752314692324,1.9212146912219346,0.0001
54,1.5224667735019872,1.7766179477125725,0.0001
55,1.5089277435693955,1.7266705138117115,0.0001
56,1.5006850841996906,1.7279473992321148,0.0001
57,1.4909870799934721,1.786414495574413,0.0001
58,1.4821122681244494,1.72626693664344,0.0001
59,1.472704590237078,1.753567220824238,0.0001
60,1.4652773125348195,1.8674881073691425,0.0001
61,1.4493572461761484,1.8389425616781776,0.0001
62,1.4457447117602067,1.8554509117337155,0.0001
63,1.4337411390730006,1.7539142225770117,0.0001
64,1.4356414662596162,1.7503900742544758,0.0001
65,1.4160077565028841,1.6585496066142866,0.0001
66,1.408639628053997,1.7372218201366196,0.0001
67,1.4032861892044217,1.7298598057248777,0.0001
68,1.3923757270110801,1.7679701266919523,0.0001
69,1.3838847293157703,1.805607618190335,0.0001
70,1.3781344175680748,1.7865894494780366,0.0001
71,1.366165715768501,1.7885617959483102,0.0001
72,1.3630702098359075,1.8568823249651725,0.0001
73,1.3517958517859239,1.6560494611770953,0.0001
74,1.3465922386731477,1.7996424040830603,0.0001
75,1.344412530008825,1.7092390860262703,0.0001
76,1.3388148014757426,1.7144758535156048,0.0001
77,1.336391889930843,1.67512981173543,0.0001
78,1.3236044837712073,1.678422611079763,0.0001
79,1.315104719030863,1.6146978083907246,0.0001
80,1.3112217207795316,1.7002294788624421,0.0001
81,1.305049990382898,1.7011076606506728,0.0001
82,1.2999038230852629,1.75413096396983,0.0001
83,1.289843149480184,1.884648927071395,0.0001
84,1.2941823420158076,1.6770289843016937,0.0001
85,1.2820503469446882,1.658670354209958,0.0001
86,1.2834589640787695,1.7209314144356729,0.0001
87,1.2759185780454276,1.8252495548401384,0.0001
88,1.271215755417991,1.6823114969334174,0.0001
89,1.266038110518836,1.6890411674221566,0.0001
90,1.2624763846193714,1.813474577234522,0.0001
91,1.2548367703000094,1.7010337961549162,0.0001
92,1.2586757136987943,1.8264608756157708,0.0001
93,1.248395899309953,1.680797757564547,0.0001
94,1.2425248990390974,1.533204641394185,0.0001
95,1.2410685785822988,1.7684656881621863,0.0001
96,1.23620818251046,1.8012059568174397,0.0001
97,1.2284343033303553,1.6530439482082662,0.0001
98,1.2305098466529611,1.5387272130623213,0.0001
99,1.2297298414361713,1.632502594422393,0.0001
100,1.220213554731997,1.531094602899386,0.0001
End of training: 2022-11-26 20:27:05

Loss min training: 1.220213554731997

Loss min val: 1.531094602899386

Best epoch: 100

Correlation: (0.5930446056209652, 0.0)




--> Fold: 7

Format of train data: frames: 121746 , pressures: 121746 

Format of validation data: frames: 45149 , pressures: 45149 

Option shuffle: True

Begin of training: 2022-11-26 20:27:10

Epoch,train_loss,val_loss,lr
1,8.617933460864485,1.6591013268924462,0.0001
2,2.7726470538272774,1.4902335058169738,0.0001
3,2.5975408768905712,1.4956850062050522,0.0001
4,2.524586313496169,1.508393427972321,0.0001
5,2.4747450033095153,1.5597325375358455,0.0001
6,2.448349621383936,1.552562240709453,0.0001
7,2.4067040852663926,1.6444029689967856,0.0001
8,2.3810284299366207,1.5988770152313792,0.0001
9,2.3403311789073986,1.6191942498397134,0.0001
10,2.3128026426372115,1.6205123939472759,0.0001
11,2.2769933122964483,1.7102489711417215,0.0001
12,2.2517747769264047,1.6134991858572618,0.0001
13,2.227779936933816,1.6262672876672213,0.0001
14,2.2111731820783853,1.6681572660533488,0.0001
15,2.1815528423384745,1.6867210707233267,0.0001
16,2.1596662651614604,1.7044167113823232,0.0001
17,2.1296013030644665,1.6692284951006926,0.0001
18,2.111987661931928,1.7037678846565918,0.0001
19,2.1002468846155367,1.6298543784612516,0.0001
20,2.0736910518291674,1.6637643909065685,0.0001
21,2.039116224420822,1.622691270314899,0.0001
22,2.024916269620855,1.697191816323746,0.0001
23,2.003072866549768,1.6707047970710174,0.0001
24,1.9838540629285586,1.648534277675767,0.0001
25,1.963803544591338,1.6654336003307308,0.0001
26,1.947330272520064,1.7229133079993468,0.0001
27,1.9258479717799148,1.6548148557781717,0.0001
28,1.9054155317810701,1.7195338528376327,0.0001
29,1.884368057806985,1.6480068206475549,0.0001
30,1.8789308842325971,1.7451069124534588,0.0001
31,1.8427835498936276,1.6189026086337648,0.0001
32,1.8319694739652514,1.7369861134859876,0.0001
33,1.8103577399280086,1.6646799802299608,0.0001
34,1.8021778104758541,1.6674096078798117,0.0001
35,1.780579976841413,1.6866043751315132,0.0001
36,1.7649715374641455,1.684732171363795,0.0001
37,1.750074736886694,1.6434389076511942,0.0001
38,1.7410185567385585,1.7825904132155512,0.0001
39,1.7194730751895095,1.7305406905183782,0.0001
40,1.7021191570249772,1.6898670630686417,0.0001
41,1.6820199974788808,1.6646508384736822,0.0001
42,1.6818191876377833,1.6939736518483033,0.0001
43,1.6528873738410186,1.664069149094897,0.0001
44,1.6444750709356895,1.6987767108331797,0.0001
45,1.6352560596213987,1.7300535761195006,0.0001
46,1.6211361046867325,1.7158469518117248,0.0001
47,1.5948531874169336,1.774998821080353,0.0001
48,1.5991215484267205,1.7516260302083437,0.0001
49,1.5800996714666193,1.733391046980829,0.0001
50,1.567929873901554,1.6699814791008627,0.0001
51,1.555636143977353,1.6889265872660701,0.0001
52,1.5479774672281685,1.7382369891214022,0.0001
53,1.5380553989109758,1.6969377869107394,0.0001
54,1.5158927534290547,1.739458459448441,0.0001
55,1.5049154026665428,1.7407015985147631,0.0001
56,1.4983611313495726,1.6718904489208692,0.0001
57,1.484251301412332,1.7260008380538154,0.0001
58,1.480927077241414,1.6923312915250992,0.0001
59,1.4703594086515763,1.708950150950031,0.0001
60,1.4632363192281914,1.7016434644411278,0.0001
61,1.4512834866923885,1.7332572275471319,0.0001
62,1.4354655897382536,1.7662368655038432,0.0001
63,1.4251591377624273,1.7463520204123977,0.0001
64,1.4182793667170228,1.7453667030252304,0.0001
65,1.4163060221095447,1.7301703880241368,0.0001
66,1.3949791912263065,1.6952143360545102,0.0001
67,1.3853752089763267,1.766395414281402,0.0001
68,1.3893033947056421,1.7446328709985164,0.0001
69,1.3711384697670774,1.7684743210903373,0.0001
70,1.3611726489283356,1.787401835341087,0.0001
71,1.3596514748312423,1.8060692985017328,0.0001
72,1.3508856243595915,1.7624385088009544,0.0001
73,1.3460809571110903,1.7774394517795185,0.0001
74,1.3353747757740415,1.7672802046957559,0.0001
75,1.3262512862624571,1.7517446163983916,0.0001
76,1.3237423301888724,1.8222751387641734,0.0001
77,1.319829247702557,1.7793587692478476,0.0001
78,1.3097864035725968,1.7666298474881912,0.0001
79,1.3018542854723214,1.7932284704915271,0.0001
80,1.2991972566052397,1.7878253071296888,0.0001
81,1.2896392253279352,1.7834656617657767,0.0001
82,1.2834116057580536,1.799506309196195,0.0001
83,1.2728353568919435,1.8840539177754316,0.0001
84,1.2732195528360428,1.776606949765214,0.0001
85,1.2757488510545731,1.7749878932805063,0.0001
86,1.2595486048864029,1.7804330435381972,0.0001
87,1.257023954488221,1.7797559729372086,0.0001
88,1.2502713675485098,1.765121254699909,0.0001
89,1.2506673132813375,1.7721557886397874,0.0001
90,1.2428884128317275,1.789795549481585,0.0001
91,1.2332933337970484,1.7841693446703213,0.0001
92,1.2321576394111713,1.7917532075581253,0.0001
93,1.225675092923871,1.7864120361477505,0.0001
94,1.221024259337635,1.7048783220456192,0.0001
95,1.2217339017984852,1.82155609831609,0.0001
96,1.2189814286921874,1.792097542404154,0.0001
97,1.2154763609622798,1.8142438355272466,0.0001
98,1.206817581582586,1.7382240987763473,0.0001
99,1.201415106941307,1.7822018773292407,0.0001
100,1.1992017486242577,1.760103545412489,0.0001
End of training: 2022-11-26 20:47:47

Loss min training: 1.1992017486242577

Loss min val: 1.4902335058169738

Best epoch: 2

Correlation: (0.5618115248639225, 0.0)




--> Fold: 8

Format of train data: frames: 132042 , pressures: 132042 

Format of validation data: frames: 46867 , pressures: 46867 

Option shuffle: True

Begin of training: 2022-11-26 20:47:53

Epoch,train_loss,val_loss,lr
1,8.223339165010538,1.7484391943718145,0.0001
2,2.766073289475625,1.6236439073566773,0.0001
3,2.5989018142953735,1.550853303317811,0.0001
4,2.5298152397662665,1.5464137650249348,0.0001
5,2.4472788688178477,1.5449236553077048,0.0001
6,2.4177935768016274,1.5415544833403805,0.0001
7,2.3849218665277823,1.537940024556346,0.0001
8,2.3414744217966614,1.5530618431956447,0.0001
9,2.3208002789173907,1.522130447993532,0.0001
10,2.2910539688112603,1.491674266485804,0.0001
11,2.238742027944694,1.510778210671677,0.0001
12,2.2442517980060392,1.567042659695261,0.0001
13,2.1907705400417328,1.511934460047547,0.0001
14,2.1832023198886876,1.5879631690886216,0.0001
15,2.136543682389268,1.590135617321992,0.0001
16,2.1085534715383067,1.5047873775926508,0.0001
17,2.1003443221813622,1.5992651657651502,0.0001
18,2.072294985253477,1.55814174082229,0.0001
19,2.0498488766038303,1.5585610797196314,0.0001
20,2.0116839507190893,1.6205211100203998,0.0001
21,2.0048048963759237,1.6134001116553514,0.0001
22,1.9807958877297356,1.5821202166378021,0.0001
23,1.958570071661101,1.5646264919407105,0.0001
24,1.935104419750258,1.537098351265487,0.0001
25,1.9160953840985009,1.5938144196310127,0.0001
26,1.8890161469665188,1.5887852109900145,0.0001
27,1.8753727954356414,1.596372199953359,0.0001
28,1.8496388557709433,1.605563705340945,0.0001
29,1.840019719653149,1.7030425562878828,0.0001
30,1.8176059775263569,1.6065178833291267,0.0001
31,1.8001035831124843,1.552599870996066,0.0001
32,1.7776254741120774,1.6370661497080479,0.0001
33,1.7623608392008747,1.6453250416983518,0.0001
34,1.7399415027510041,1.5933005102443774,0.0001
35,1.7154923140216305,1.6666919737523307,0.0001
36,1.7109860650820043,1.6839365860171907,0.0001
37,1.689788914592063,1.5886915905072156,0.0001
38,1.681036030077403,1.5730373115641496,0.0001
39,1.6668488652683648,1.67385183067032,0.0001
40,1.6538010346805714,1.6838055472296942,0.0001
41,1.623493005352191,1.5958919652044974,0.0001
42,1.6115510018410908,1.6583067274745797,0.0001
43,1.605321772058348,1.6648653141071135,0.0001
44,1.588921867139579,1.6054200948583188,0.0001
45,1.572896664494092,1.6186206853954157,0.0001
46,1.5599757692749268,1.7200123405920489,0.0001
47,1.5513206987711339,1.6629812053516249,0.0001
48,1.5296543729754688,1.6282636719597312,0.0001
49,1.522297333523364,1.6065093083564483,0.0001
50,1.5038472764579174,1.6536123222991839,0.0001
51,1.4926508400325775,1.5984476740037685,0.0001
52,1.4793085048265182,1.7416988718966753,0.0001
53,1.470553974885649,1.6246678353597217,0.0001
54,1.4654096389459275,1.611242213174324,0.0001
55,1.449164387015908,1.7198408690235925,0.0001
56,1.4393369683465187,1.5755819674122413,0.0001
57,1.429236961641426,1.6676420516653592,0.0001
58,1.4171763018808026,1.6585150836186435,0.0001
59,1.408753569170078,1.7008936552505205,0.0001
60,1.397450125150088,1.7319361943525275,0.0001
61,1.3884901278140398,1.5872128654717204,0.0001
62,1.3792362524894295,1.6273043069672213,0.0001
63,1.3717934943554924,1.6148938100206276,0.0001
64,1.3627358700038068,1.6965504295070468,0.0001
65,1.3543400561874002,1.6129542739232559,0.0001
66,1.346570921864,1.6140899079033235,0.0001
67,1.3397317475485764,1.6435233205388358,0.0001
68,1.3275098904898017,1.6646345272168392,0.0001
69,1.3156340086733305,1.615455039834509,0.0001
70,1.3150137775919812,1.670663325423929,0.0001
71,1.3035458235516693,1.7008549312496566,0.0001
72,1.295632697452146,1.7178507081541592,0.0001
73,1.2852240190700122,1.6682887692925292,0.0001
74,1.2819684052976172,1.7139949309240115,0.0001
75,1.2812703345306957,1.6164625598248503,0.0001
76,1.2741079842447882,1.6943484894061893,0.0001
77,1.2615058901843674,1.7079047250732928,0.0001
78,1.25473314609735,1.854269858631801,0.0001
79,1.2473622358058731,1.6380512205291329,0.0001
80,1.2439701938932135,1.6428878645535012,0.0001
81,1.239805224098134,1.7696839817394345,0.0001
82,1.2324228749380872,1.6581626566650798,0.0001
83,1.2263887526022215,1.682014009311414,0.0001
84,1.222687940957504,1.7140883807195681,0.0001
85,1.2163136605889902,1.625316086505143,0.0001
86,1.217075677687299,1.6920647454703852,0.0001
87,1.2090778260341088,1.6679845712585366,0.0001
88,1.2043152503643644,1.7366816355176016,0.0001
89,1.2010148761381527,1.6377094514843018,0.0001
90,1.1961409014303896,1.5995354239278858,0.0001
91,1.1949991373179731,1.7351258177859719,0.0001
92,1.1823247159123773,1.7013773397992689,0.0001
93,1.1820685859269706,1.6379983870060877,0.0001
94,1.1773418753924376,1.6899315113117521,0.0001
95,1.1765633361795147,1.8065660753607646,0.0001
96,1.176173147013009,1.6404953591205542,0.0001
97,1.1738556449847841,1.7005007454993226,0.0001
98,1.1652565361968794,1.7217676715609496,0.0001
99,1.1628391760572976,1.7944204542318265,0.0001
100,1.1591905162269476,1.670535278622488,0.0001
End of training: 2022-11-26 21:10:08

Loss min training: 1.1591905162269476

Loss min val: 1.491674266485804

Best epoch: 10

Correlation: (0.6114916642002394, 0.0)




--> Fold: 9

Format of train data: frames: 131669 , pressures: 131669 

Format of validation data: frames: 47240 , pressures: 47240 

Option shuffle: True

Begin of training: 2022-11-26 21:10:14

Epoch,train_loss,val_loss,lr
1,7.19767731409541,1.9202342969698991,0.0001
2,2.709078090522561,1.7588770622726622,0.0001
3,2.5552425699862193,1.780476381272002,0.0001
4,2.47589732386351,1.8071261050032923,0.0001
5,2.447566931462954,1.7649347958980628,0.0001
6,2.389829891170126,1.8113858942658492,0.0001
7,2.351680740575212,1.907119119308643,0.0001
8,2.3149370532408877,1.7386994731517085,0.0001
9,2.27465161559516,1.7534253455137014,0.0001
10,2.252575664340493,1.8176755636047246,0.0001
11,2.2241199208799407,1.7220739756975005,0.0001
12,2.204959173665123,1.8110274546636957,0.0001
13,2.175413371122922,1.7011663993872594,0.0001
14,2.162941004118897,1.7646572376690508,0.0001
15,2.12664700378512,1.7081126024519155,0.0001
16,2.10227577698478,1.682633332515752,0.0001
17,2.074247952052384,1.651801544806394,0.0001
18,2.06979826654299,1.7501450375517378,0.0001
19,2.023424746448448,1.6411425394289176,0.0001
20,2.008601120626472,1.6495308177537782,0.0001
21,1.9846010701312609,1.5605584573786104,0.0001
22,1.9689274659908729,1.593376861317091,0.0001
23,1.9463072676522788,1.5832785883058844,0.0001
24,1.9240157377983433,1.558064685086897,0.0001
25,1.9088489320429203,1.57595746878544,0.0001
26,1.8859015124515335,1.5552864993254478,0.0001
27,1.8719162586363305,1.4930910735085896,0.0001
28,1.8540088258764769,1.5583411912611236,0.0001
29,1.828636087913992,1.5187855541857493,0.0001
30,1.8129413484207912,1.5015244672502328,0.0001
31,1.79132540240704,1.4982728218547778,0.0001
32,1.7699663365632992,1.4608071206284214,0.0001
33,1.7523490828711028,1.466170362856911,0.0001
34,1.7433049657852207,1.4541930787751072,0.0001
35,1.7292233169794522,1.4563156756579523,0.0001
36,1.7085961082534316,1.4707700122321288,0.0001
37,1.6912415751851804,1.4473630671577873,0.0001
38,1.679686707478094,1.4232844579028034,0.0001
39,1.6553608994895022,1.4221515910692077,0.0001
40,1.6548453762075173,1.389924884851861,0.0001
41,1.640841104653298,1.4523991679862633,0.0001
42,1.6232911765555944,1.4152873549291787,0.0001
43,1.6132643743994688,1.3973271090937913,0.0001
44,1.597349113618913,1.434161897406146,0.0001
45,1.5848664292835124,1.4117052895350541,0.0001
46,1.5711409716304146,1.4483481564428926,0.0001
47,1.5568142472954805,1.3683409554387027,0.0001
48,1.5305066875733895,1.37582377739421,0.0001
49,1.523609179778618,1.3700149444681824,0.0001
50,1.5207955313999661,1.3556763789090538,0.0001
51,1.502518745960342,1.3594078375160643,0.0001
52,1.4913019324018248,1.3614120996371857,0.0001
53,1.4854898754899188,1.354280897765519,0.0001
54,1.4697210729108128,1.3490961515731876,0.0001
55,1.4682121042626946,1.3467872844117865,0.0001
56,1.4555377872311666,1.3652476065750347,0.0001
57,1.4398878663503298,1.4000215741156725,0.0001
58,1.4334669193375047,1.315848609595658,0.0001
59,1.4214777764365851,1.307306497486641,0.0001
60,1.4191201491079903,1.315742185739619,0.0001
61,1.4007043785075035,1.3374025302252257,0.0001
62,1.3972022312497179,1.3435623670411656,0.0001
63,1.3843780332581865,1.3204560512006536,0.0001
64,1.3750397838227006,1.3849288468235736,0.0001
65,1.370914969816998,1.3241075798477993,0.0001
66,1.357153755744509,1.3526978411379758,0.0001
67,1.350825383124681,1.333473328671952,0.0001
68,1.3495255460948747,1.3384091699456482,0.0001
69,1.3438494241223427,1.2923199721254806,0.0001
70,1.3352041158541863,1.2851677881066421,0.0001
71,1.326010668645955,1.3361664634756272,0.0001
72,1.3145066064163273,1.2928002595093975,0.0001
73,1.312808508136702,1.2861620086264953,0.0001
74,1.3030210100496016,1.294069625552078,0.0001
75,1.301027889252397,1.3066187626623078,0.0001
76,1.2906423752880756,1.2951304852609207,0.0001
77,1.2838052592988316,1.3117783721274587,0.0001
78,1.2808701815206909,1.279959942908937,0.0001
79,1.2765354468794612,1.2948347492403747,0.0001
80,1.270869922639388,1.3173538377585803,0.0001
81,1.2652435498041,1.2710530756087146,0.0001
82,1.2598290409948845,1.3193141734872602,0.0001
83,1.2548436538060732,1.2669412346839097,0.0001
84,1.2499572619835295,1.2910945409642347,0.0001
85,1.2410923918767909,1.3009207944765018,0.0001
86,1.2438900262217656,1.2842704912245424,0.0001
87,1.2341894784655365,1.2995876576615832,0.0001
88,1.2362149949120653,1.3013108213708928,0.0001
89,1.227110021308678,1.2697034196365091,0.0001
90,1.2198656355361683,1.2608991699537717,0.0001
91,1.2183623787476199,1.2826162703253272,0.0001
92,1.212875520520554,1.3196459187379235,0.0001
93,1.2106048720166653,1.2568449951247782,0.0001
94,1.2064065339123111,1.2610915749583782,0.0001
95,1.2034409146107943,1.2935175318116359,0.0001
96,1.1967651040498872,1.274726237895426,0.0001
97,1.1982777610960216,1.236541505691664,0.0001
98,1.1943494365394365,1.2800537494357414,0.0001
99,1.1868260621522961,1.2481329836449715,0.0001
100,1.1896261625693387,1.2497675077880872,0.0001
End of training: 2022-11-26 21:32:33

Loss min training: 1.1868260621522961

Loss min val: 1.236541505691664

Best epoch: 97

Correlation: (0.5435878153144986, 0.0)


