
Dispositivo usado pelo Pytorch: cuda

Features usadas: Felipe

*****************************************

-----> GRID 0:   hyperparameters
0             100
1            adam
2              32
3             0.5
4          0.0001
5             0.2

 LSTM =True


 option_overlap=True , option_causal=False ,option_dropout_lstm=0.2



--> Fold: 0

Format of train data: frames: 118655 , pressures: 118655 

Format of validation data: frames: 48176 , pressures: 48176 

Option shuffle: True

Begin of training: 2022-08-07 01:59:51

Epoch,train_loss,val_loss,lr
1,8.371189645993303,1.5815339102494839,0.0001
2,2.5732395862830755,1.7325119591361064,0.0001
3,2.413918946018503,1.592273220078409,0.0001
4,2.359026158547704,1.6717833446846655,0.0001
5,2.291466761953505,1.6489402492431975,0.0001
6,2.2469378382722303,1.7655725616903568,0.0001
7,2.197376456386667,1.6526175523390212,0.0001
8,2.177014792247295,1.6342952403860684,0.0001
9,2.1187372412815604,1.5961406887745548,0.0001
10,2.0868561459714887,1.6567130659316236,0.0001
11,2.0254422381023587,1.9044128808021863,0.0001
12,2.0101489564992803,1.6898907591678185,0.0001
13,1.9702627659265957,1.8643064654495027,0.0001
14,1.9289123169757247,1.525148907934301,0.0001
15,1.8917268806339531,1.5959129106638164,0.0001
16,1.8679781600088854,1.487575438124759,0.0001
17,1.8442376500792341,1.5558545013196206,0.0001
18,1.800157530721393,1.731433108295566,0.0001
19,1.78274211716669,1.5027207246811751,0.0001
20,1.7472453403681871,1.5725257596237958,0.0001
21,1.7191780227188376,1.5548303751643018,0.0001
22,1.7051288229501593,1.586324603959042,0.0001
23,1.6678576621729577,1.3703885489387475,0.0001
24,1.6386926542777769,1.4480155482517054,0.0001
25,1.6042233071834167,1.5783942700105424,0.0001
26,1.5884319986637392,1.6016335066312652,0.0001
27,1.558654191954027,1.7239095271326546,0.0001
28,1.5398875368324123,1.7290584471327883,0.0001
29,1.5023511344777374,1.5345284152925707,0.0001
30,1.4894840086924532,1.63040551134456,0.0001
31,1.464153872646015,1.5921729682727892,0.0001
32,1.4450248927846228,1.6006816563832724,0.0001
33,1.422628393750301,1.81401185195971,0.0001
34,1.397313690959144,1.7852867694441086,0.0001
35,1.3758073439178533,1.6883610280317867,0.0001
36,1.3565023801605147,1.9936914257494882,0.0001
37,1.329567681326988,1.7019531926377118,0.0001
38,1.3094327152194811,2.0158536896995436,0.0001
39,1.2867583374012426,1.5537124165107705,0.0001
40,1.2565975467091057,1.7168544550268248,0.0001
41,1.2516949120044487,1.9151254142490743,0.0001
42,1.2242011598849296,1.5671686088274737,0.0001
43,1.2019969185174961,1.984286041126739,0.0001
44,1.1804051041869326,1.7703114605076644,0.0001
45,1.1623975797165893,1.660985503193549,0.0001
46,1.1427331177384887,1.9895354990783383,0.0001
47,1.1154680578623553,1.5906757400187097,0.0001
48,1.1080803457014148,1.6028445561594917,0.0001
49,1.0890741728665347,1.8471278411650809,0.0001
50,1.0670567063368817,1.6012326518549391,0.0001
51,1.0527237965923903,1.4836277923327432,0.0001
52,1.0369918020268587,1.7445668906161493,0.0001
53,1.0144483252670966,1.7146693083266806,0.0001
54,1.0020976117315217,1.635461815604733,0.0001
55,0.9820750000674657,1.684286313490866,0.0001
56,0.9754488774524628,1.8745074837123068,0.0001
57,0.9573787568502734,1.7439198159411358,0.0001
58,0.94003818675654,1.768299468448098,0.0001
59,0.9193701977324111,1.9968603769832574,0.0001
60,0.9087332341871021,1.8003734860139922,0.0001
61,0.8937919111881961,1.810597493299334,0.0001
62,0.8839727242402555,1.5356937166227926,0.0001
63,0.863463205021495,1.722439130134101,0.0001
64,0.8470713288628001,1.7795621303972,0.0001
65,0.8344416158257882,1.8241904434354865,0.0001
66,0.8215309943779496,1.8391537468760404,0.0001
67,0.8083901319897213,1.8472951095550014,0.0001
68,0.7933243292632153,2.212001637341928,0.0001
69,0.7873254599731373,1.8286274352448995,0.0001
70,0.767210746020434,1.7421899405241568,0.0001
71,0.7603596555328185,1.8701615505383204,0.0001
72,0.7458475826206644,1.7050521321290357,0.0001
73,0.733804418445814,1.6137413556137896,0.0001
74,0.7250142314100401,1.898138624732576,0.0001
75,0.7104130139368372,1.6384254266597313,0.0001
76,0.6995471358465026,1.7835607359631835,0.0001
77,0.6872283012178473,1.7304454013502348,0.0001
78,0.6776585430217037,1.696924041886141,0.0001
79,0.6689516064219607,1.7916980028073284,0.0001
80,0.6563293688432199,1.7893765465202065,0.0001
81,0.6455767331560986,1.8966812684424332,0.0001
82,0.6400666385508534,1.8334698697254532,0.0001
83,0.6303643027678497,1.722770707704664,0.0001
84,0.6203095626740132,1.7754303684507007,0.0001
85,0.6124500087126232,1.7863764253338879,0.0001
86,0.5985594935131547,1.7711992895670485,0.0001
87,0.5867359868376802,1.760715936988899,0.0001
88,0.5874451572984164,1.5798987642905515,0.0001
89,0.5708351753433266,1.8692921139163774,0.0001
90,0.5672436835139828,1.9797133970244785,0.0001
91,0.5610120996166624,1.6676058166251155,0.0001
92,0.5511370227845348,1.8612913776972253,0.0001
93,0.5419216826227199,1.7614597060362867,0.0001
94,0.5365660700324935,1.7489376999697626,0.0001
95,0.5325937768289872,1.919578754715807,0.0001
96,0.52579318874831,1.9007183387009499,0.0001
97,0.5173513545961257,1.7457384200873702,0.0001
98,0.5109711482774935,1.9068046554066898,0.0001
99,0.5060388256674555,1.7943561413643645,0.0001
100,0.49479178453405004,1.8947007342534619,0.0001
End of training: 2022-08-07 02:36:40

Loss min training: 0.49479178453405004

Loss min val: 1.3703885489387475

Best epoch: 23

Correlação: (0.5953344339278156, 0.0)




--> Fold: 1

Format of train data: frames: 122682 , pressures: 122682 

Format of validation data: frames: 44149 , pressures: 44149 

Option shuffle: True

Begin of training: 2022-08-07 02:36:46

Epoch,train_loss,val_loss,lr
1,8.16510590636554,2.280796245771609,0.0001
2,2.5982643114191397,2.174478336364384,0.0001
3,2.4250119012727636,2.2083956048848763,0.0001
4,2.349214654737537,2.502753645043273,0.0001
5,2.296573959230858,2.329353116674276,0.0001
6,2.2419803935177347,2.018896817685783,0.0001
7,2.1985979805316678,2.0909955195520453,0.0001
8,2.164566527992393,1.8766684170506323,0.0001
9,2.104983609278612,1.954787234090409,0.0001
10,2.096206568996887,1.8730137578714565,0.0001
11,2.037025411787689,2.0065516913101065,0.0001
12,2.003175520014225,2.1441904384041295,0.0001
13,1.9619099136956761,2.1465006842829557,0.0001
14,1.9429556653181703,1.9579342153810095,0.0001
15,1.9016830748347708,2.0548461432872687,0.0001
16,1.8616414904969496,1.8474572872466961,0.0001
17,1.8295733178299909,1.8383169415804501,0.0001
18,1.8079231280622565,1.8552422046434565,0.0001
19,1.774078125787787,1.926957933453812,0.0001
20,1.742756578211031,1.96622338245354,0.0001
21,1.721147784309756,1.960321455034881,0.0001
22,1.6770273219077472,2.027644221759841,0.0001
23,1.6762573881880471,2.031251498698573,0.0001
24,1.6345199921357305,1.885899840542008,0.0001
25,1.614756554295682,1.9403539857480094,0.0001
26,1.5881064004177152,2.0203406800526897,0.0001
27,1.5614570122341467,1.874130740635862,0.0001
28,1.5342277533847775,1.9470509115589925,0.0001
29,1.5057554462829343,1.8789936146754183,0.0001
30,1.4830529303521258,2.1641891247343374,0.0001
31,1.4559287021570608,1.99715938257381,0.0001
32,1.426166310440726,1.8910523783043018,0.0001
33,1.405528470223041,1.9941180646264267,0.0001
34,1.390184022370457,1.9330729676733773,0.0001
35,1.364324731858343,1.9066613513688009,0.0001
36,1.346813984424538,1.8494105604745872,0.0001
37,1.3199545499080996,1.928014570074866,0.0001
38,1.2988774574404816,1.832908013276912,0.0001
39,1.277983878131126,1.8422717270234095,0.0001
40,1.2498474629794678,1.9908262771934655,0.0001
41,1.2398342809164302,1.920417326766126,0.0001
42,1.2190839865488259,1.8972627844701724,0.0001
43,1.1998334458161493,1.8403278162974663,0.0001
44,1.1837840539444664,1.8558765968927244,0.0001
45,1.1597083002720951,1.9647053900454958,0.0001
46,1.1383781370334076,1.7288069396994388,0.0001
47,1.1242588701430225,1.8896672583824674,0.0001
48,1.0991276297475059,1.876582113062205,0.0001
49,1.0915050780045754,1.763361251670946,0.0001
50,1.0725453489148304,1.7955501924303856,0.0001
51,1.0485066913199594,1.7842496113506172,0.0001
52,1.0300429339621948,1.8962844581052523,0.0001
53,1.0112963886070223,1.7749172213631133,0.0001
54,0.9954560514745296,1.7707988902605463,0.0001
55,0.9809824079326145,1.8980866367083724,0.0001
56,0.9660704412186076,1.8664373624483839,0.0001
57,0.9547167224668783,1.791318716034916,0.0001
58,0.9311292044264172,1.8443802891453924,0.0001
59,0.9161940479249024,1.7595185480338347,0.0001
60,0.8972716002631737,1.8835962196555223,0.0001
61,0.8851737981243628,1.832920818661625,0.0001
62,0.8749225868825231,1.7900328746011873,0.0001
63,0.8596698048480483,1.8678006691372018,0.0001
64,0.8403452097115143,1.9402156017485954,0.0001
65,0.8303988305833749,1.8655347349354845,0.0001
66,0.8115407710721283,1.894892392275911,0.0001
67,0.8019799781835604,1.8688572984327263,0.0001
68,0.7882579270387053,1.85738359066759,0.0001
69,0.7743820291928893,1.9239868051687312,0.0001
70,0.7640043779420805,1.9107368761595223,0.0001
71,0.752480934169994,1.9062064030547976,0.0001
72,0.7434040726259222,1.9613052649110134,0.0001
73,0.7236791271765852,1.9032239908918136,0.0001
74,0.7179523595653393,1.9765882392213574,0.0001
75,0.7012733835805622,1.9293560348941385,0.0001
76,0.6918067183497444,1.9511116564472295,0.0001
77,0.6808197703718084,2.0036799246658568,0.0001
78,0.6710047214084973,1.9255365019365842,0.0001
79,0.6601265532210059,1.9134235479690802,0.0001
80,0.6473657073968158,1.982768535773323,0.0001
81,0.6407078843809694,2.0982556988470455,0.0001
82,0.6236890228196618,2.1306124754072346,0.0001
83,0.6183223165175117,2.1308467190663496,0.0001
84,0.6095100536657533,2.0426797876136837,0.0001
85,0.5999011997683654,2.087748584718909,0.0001
86,0.5950922056172879,2.1092306580364553,0.0001
87,0.5873770981852635,1.9589246502143804,0.0001
88,0.5755889164908032,2.115084872083455,0.0001
89,0.5688297801338342,2.051658679735388,0.0001
90,0.5593682013992436,1.9756821311908863,0.0001
91,0.5526265366580255,1.9837559182532265,0.0001
92,0.5466542386534092,1.9920293217663987,0.0001
93,0.5391847077726208,1.9445828216586605,0.0001
94,0.5308068473581887,1.9970751815280838,0.0001
95,0.5203968033572773,1.9616901972287968,0.0001
96,0.5173110680482503,1.9669712941782502,0.0001
97,0.5167477993447547,2.010325212894894,0.0001
98,0.5031898429464274,1.9718249148400568,0.0001
99,0.497066435753309,2.092483826302092,0.0001
100,0.4880793430938095,2.0185267864940912,0.0001
End of training: 2022-08-07 03:14:19

Loss min training: 0.4880793430938095

Loss min val: 1.7288069396994388

Best epoch: 46

Correlação: (0.5233981309347875, 0.0)




--> Fold: 2

Format of train data: frames: 127377 , pressures: 127377 

Format of validation data: frames: 39454 , pressures: 39454 

Option shuffle: True

Begin of training: 2022-08-07 03:14:24

Epoch,train_loss,val_loss,lr
1,7.967880031158604,1.8203557612427395,0.0001
2,2.644866138600041,1.8272016248694785,0.0001
3,2.479136217810039,2.1589435486663717,0.0001
4,2.393132853826381,2.3819136969696437,0.0001
5,2.330710998484754,2.3979115878453383,0.0001
6,2.2718893846460047,2.0504920688156254,0.0001
7,2.213178686524869,2.97927634343909,0.0001
8,2.1825781653895415,2.6088751678430055,0.0001
9,2.126465780288396,2.793031815315771,0.0001
10,2.0894717352508416,2.5930937440564437,0.0001
11,2.0558683603902095,2.5793354862235565,0.0001
12,2.032533284102212,2.440749123128252,0.0001
13,1.993420722960445,2.772171867052698,0.0001
14,1.9481223455693129,2.5779869784367104,0.0001
15,1.9199530155993747,2.539544875558828,0.0001
16,1.8893430125300907,2.66440280793786,0.0001
17,1.8604791407202295,2.4413825750846474,0.0001
18,1.82697481211638,2.5660983980738363,0.0001
19,1.8061749446051119,2.504310008739503,0.0001
20,1.764030348215129,2.7046498548073856,0.0001
21,1.738792305222827,2.6297967052135816,0.0001
22,1.6974197112551022,2.3519984356031323,0.0001
23,1.6846399593985175,2.7350776897596143,0.0001
24,1.6474723761917827,2.23990135176676,0.0001
25,1.617959380679548,2.5473098451889262,0.0001
26,1.5937788979557221,2.3099212527559105,0.0001
27,1.561800088479607,2.7045333285758844,0.0001
28,1.5303219113464503,2.719381215430106,0.0001
29,1.51932595420262,2.7491158600929646,0.0001
30,1.4890924329052113,2.7359421941738153,0.0001
31,1.4617250146310832,2.9901718116540192,0.0001
32,1.4450693631674372,2.431925973902122,0.0001
33,1.4193615371255899,2.453452181947837,0.0001
34,1.4047883608252179,2.592562511434133,0.0001
35,1.3771276209655696,2.5088252887388873,0.0001
36,1.3504395961005284,2.586229027063901,0.0001
37,1.3312620407823157,2.8165610346240837,0.0001
38,1.3049391159698558,2.4932536552395552,0.0001
39,1.2876257197790661,2.6851767759675544,0.0001
40,1.2621644371644885,2.432926041093595,0.0001
41,1.2450424822949993,2.5328315749100474,0.0001
42,1.229240091664486,2.468927092176797,0.0001
43,1.2065202302254117,2.092069855486621,0.0001
44,1.1822729950536957,2.293239396602352,0.0001
45,1.169437038571566,2.798059029242449,0.0001
46,1.1472520412885845,2.2938170977876875,0.0001
47,1.1244526956025183,2.538577919555773,0.0001
48,1.1090441054937425,2.409750985961464,0.0001
49,1.0930253947933317,2.8296665321670518,0.0001
50,1.0786638830735638,2.7985985826695448,0.0001
51,1.0620489112491003,2.3588725203175067,0.0001
52,1.0346120490346289,2.4439592719918033,0.0001
53,1.0220170535275113,2.5605751586442618,0.0001
54,1.0014983713736827,2.459027055865663,0.0001
55,0.991659730499465,2.5779702569876752,0.0001
56,0.973212997746138,2.4536886663173902,0.0001
57,0.9572676837037667,2.517992664786657,0.0001
58,0.9367917907107265,2.4264149064921496,0.0001
59,0.9206479010374243,2.5277608852340063,0.0001
60,0.9063707358529579,2.4294902000387606,0.0001
61,0.8908232580511393,2.245909339864225,0.0001
62,0.8775676144091992,2.5389857034141294,0.0001
63,0.8620539611244488,2.4699186480352906,0.0001
64,0.8492451827810431,2.305593044908796,0.0001
65,0.838986445458933,2.569334568844169,0.0001
66,0.8208513632675847,2.326055311030271,0.0001
67,0.8095751525586414,2.465396531180409,0.0001
68,0.794826132243044,2.3688626158235646,0.0001
69,0.7852077216680419,2.31673645134444,0.0001
70,0.7728816489126392,2.542342724461463,0.0001
71,0.7619068163709574,2.242919957975588,0.0001
72,0.748323133431803,2.0577334272231202,0.0001
73,0.7347858896900462,2.0813254332248734,0.0001
74,0.7265596742343701,2.2182223546908038,0.0001
75,0.7114428218158414,2.350872145196069,0.0001
76,0.6965902042729857,2.3733683684886593,0.0001
77,0.6929409538770135,2.1635524132275066,0.0001
78,0.6780871018588721,2.4860880581335647,0.0001
79,0.6750313962205085,2.3022156514368266,0.0001
80,0.6610836164552378,2.27463747447446,0.0001
81,0.6496908436529375,2.0181121770818446,0.0001
82,0.6389160642246593,2.0911659018499185,0.0001
83,0.6297009176397832,2.0863164587717504,0.0001
84,0.6265503335155563,1.9588125036305082,0.0001
85,0.6137262302921093,2.2832701448408743,0.0001
86,0.6086757318459014,2.165064486970455,0.0001
87,0.5973725581389622,2.2074579045916014,0.0001
88,0.5901226195178587,2.1363671445965,0.0001
89,0.5781591600172794,2.1756386093743556,0.0001
90,0.5729800871556258,2.0991971141611465,0.0001
91,0.5708183536702061,2.0528541999997603,0.0001
92,0.5588203439374523,1.8520281454442016,0.0001
93,0.5535251118365984,1.9144880848261578,0.0001
94,0.5439165618169122,2.1475790835081936,0.0001
95,0.5427505623637575,2.1257022683242286,0.0001
96,0.5295808157968932,2.267730417021713,0.0001
97,0.5203572665199026,2.21426424299969,0.0001
98,0.5223719239968653,2.093683500584088,0.0001
99,0.5172601195759775,2.170575203405848,0.0001
100,0.5077647790533283,1.841619660380935,0.0001
End of training: 2022-08-07 03:52:45

Loss min training: 0.5077647790533283

Loss min val: 1.8203557612427395

Best epoch: 1

Correlação: (0.5528986370754656, 0.0)




--> Fold: 3

Format of train data: frames: 125334 , pressures: 125334 

Format of validation data: frames: 41497 , pressures: 41497 

Option shuffle: True

Begin of training: 2022-08-07 03:52:51

Epoch,train_loss,val_loss,lr
1,7.871736694257686,1.5736459700559156,0.0001
2,2.621584153954142,1.7097913664697317,0.0001
3,2.4639819168927697,1.4271164867284283,0.0001
4,2.3806871732273844,1.5120129938610756,0.0001
5,2.334130053395262,1.6061405518613592,0.0001
6,2.2719773055169172,1.4375409470278548,0.0001
7,2.2208568146068735,1.396313842306379,0.0001
8,2.1738234376040677,1.6934080500917228,0.0001
9,2.1378198691138204,1.7839239765673478,0.0001
10,2.101116339856426,1.7018039423054803,0.0001
11,2.076152654909853,1.986809410968338,0.0001
12,2.0296901014709583,1.7584461056502707,0.0001
13,1.9932476863699466,1.3813275623589272,0.0001
14,1.9713131946295912,1.5580719362199342,0.0001
15,1.9173784939807947,1.7408428912760652,0.0001
16,1.8783196344457331,1.4972424965742241,0.0001
17,1.8410986025603109,1.6271520750658839,0.0001
18,1.819170851342756,1.7484411345271198,0.0001
19,1.7879794836405742,2.059234973490719,0.0001
20,1.7740018260289316,1.6292051852207619,0.0001
21,1.7300451190044743,1.59824283124108,0.0001
22,1.6982597008791929,1.5549792412875931,0.0001
23,1.6693913161784093,1.7565731579853454,0.0001
24,1.6509368716933313,1.7754593318372294,0.0001
25,1.6201236818296616,2.052472898758276,0.0001
26,1.5810379976459035,1.7299377000897518,0.0001
27,1.5735275510062545,1.7696637245713422,0.0001
28,1.5432345274810442,1.6171937742517561,0.0001
29,1.5174804549935748,1.7001403116371487,0.0001
30,1.4813382372045851,1.804710403041305,0.0001
31,1.4662581738455198,1.9416817004362854,0.0001
32,1.4433488683210005,1.7361387123236425,0.0001
33,1.414692675287233,1.8643955945692847,0.0001
34,1.3953541976730968,1.9607966197503113,0.0001
35,1.372279789254248,1.7449489365681874,0.0001
36,1.3450094730307285,1.738720114717691,0.0001
37,1.3188198566919944,1.9050943220391672,0.0001
38,1.3036535679471306,1.8529431980931765,0.0001
39,1.2817065084960417,1.963871330845128,0.0001
40,1.2610704703928077,2.0655309051066264,0.0001
41,1.2392841135814283,2.144195567694854,0.0001
42,1.213015024629337,1.736731341586853,0.0001
43,1.1976779075287274,2.018089426888998,0.0001
44,1.1782489206357702,2.2782020663589986,0.0001
45,1.1591395704781287,1.9567396382577453,0.0001
46,1.1407623071265882,2.0772153750888975,0.0001
47,1.1219104620477764,2.086090865380983,0.0001
48,1.098294299101992,2.2558586032953016,0.0001
49,1.0781423915875774,1.9587195041992809,0.0001
50,1.0680760863920458,2.0336320674726496,0.0001
51,1.0384904417704852,2.314990608181457,0.0001
52,1.0272028984709929,2.2042525961683075,0.0001
53,1.010075907615373,2.0736045481170615,0.0001
54,0.9905364909886473,2.1546800849460523,0.0001
55,0.9705096029987235,2.437696080709172,0.0001
56,0.9595335628834673,2.218262592470755,0.0001
57,0.9441294834194427,2.1549210742711704,0.0001
58,0.9336209148974649,2.0684133271646807,0.0001
59,0.9114575130325775,2.115613341443518,0.0001
60,0.8932869868320582,2.2708152568457796,0.0001
61,0.8797116154813416,2.677347179866456,0.0001
62,0.8731648560992599,2.1142194029434385,0.0001
63,0.8481135797174942,2.2692995778215326,0.0001
64,0.8415396799790784,2.3662669817005253,0.0001
65,0.8251978432287376,2.487771066662248,0.0001
66,0.8099602010005194,2.396276085423335,0.0001
67,0.7976583640398917,2.183124002469351,0.0001
68,0.790447042296616,2.1718696148294363,0.0001
69,0.7776568252908639,2.1508734054840293,0.0001
70,0.7590644594984501,2.2956467506514775,0.0001
71,0.7511784598455545,2.144904122006839,0.0001
72,0.7417606022767422,2.3068363980695157,0.0001
73,0.728686162582057,2.11200503466787,0.0001
74,0.7116692535995206,2.2773460176912224,0.0001
75,0.7024028275482335,2.084038082130226,0.0001
76,0.693734034730162,2.4134076330596677,0.0001
77,0.6813435907926354,2.1210319272069427,0.0001
78,0.6703774050342511,2.23736351475209,0.0001
79,0.6597289455899147,2.3514558286883127,0.0001
80,0.6534044319158889,2.235236984165438,0.0001
81,0.6433430467310557,2.116069862531559,0.0001
82,0.6328991981178671,2.1670344764676055,0.0001
83,0.6248906071042787,2.078590065363669,0.0001
84,0.619122213839815,2.1365079487864187,0.0001
85,0.6080879482757363,2.164490472510007,0.0001
86,0.6013357736328299,2.313500940396096,0.0001
87,0.593121402210416,2.309360453946724,0.0001
88,0.5811015799103506,2.3352376686123955,0.0001
89,0.5735712492546058,2.08369319383261,0.0001
90,0.5705302054994625,2.1373949365523686,0.0001
91,0.563251115520702,1.9862288385310063,0.0001
92,0.5548394910556881,2.2494032221001095,0.0001
93,0.5461440304659255,2.3117503314132355,0.0001
94,0.5381349618157517,2.340101790088606,0.0001
95,0.5330168712404876,2.244296852096258,0.0001
96,0.5286931621491341,2.1046301665747227,0.0001
97,0.5224963221054905,2.250736848289405,0.0001
98,0.5144407908538341,2.1327954446660136,0.0001
99,0.5084620586079533,2.2952028383538647,0.0001
100,0.506001145515507,2.148611147461114,0.0001
End of training: 2022-08-07 04:31:01

Loss min training: 0.506001145515507

Loss min val: 1.3813275623589272

Best epoch: 13

Correlação: (0.5381437332394999, 0.0)




--> Fold: 4

Format of train data: frames: 127998 , pressures: 127998 

Format of validation data: frames: 38833 , pressures: 38833 

Option shuffle: True

Begin of training: 2022-08-07 04:31:06

Epoch,train_loss,val_loss,lr
1,7.817811533354914,1.5512226639518907,0.0001
2,2.569631604150369,1.3406762974987876,0.0001
3,2.433351017333215,1.3109403165189255,0.0001
4,2.35652612148202,1.2875866852870508,0.0001
5,2.2896986512698674,1.3813576191725905,0.0001
6,2.2490916750736876,1.4306898667356607,0.0001
7,2.1793654282247017,1.417156843675806,0.0001
8,2.137737220886262,1.4302185580206916,0.0001
9,2.107757280158964,1.5965604674201253,0.0001
10,2.0604107732573445,1.6194769592094584,0.0001
11,2.022779929937613,1.5332838707935603,0.0001
12,1.97641792703091,1.5386411866504925,0.0001
13,1.9413606594178052,1.5875690236503088,0.0001
14,1.8986477470894911,1.6460773360488852,0.0001
15,1.8662451653799494,1.682118915601035,0.0001
16,1.839433661371334,1.7038738636550204,0.0001
17,1.8196307065015689,1.701369004655952,0.0001
18,1.7764201284592989,1.7952478284296514,0.0001
19,1.7452585526758004,2.167797296755044,0.0001
20,1.7108719425277115,1.6818966701520486,0.0001
21,1.6886183436426268,1.6733651453346092,0.0001
22,1.681482800876862,1.7314437270529794,0.0001
23,1.61903526972647,1.804843222947897,0.0001
24,1.6060250035416204,1.793711012601392,0.0001
25,1.575161265180242,1.8897167039507556,0.0001
26,1.556803639982769,1.8504757046057938,0.0001
27,1.5216202280886812,1.7743588116358504,0.0001
28,1.4949129889459505,2.0563018767571486,0.0001
29,1.483647492956796,1.888470288383059,0.0001
30,1.4481859596889968,1.9732564303605626,0.0001
31,1.4247196925925296,2.143340701683352,0.0001
32,1.3966227863525573,1.9042328705000686,0.0001
33,1.3798470000384064,1.9696091119196826,0.0001
34,1.358396951536713,1.89123314051613,0.0001
35,1.3298710866593504,2.023679126402758,0.0001
36,1.3078386490629132,1.9518624111302798,0.0001
37,1.2897726831183727,1.8498504171105492,0.0001
38,1.2657906391750688,2.371628082756636,0.0001
39,1.2405863212185704,2.0963115944598485,0.0001
40,1.2245716979036882,1.8827553225119846,0.0001
41,1.2088922733224838,2.063303444902052,0.0001
42,1.1846996124361575,2.074386293703352,0.0001
43,1.1668207279996825,2.1187897209920634,0.0001
44,1.1360441783178274,2.1845617857925603,0.0001
45,1.1188350803692002,1.956194884160102,0.0001
46,1.106510744970082,2.087476254175667,0.0001
47,1.08849905238088,1.883766900905821,0.0001
48,1.0706343121613489,2.2024093666596807,0.0001
49,1.04624378094813,2.234481832846223,0.0001
50,1.0315269583245643,1.9450062444311786,0.0001
51,1.0155677428724104,2.036386568273759,0.0001
52,0.9928106922017691,2.3166375555668077,0.0001
53,0.9810094821518102,1.7717311664622606,0.0001
54,0.9656417879004536,1.8158837059716635,0.0001
55,0.946394312745711,1.9981954647179436,0.0001
56,0.9297129692987576,2.115863406535074,0.0001
57,0.9124543918626592,2.091430728644815,0.0001
58,0.902381739792752,2.140851144077475,0.0001
59,0.8820661250659325,1.9408535283148385,0.0001
60,0.871829074512886,2.1020838459708324,0.0001
61,0.849500759253027,2.004103202751429,0.0001
62,0.8387507154503122,2.0766488350727332,0.0001
63,0.829217842775266,1.8845765430332413,0.0001
64,0.8090891341000479,1.7995232108435433,0.0001
65,0.7930299736849619,2.0068366076174944,0.0001
66,0.778879082328735,1.8615602976361112,0.0001
67,0.7685332109496773,1.787181078701566,0.0001
68,0.7601690035896094,1.8164994141303596,0.0001
69,0.7394564819784097,2.163722149429334,0.0001
70,0.7336617566493919,1.6338897684958698,0.0001
71,0.7206684264748873,1.8242914382702837,0.0001
72,0.7101995933158138,1.8871136378828135,0.0001
73,0.70236690690304,1.7423855387369136,0.0001
74,0.6821599097495455,1.7450767789951505,0.0001
75,0.6759397484494026,1.6781185663256322,0.0001
76,0.6637615999595589,2.197959827605638,0.0001
77,0.6500072779809164,2.0481164713644846,0.0001
78,0.6437283310259273,2.0088656399161806,0.0001
79,0.6328475008222427,1.740588209629243,0.0001
80,0.6286338251777644,1.8333091007869022,0.0001
81,0.6179355998598346,2.0961669964311826,0.0001
82,0.6050837260637155,1.8627955312386046,0.0001
83,0.6013168265445002,1.8763353965611091,0.0001
84,0.5873190651729864,1.9885194595323064,0.0001
85,0.5757756781339828,1.9858394677586269,0.0001
86,0.572839399203969,1.8089460595220828,0.0001
87,0.562995788728776,1.9617845160846403,0.0001
88,0.5573408124420755,1.660345029156192,0.0001
89,0.5486656102207065,1.7111741324566125,0.0001
90,0.5372393600985297,1.8258232189926071,0.0001
91,0.5354646809879814,1.7981807023507077,0.0001
92,0.5243189436506206,2.1795232657120494,0.0001
93,0.5195760540849881,1.859826429463113,0.0001
94,0.516446268462202,2.028768261452773,0.0001
95,0.5060825099028483,1.8820477548452432,0.0001
96,0.49942273846935353,1.7492029511476992,0.0001
97,0.49624467574117126,1.9729501059853904,0.0001
98,0.48992929788879624,1.872464847404147,0.0001
99,0.48440237013734383,1.7538145338727982,0.0001
100,0.47783801145668253,1.8883510921002233,0.0001
End of training: 2022-08-07 05:09:43

Loss min training: 0.47783801145668253

Loss min val: 1.2875866852870508

Best epoch: 4

Correlação: (0.40839399149655486, 0.0)




--> Fold: 5

Format of train data: frames: 123787 , pressures: 123787 

Format of validation data: frames: 43044 , pressures: 43044 

Option shuffle: True

Begin of training: 2022-08-07 05:09:48

Epoch,train_loss,val_loss,lr
1,8.048990897686176,2.6598499358869065,0.0001
2,2.5211838828311377,2.402983410597047,0.0001
3,2.383285328425036,2.410669598855468,0.0001
4,2.307337372788005,2.3734654118254572,0.0001
5,2.2731970479899064,2.503052552297383,0.0001
6,2.2228922989589797,2.6525531479576996,0.0001
7,2.1758774800389853,2.6980788383926115,0.0001
8,2.132144653046091,2.6171154475834677,0.0001
9,2.0889660016013907,2.8402018123439183,0.0001
10,2.0641532085915806,2.71122492978192,0.0001
11,2.0179117194921736,2.478282188950457,0.0001
12,1.9847615655555766,2.5033687019578563,0.0001
13,1.947208173570429,2.601778128235527,0.0001
14,1.936715166143506,2.4525636561397017,0.0001
15,1.8851870927795877,2.5512117384180417,0.0001
16,1.8589670362686093,2.4989612892362865,0.0001
17,1.829578406778769,2.598084324975515,0.0001
18,1.8011428205155722,2.3769273285462105,0.0001
19,1.7652155179355384,2.342127347101056,0.0001
20,1.7293922106219524,2.514108593031195,0.0001
21,1.7012006680365868,2.572386454859029,0.0001
22,1.679779932104036,2.7061586553706367,0.0001
23,1.6472504895822044,2.5001847710975893,0.0001
24,1.6210804019253233,2.529374910900888,0.0001
25,1.5890344684076825,2.7094168373780914,0.0001
26,1.5663844448772017,2.5132330411562367,0.0001
27,1.5473582977591316,2.5953461586592663,0.0001
28,1.5143785670752252,2.604877017973613,0.0001
29,1.4883921244928973,2.6762920951169726,0.0001
30,1.4586681896663707,2.628092910308242,0.0001
31,1.436435321938077,2.331324646324709,0.0001
32,1.4115380808015632,2.4006674995365644,0.0001
33,1.3897990751616247,2.1168275858298875,0.0001
34,1.3660801943806473,2.440671856302985,0.0001
35,1.3497842482269276,2.3967566033708443,0.0001
36,1.3131018077521035,2.087329469419702,0.0001
37,1.2941764871860741,2.1697388321878566,0.0001
38,1.2716125864143892,2.347267519972402,0.0001
39,1.2524905621760374,2.0828707459696094,0.0001
40,1.2321290253670323,2.0945426572954418,0.0001
41,1.214814203871123,2.1433140278394287,0.0001
42,1.1918446919095007,1.9650322856784321,0.0001
43,1.1620828265190872,2.055023186756946,0.0001
44,1.1420123829409756,2.1738555404668225,0.0001
45,1.1258866645874437,1.8853154113972657,0.0001
46,1.1082758174921417,2.0169511669802738,0.0001
47,1.0898464507880679,2.0324513169760023,0.0001
48,1.0731420192295393,1.946508176563154,0.0001
49,1.0503972042117977,1.9675497221643181,0.0001
50,1.0290138802821949,1.9707774410969197,0.0001
51,1.0137541919983506,2.013894494986093,0.0001
52,0.9880883030588761,2.0479536537825647,0.0001
53,0.9812168861958598,1.9035665425832426,0.0001
54,0.9628410348956773,2.3477795760147013,0.0001
55,0.9417424995835236,1.892179218690952,0.0001
56,0.9286777261128092,1.9705965059440094,0.0001
57,0.9152628544294931,2.0014865776966544,0.0001
58,0.8959403683507954,1.9345709734961796,0.0001
59,0.880092654834566,2.054149093243305,0.0001
60,0.8714720417074616,1.9010975285817584,0.0001
61,0.851974467679314,1.9108057392982842,0.0001
62,0.8389142321787395,1.9487707128800398,0.0001
63,0.8220875933413058,2.061834063276063,0.0001
64,0.8056841445941634,1.8968451331732121,0.0001
65,0.7942073161076674,1.9794298323121793,0.0001
66,0.7839303022074767,1.873112169653385,0.0001
67,0.76919795155036,1.9585490146541604,0.0001
68,0.7547551682041578,1.9521335753440945,0.0001
69,0.7443542656855394,1.9415878277597745,0.0001
70,0.7304285141192082,1.94192158773745,0.0001
71,0.7199361670828779,1.839689365340347,0.0001
72,0.7026047061234107,1.8657832719969292,0.0001
73,0.6898426888872846,1.8923611341162183,0.0001
74,0.678340355037754,1.972600559144312,0.0001
75,0.6659817989627516,1.8585168372719563,0.0001
76,0.6547971607675994,1.8151605396884025,0.0001
77,0.6452836102924385,1.889612981282959,0.0001
78,0.6346237654976306,1.8684659334775984,0.0001
79,0.6221229239753082,1.9194932155655215,0.0001
80,0.6168352082852379,1.9083349510380663,0.0001
81,0.6020357706214214,1.8807881990005044,0.0001
82,0.5954951437660204,1.8884015931437066,0.0001
83,0.5897465581559252,1.8318217066670093,0.0001
84,0.5772422505479362,1.8590521189639386,0.0001
85,0.5671850089776008,1.805150011527185,0.0001
86,0.562395169705159,1.8829467812719736,0.0001
87,0.5546211539397484,1.9232439837838158,0.0001
88,0.5468200133402437,1.945547681472501,0.0001
89,0.5397953824799837,1.9505056189500358,0.0001
90,0.5338250643055018,1.952015777977301,0.0001
91,0.5257801593271616,1.8608045155934914,0.0001
92,0.5158857388946784,1.950845973552154,0.0001
93,0.5097387948946401,1.9145881343359796,0.0001
94,0.4998782188747796,1.9446219944475354,0.0001
95,0.49560005399590623,1.8518141336284177,0.0001
96,0.4879910668215304,1.9522485535402478,0.0001
97,0.48633201240667917,1.8253953733050727,0.0001
98,0.478800541569511,1.8621523052152122,0.0001
99,0.4752755428182568,1.8372771246217683,0.0001
100,0.46766756535341053,1.8511967127257347,0.0001
End of training: 2022-08-07 05:47:49

Loss min training: 0.46766756535341053

Loss min val: 1.805150011527185

Best epoch: 85

Correlação: (0.5013315747040841, 0.0)




--> Fold: 6

Format of train data: frames: 125799 , pressures: 125799 

Format of validation data: frames: 41032 , pressures: 41032 

Option shuffle: True

Begin of training: 2022-08-07 05:47:55

Epoch,train_loss,val_loss,lr
1,7.49491322010708,1.7292861917790996,0.0001
2,2.621366383672156,1.7513653198560326,0.0001
3,2.4825476878619863,2.128131572627073,0.0001
4,2.4026844672919303,1.8221478535199773,0.0001
5,2.349829866468827,2.018407310628826,0.0001
6,2.2886786678728908,2.076020166431865,0.0001
7,2.249658591004409,2.551825075150466,0.0001
8,2.1866222538828013,1.9060452644484251,0.0001
9,2.1364323341793114,1.9271966626384287,0.0001
10,2.1155568156928712,2.1734649377809117,0.0001
11,2.0727570141712803,2.1046910009135,0.0001
12,2.03039757218698,2.2216800015022424,0.0001
13,2.0131876848671877,2.6386290137171398,0.0001
14,1.9697807265193745,2.3314968704317347,0.0001
15,1.94101724445989,2.1341852606284175,0.0001
16,1.9052784815969006,2.226032607619073,0.0001
17,1.872601438266016,2.2515396463822195,0.0001
18,1.8490523395053604,2.5462797574072837,0.0001
19,1.8133932316066064,1.9084996577939877,0.0001
20,1.78223181282303,2.8121475966080376,0.0001
21,1.7693715649762336,2.7052299624461833,0.0001
22,1.713024336245226,2.9573995594765434,0.0001
23,1.702220405535129,2.446021914551843,0.0001
24,1.666392286941688,2.5720292084582903,0.0001
25,1.6460406690655194,2.389337410585623,0.0001
26,1.6154827885304552,2.999571316236175,0.0001
27,1.5873482096298417,2.7558534544772586,0.0001
28,1.566478685598906,2.6721533048127357,0.0001
29,1.536692861599822,2.1622925813399365,0.0001
30,1.5179146043225133,2.5321739408374415,0.0001
31,1.4887476423609074,2.2091986843893046,0.0001
32,1.474579519423424,2.3009980750795136,0.0001
33,1.4375798300862532,2.9322521228217595,0.0001
34,1.4291039126642506,2.273737135442941,0.0001
35,1.3939712972991383,2.2374085803598103,0.0001
36,1.3766367538309687,2.3418280900303303,0.0001
37,1.3574174915628223,3.206364536173838,0.0001
38,1.3297058722526713,2.63350433502822,0.0001
39,1.313898253178746,1.9964794469033098,0.0001
40,1.2843248652827564,2.595148469835119,0.0001
41,1.269650494082262,2.7633472484184023,0.0001
42,1.2511572203703147,2.3584433716160205,0.0001
43,1.2156267614208986,2.3607036052890913,0.0001
44,1.2059355376554206,2.502654619583216,0.0001
45,1.1886562698837824,3.3109605382538883,0.0001
46,1.16554133125854,2.8664168520358646,0.0001
47,1.1480384978523386,2.7712332823514054,0.0001
48,1.1314726268395419,2.88642390417202,0.0001
49,1.1142903478232078,1.7655543690188908,0.0001
50,1.0884972475911827,2.023679764955498,0.0001
51,1.0728387155559673,2.703520001270869,0.0001
52,1.0587535203637977,2.178778872315148,0.0001
53,1.0434109513231353,2.240183015900714,0.0001
54,1.0234398204040498,2.080736328226522,0.0001
55,1.014207250336636,2.3163769530562033,0.0001
56,1.0004999478025032,2.4112314164557174,0.0001
57,0.9796487604400776,3.2149715466814492,0.0001
58,0.962187618184688,2.784261737912922,0.0001
59,0.9441210860338,2.9607942669125276,0.0001
60,0.9342760772818565,2.239070170733124,0.0001
61,0.9153167566642544,2.3128136887283532,0.0001
62,0.904760572670827,2.7327923743109834,0.0001
63,0.8884715163989839,2.75948202379918,0.0001
64,0.8740028375493277,2.6513748070863192,0.0001
65,0.857250562967794,2.5525625124384863,0.0001
66,0.8486349747424836,2.33333291438477,0.0001
67,0.8321391744002775,2.4658475744024684,0.0001
68,0.8218947083611042,2.67607955324601,0.0001
69,0.8101717471282313,2.181654120356187,0.0001
70,0.7914204559473696,2.6311647865502175,0.0001
71,0.781091705296896,2.5151579678930207,0.0001
72,0.7748196378901889,2.6020948032022893,0.0001
73,0.7583742199540124,2.6081786783240326,0.0001
74,0.740706618069524,2.901614567252204,0.0001
75,0.7372938055005809,2.7913558017814757,0.0001
76,0.7264991855023202,2.037618015216419,0.0001
77,0.7136833703200747,2.558739218058282,0.0001
78,0.7059136034823104,2.2181199838553147,0.0001
79,0.6944419425358593,2.531523309411257,0.0001
80,0.6819179986192507,2.663297784005394,0.0001
81,0.6734241077624726,2.3065619117034344,0.0001
82,0.6620422637074377,2.299723216073744,0.0001
83,0.6477921090715152,2.515925876019084,0.0001
84,0.6442508314262594,2.1936810232087356,0.0001
85,0.633673899927746,2.380016311146079,0.0001
86,0.6227703865828565,2.049246437207001,0.0001
87,0.6146330940141488,2.4892787944505868,0.0001
88,0.6027028898454465,2.1874383725857824,0.0001
89,0.5989690401245014,2.631509163663689,0.0001
90,0.5925192263717894,2.1298793123627897,0.0001
91,0.5787880878516564,2.2863521264482136,0.0001
92,0.576640710614518,2.2469453736108327,0.0001
93,0.5678897554464538,2.34863556168144,0.0001
94,0.5623552242352898,2.3532207408456176,0.0001
95,0.5536394277180724,2.443648343849517,0.0001
96,0.5469842111649826,2.5765624375551575,0.0001
97,0.5444401460620337,2.3411553721373064,0.0001
98,0.5388472076196232,2.0525167592670233,0.0001
99,0.5321177203359501,2.1085703768072874,0.0001
100,0.5219506762086663,2.2794236409359683,0.0001
End of training: 2022-08-07 06:26:12

Loss min training: 0.5219506762086663

Loss min val: 1.7292861917790996

Best epoch: 1

Correlação: (0.4946531964941572, 0.0)




--> Fold: 7

Format of train data: frames: 121714 , pressures: 121714 

Format of validation data: frames: 45117 , pressures: 45117 

Option shuffle: True

Begin of training: 2022-08-07 06:26:17

Epoch,train_loss,val_loss,lr
1,8.192860264333245,1.6497890134149111,0.0001
2,2.635123454382635,1.5597390363747858,0.0001
3,2.4674818572231434,1.543835249855435,0.0001
4,2.3750634502525787,1.7119210611741578,0.0001
5,2.3105495109480065,1.4305810351943227,0.0001
6,2.2764014981967797,1.6994983083002189,0.0001
7,2.2238510959509656,1.510254069573887,0.0001
8,2.1726379284032933,1.815141695696752,0.0001
9,2.134895560230441,1.6554891167082924,0.0001
10,2.110542299570897,1.6442655442673484,0.0001
11,2.0531489327842536,1.715181023796011,0.0001
12,2.019580094576928,1.7853559404462962,0.0001
13,1.989490881424869,1.9663629699218916,0.0001
14,1.9478419643032396,1.759796495687788,0.0001
15,1.9173358487497583,1.9397927758530775,0.0001
16,1.9036535729062365,1.640523230566857,0.0001
17,1.8525714797833537,1.865590954219539,0.0001
18,1.8241583381220288,1.8236751788515997,0.0001
19,1.7948479874694254,1.89685832234745,0.0001
20,1.7723500714934455,2.054908476859925,0.0001
21,1.755817702990023,1.8564455476210817,0.0001
22,1.715312464150985,1.7509037072632592,0.0001
23,1.6925112185814426,1.6932741426672764,0.0001
24,1.6645662926866749,2.0101303879873367,0.0001
25,1.6488440821055117,1.7594522183479975,0.0001
26,1.6049514514181493,1.8633230591500949,0.0001
27,1.5855457579495844,1.9045993346156735,0.0001
28,1.5552823042750863,1.9352767969072453,0.0001
29,1.5363292654601528,1.890630072829946,0.0001
30,1.5122318167392401,1.8281596328047653,0.0001
31,1.481104612348505,1.8378961330309145,0.0001
32,1.466411213258996,1.9308170550686037,0.0001
33,1.4281045354893318,1.7687656601647879,0.0001
34,1.4049822364560676,1.979498506562043,0.0001
35,1.3836887543813037,1.7819741611074655,0.0001
36,1.367708257837316,1.7283838467466168,0.0001
37,1.3489342945346852,1.8871572639913792,0.0001
38,1.327775995334923,2.039061136096389,0.0001
39,1.3013509978876965,2.01618353723436,0.0001
40,1.2799533014631899,2.0397933867102562,0.0001
41,1.2680795537690293,2.0487845018299624,0.0001
42,1.2444813216001132,2.2936856784880164,0.0001
43,1.22386857012353,2.001721330157968,0.0001
44,1.1934138231931564,1.8707156797845934,0.0001
45,1.1908314211623172,2.1255116799009985,0.0001
46,1.1688468824844152,2.025787951276877,0.0001
47,1.1416068792397986,1.86399504321791,0.0001
48,1.1222791119692295,1.9643742973442964,0.0001
49,1.1038363162786058,2.2050467818637904,0.0001
50,1.082328392268657,1.9607212642940919,0.0001
51,1.0683879310537798,2.1680097641810554,0.0001
52,1.0511500857964982,2.2332316865829496,0.0001
53,1.0395142462844082,1.756421298568737,0.0001
54,1.0180456529855473,2.127588606597837,0.0001
55,0.9960691942506865,2.048847867767341,0.0001
56,0.9858694016675853,2.354273996330532,0.0001
57,0.9735426311856716,2.2080324559193025,0.0001
58,0.9502444949914935,1.9554983108266728,0.0001
59,0.9375226351853485,2.3160615769050263,0.0001
60,0.922649222003083,2.057134189121023,0.0001
61,0.9040686222816514,2.057661370631611,0.0001
62,0.8911284691740106,1.8897785515951888,0.0001
63,0.8744030785509286,2.247607098294321,0.0001
64,0.8661540580642645,2.0211380365683995,0.0001
65,0.8484299406327237,2.155880550063903,0.0001
66,0.8305355513900157,2.0682783067328137,0.0001
67,0.8269182624517897,1.9919120626970421,0.0001
68,0.8095065820839457,1.9706392028239437,0.0001
69,0.7975961949444214,2.0436743535975825,0.0001
70,0.7818173475522268,2.3501686899021066,0.0001
71,0.7696424585826759,1.8890119246019021,0.0001
72,0.7556413869425119,1.8849792219324388,0.0001
73,0.7512957049354032,1.9811266966686447,0.0001
74,0.7332444882597386,1.8389526589145013,0.0001
75,0.7243323295915279,1.7486332547757912,0.0001
76,0.7098962875062246,1.9305077256453962,0.0001
77,0.7021160774432561,1.817311711584758,0.0001
78,0.691159616483234,1.8890200445097511,0.0001
79,0.6823699578990785,2.0009377856683357,0.0001
80,0.6686430152116377,1.8183244539759886,0.0001
81,0.6621376935230463,2.1859445579297647,0.0001
82,0.6484537197620268,2.078782768764957,0.0001
83,0.6442435414222416,1.9794790918322867,0.0001
84,0.6312420278917876,1.901626852552849,0.0001
85,0.6177711157152976,1.7324707035551543,0.0001
86,0.6041046322089407,1.971793475201687,0.0001
87,0.6039155326605035,1.8826294307508777,0.0001
88,0.5971163390322606,1.9651161437894176,0.0001
89,0.5868988606334369,1.9168022553395525,0.0001
90,0.5774106557239518,2.0734198611792536,0.0001
91,0.5660386318377473,2.0803211129224026,0.0001
92,0.5608364606882263,1.8857624271748445,0.0001
93,0.5571594106220973,1.8002757333357933,0.0001
94,0.5479518496353286,1.9491759576038004,0.0001
95,0.5395939534563007,2.1783751007523295,0.0001
96,0.5312324577517759,2.194374192743132,0.0001
97,0.5277524604360855,1.8560690672195694,0.0001
98,0.5198272138700308,1.7846227101638976,0.0001
99,0.5117370506602041,2.0070039242969075,0.0001
100,0.5085127020469071,2.2143514322933875,0.0001
End of training: 2022-08-07 07:04:00

Loss min training: 0.5085127020469071

Loss min val: 1.4305810351943227

Best epoch: 5

Correlação: (0.5338743189104975, 0.0)




--> Fold: 8

Format of train data: frames: 132010 , pressures: 132010 

Format of validation data: frames: 46835 , pressures: 46835 

Option shuffle: True

Begin of training: 2022-08-07 07:04:10

Epoch,train_loss,val_loss,lr
1,7.944314076176069,1.8191563921396234,0.0001
2,2.616663194804397,1.6940362869465098,0.0001
3,2.4388206467340594,1.7650702266513927,0.0001
4,2.347964584158276,1.8128723242423623,0.0001
5,2.2904293119902865,2.0017312731879797,0.0001
6,2.2316238901396788,1.8541481970722602,0.0001
7,2.1840289490248757,1.7469442903085568,0.0001
8,2.1423863002020576,1.8998476282310954,0.0001
9,2.1108013997844797,1.8413180682095873,0.0001
10,2.0645055558209924,1.7101039426258282,0.0001
11,2.0149388156292267,1.9546677182066132,0.0001
12,1.9745439418047976,1.599962473791234,0.0001
13,1.9371484313297611,1.5744163155084845,0.0001
14,1.912736223089127,2.1556492710286608,0.0001
15,1.8674047132972769,1.9936236823420903,0.0001
16,1.8345359902482676,1.6433899547878879,0.0001
17,1.8058680419063633,1.6905783588710381,0.0001
18,1.7863851858471282,1.7704228469041874,0.0001
19,1.7483074803269638,1.5791227195208695,0.0001
20,1.7221885659190599,1.7123421668828176,0.0001
21,1.6837589622961644,1.9144526217018665,0.0001
22,1.6613797334963314,1.7051707174806747,0.0001
23,1.6309504092701383,1.6826084400427257,0.0001
24,1.6061168070029475,1.8756648093325181,0.0001
25,1.5732185038470217,1.6474286944759022,0.0001
26,1.5542221727194945,1.7718869360887828,0.0001
27,1.5193567950782807,1.8370506142964165,0.0001
28,1.4967876683274106,1.8345261381926525,0.0001
29,1.4694104608392438,1.626302103925263,0.0001
30,1.434980943092622,1.6319240009185279,0.0001
31,1.4195801432119537,1.6846471824984013,0.0001
32,1.3905123422962364,2.047120124025916,0.0001
33,1.3648442993334917,1.7475328603192481,0.0001
34,1.3415411106809216,1.7285755503072013,0.0001
35,1.3205114951342147,1.6812418895660144,0.0001
36,1.2990996144105247,1.8996877362433626,0.0001
37,1.2820338559542612,1.7203364435198774,0.0001
38,1.262141054070869,1.6872039799274343,0.0001
39,1.2392450097058543,1.6679326266327141,0.0001
40,1.2129682811857416,1.7064995811017891,0.0001
41,1.1938099940566707,1.658893624896541,0.0001
42,1.1707684347281158,1.5093721670950186,0.0001
43,1.144181208472461,1.7419463304797804,0.0001
44,1.1262385050678476,1.946936734483478,0.0001
45,1.116987720685207,1.7472621034453388,0.0001
46,1.0936598647896896,1.6271068786854448,0.0001
47,1.077836220385983,1.8912413592423576,0.0001
48,1.0551236763893406,1.8370141866711855,0.0001
49,1.0348511290860876,1.7980280097704044,0.0001
50,1.0167613521641596,1.680709814131928,0.0001
51,0.996096747787186,1.8720645558786988,0.0001
52,0.980963698268596,1.5049661914605117,0.0001
53,0.9694857449091236,1.5737233876443868,0.0001
54,0.9425412300273999,1.696577147146013,0.0001
55,0.9312574053648683,1.771056437673087,0.0001
56,0.9104610039929388,1.6497364085728807,0.0001
57,0.8968696333027167,2.0842902824491043,0.0001
58,0.8805149995416468,1.8631465822728706,0.0001
59,0.8640615487259433,1.458116046893911,0.0001
60,0.8542986337320975,1.5796967144924687,0.0001
61,0.8360732361409043,1.686524646646429,0.0001
62,0.8187387728188112,1.6073456059719362,0.0001
63,0.8094478740289206,1.5430122314655528,0.0001
64,0.7907429331126118,1.467961986347185,0.0001
65,0.7805481140771225,1.716225802953131,0.0001
66,0.7668634764652037,1.4685358750040025,0.0001
67,0.7522821425289902,1.7288651909710593,0.0001
68,0.7386255665327887,1.731716712541561,0.0001
69,0.7311368828514798,1.6827725420769906,0.0001
70,0.7214295752806498,1.5068131470166086,0.0001
71,0.7075475602919888,1.568978386596235,0.0001
72,0.6906426460550966,1.5427951685173529,0.0001
73,0.6843523311304347,1.6624673925037126,0.0001
74,0.6733012857965227,1.488032279473251,0.0001
75,0.659669374813682,1.4894371442890504,0.0001
76,0.6505527024088137,1.5205159579828147,0.0001
77,0.6409527579028267,1.5339222476438357,0.0001
78,0.6318239375900367,1.649959031146072,0.0001
79,0.6235225495463763,1.5939227080642955,0.0001
80,0.6140311521536906,1.557928340715266,0.0001
81,0.606906934707745,1.3908030333635557,0.0001
82,0.593917932288501,1.6562532821892293,0.0001
83,0.5870052479991461,1.4149327403518857,0.0001
84,0.5775256206723616,1.3927101619116102,0.0001
85,0.5725419002657144,1.415604084637881,0.0001
86,0.5584113099296728,1.4829454263411936,0.0001
87,0.5531932892523772,1.437478684024927,0.0001
88,0.5441055609189998,1.5689378369665201,0.0001
89,0.5414140094641383,1.6209986502299305,0.0001
90,0.5346822935332404,1.5118075189130262,0.0001
91,0.5248263192189462,1.8370400930247668,0.0001
92,0.5186514713047905,1.4897412032114858,0.0001
93,0.5153290687469937,1.4335023417306885,0.0001
94,0.5045236207451679,1.463830386911447,0.0001
95,0.5009536591761673,1.5900337127454638,0.0001
96,0.4952992676422096,1.5322636972639951,0.0001
97,0.4909980982246295,1.496374615618039,0.0001
98,0.48364688023528624,1.535359905953976,0.0001
99,0.47887658304937336,1.4740450088962795,0.0001
100,0.4724480885541328,1.5459432003095155,0.0001
End of training: 2022-08-07 07:44:49

Loss min training: 0.4724480885541328

Loss min val: 1.3908030333635557

Best epoch: 81

Correlação: (0.6216147111653517, 0.0)




--> Fold: 9

Format of train data: frames: 131637 , pressures: 131637 

Format of validation data: frames: 47208 , pressures: 47208 

Option shuffle: True

Begin of training: 2022-08-07 07:44:55

Epoch,train_loss,val_loss,lr
1,7.375912990033379,1.5520578576556465,0.0001
2,2.6093489069550233,1.7746689817376549,0.0001
3,2.424203067957964,1.729311464459507,0.0001
4,2.3586493319071637,1.5358617351815127,0.0001
5,2.3132807170929905,1.5365754247539993,0.0001
6,2.2494387899294246,1.853244363605077,0.0001
7,2.209653760107597,1.4363138239336426,0.0001
8,2.1567714339187845,1.434794562971202,0.0001
9,2.1145307906035113,1.465074115134037,0.0001
10,2.103144774306582,1.7399454233788207,0.0001
11,2.0432301759439113,1.4327971968200728,0.0001
12,2.013859856384703,1.5277785490658542,0.0001
13,1.9535720365075364,1.5070459210575688,0.0001
14,1.9153176732838733,1.6274546133706256,0.0001
15,1.8869702405016078,1.3289836864717086,0.0001
16,1.8628742262833469,1.5512408491838303,0.0001
17,1.8266635649119327,1.3337937737901095,0.0001
18,1.7924792194663126,1.4052583050311693,0.0001
19,1.77164201269455,1.484212292430563,0.0001
20,1.739852122450646,1.5024203188317122,0.0001
21,1.6945510134173927,1.3925486347106044,0.0001
22,1.683323433589791,1.479055470277689,0.0001
23,1.6376661410558087,1.4046238141026746,0.0001
24,1.6127557288562837,1.344993575733206,0.0001
25,1.5904727946317605,1.7296143918295186,0.0001
26,1.5677961744683617,1.4776985767513509,0.0001
27,1.5416013435775284,1.3721446788042324,0.0001
28,1.5226737377730286,1.5606973072650614,0.0001
29,1.488457152733935,1.468900451436323,0.0001
30,1.4672803644951513,1.3923214819447063,0.0001
31,1.43010649922377,1.438510798292834,0.0001
32,1.4110174752434013,1.4709519388372263,0.0001
33,1.3842173649910707,1.4412902214202492,0.0001
34,1.3663348786567575,1.4375724264008174,0.0001
35,1.3445377289667935,1.4703738312865895,0.0001
36,1.3188420782673376,1.5282239605462908,0.0001
37,1.3001213090040165,1.5532372932356509,0.0001
38,1.2786382797603186,1.3775579955512802,0.0001
39,1.2542173535557017,1.4519757637228528,0.0001
40,1.2263918057200338,1.4231925643999441,0.0001
41,1.2012747237584123,1.3826590771797127,0.0001
42,1.1946489817545363,1.55218281684902,0.0001
43,1.1674773713913311,1.5818711243086276,0.0001
44,1.149291840302674,1.5046537271335436,0.0001
45,1.1308395910992244,1.4480553699982124,0.0001
46,1.1152476366528878,1.4931317962967448,0.0001
47,1.0908198694450104,1.4872337441245613,0.0001
48,1.0724033165467228,1.6316594924588987,0.0001
49,1.0541733702807161,1.4562447182385927,0.0001
50,1.0429579855687785,1.5713980378508265,0.0001
51,1.0211334664738836,1.4686590299411781,0.0001
52,1.0055661384727927,1.4779926253221658,0.0001
53,0.9953765969308052,1.597388330747911,0.0001
54,0.9729189440312915,1.5271642722430583,0.0001
55,0.9570031494942052,1.6153023455066613,0.0001
56,0.9323270640665591,1.501642346523552,0.0001
57,0.9211702927915009,1.5894218784149492,0.0001
58,0.9049292254475286,1.471235685258816,0.0001
59,0.8905129424523375,1.5360114323125211,0.0001
60,0.8755235163109234,1.5975568350988452,0.0001
61,0.8651328311593559,1.604326080294145,0.0001
62,0.8442546610272125,1.479090347105801,0.0001
63,0.8307127521351335,1.616439595826095,0.0001
64,0.8219587146713797,1.520745836401608,0.0001
65,0.8113544718892126,1.480368912492722,0.0001
66,0.7951937789978102,1.6019371797565363,0.0001
67,0.7782354456447603,1.573588125666528,0.0001
68,0.7681682523076602,1.449863607288316,0.0001
69,0.7529627323237571,1.5046122175336913,0.0001
70,0.7434511219566694,1.537263830846254,0.0001
71,0.732946405596449,1.5857323711351952,0.0001
72,0.7228853053064318,1.62676227854341,0.0001
73,0.7139175334316488,1.701803191135221,0.0001
74,0.700015908046501,1.5576333501968842,0.0001
75,0.6869095963661721,1.4945255932899233,0.0001
76,0.6769648884269289,1.5671590340781911,0.0001
77,0.6638505399692163,1.471509283547724,0.0001
78,0.6546271822033112,1.6233046117060832,0.0001
79,0.6501559976882595,1.507163849347245,0.0001
80,0.6385723479984751,1.4880278531706266,0.0001
81,0.6291502359794797,1.4983507945686654,0.0001
82,0.6213795628616819,1.4259718108876158,0.0001
83,0.6099062108828803,1.5076421788942407,0.0001
84,0.5995835056061292,1.5422118454944318,0.0001
85,0.5936893221315692,1.5546767857898556,0.0001
86,0.5831746147656003,1.5154012535370278,0.0001
87,0.5776843123610953,1.5962662223516288,0.0001
88,0.5688928009597299,1.4292839874637024,0.0001
89,0.5588555693589274,1.5101811251909405,0.0001
90,0.5520855062673713,1.5717601409667106,0.0001
91,0.5516004065525398,1.5065229812975032,0.0001
92,0.5428725380895331,1.5284605744005846,0.0001
93,0.5324885158841395,1.6702520491369415,0.0001
94,0.5304823598573571,1.5067622665731892,0.0001
95,0.5196613379488583,1.5688077670561016,0.0001
96,0.5172664548156364,1.4196458827780578,0.0001
97,0.5070860792296873,1.679675842499131,0.0001
98,0.5078658453900383,1.5223215495281515,0.0001
99,0.5004284705524698,1.5724853401445893,0.0001
100,0.4903206541174698,1.5393413203264814,0.0001
End of training: 2022-08-07 08:25:39

Loss min training: 0.4903206541174698

Loss min val: 1.3289836864717086

Best epoch: 15

Correlação: (0.537040752268541, 0.0)


