
Dispositivo usado pelo Pytorch: cuda:3

Features usadas: Felipe

*****************************************

-----> GRID 4:   hyperparameters
0             100
1            adam
2              32
3             0.7
4          0.0001
5             0.2

 LSTM =True


 option_overlap=True , option_causal=False ,option_dropout_lstm=0.2



--> Fold: 0

Format of train data: frames: 118655 , pressures: 118655 

Format of validation data: frames: 48176 , pressures: 48176 

Option shuffle: True

Begin of training: 2022-12-13 20:58:09

Epoch,train_loss,val_loss,lr
1,9.41687304532652,1.602758496712704,0.0001
2,4.273584508745174,1.6842967906056825,0.0001
3,4.049285120182617,1.4640916364211174,0.0001
4,3.9015466376646173,1.5621841995670962,0.0001
5,3.7790845198464713,1.4407094442658313,0.0001
6,3.6710760541734007,1.6224946764488626,0.0001
7,3.5549161156241276,1.6033760079985955,0.0001
8,3.460407375004393,1.4829558760412742,0.0001
9,3.3602540404881696,1.497777072388007,0.0001
10,3.2546844367929517,1.4065986020705186,0.0001
11,3.1738207495462216,1.638022074486401,0.0001
12,3.0903689690624025,1.5062738043729034,0.0001
13,3.006733178352969,1.5601384764452466,0.0001
14,2.896646648604461,1.5156725874694628,0.0001
15,2.8328771561187036,1.5087711109310558,0.0001
16,2.7443191608915054,1.583385455453962,0.0001
17,2.666366695012472,1.4069105795513788,0.0001
18,2.6004010572530323,1.607929465383519,0.0001
19,2.519778062448224,1.6485713370532857,0.0001
20,2.4377073223946204,1.5090216049638074,0.0001
21,2.364138839519218,1.6813823302217354,0.0001
22,2.30744210759586,1.6302382978875152,0.0001
23,2.2344771740002636,1.5726061086645162,0.0001
24,2.166897346704067,1.6959355841321195,0.0001
25,2.108433642901179,1.691436234085871,0.0001
26,2.032774073100764,1.585328705086735,0.0001
27,1.975521065970698,1.7902817370605721,0.0001
28,1.919741593381356,1.5138030967535034,0.0001
29,1.859214755035141,1.7389034024903403,0.0001
30,1.7874783738414666,1.781680689702118,0.0001
31,1.7619287795340546,1.7047090735478245,0.0001
32,1.681605648282636,1.888298757762776,0.0001
33,1.6348746829506902,1.7230041609060642,0.0001
34,1.595237926689152,1.8596240304625735,0.0001
35,1.5360968028181428,1.9796485301863114,0.0001
36,1.482965880038891,1.816866802242815,0.0001
37,1.442871723954272,1.8943293427993435,0.0001
38,1.3980522025400577,2.1183451708667267,0.0001
39,1.341485527502009,2.03452271686286,0.0001
40,1.289134628797551,2.290395535056039,0.0001
41,1.2683890797798425,2.1481655324586244,0.0001
42,1.2082578029696265,1.963916967375181,0.0001
43,1.1761166620729726,2.319257516910055,0.0001
44,1.1349200025219053,2.414249561902733,0.0001
45,1.1001376293526453,2.0439534173459952,0.0001
46,1.0608443916479418,2.354163242312849,0.0001
47,1.0190256510460645,2.452620596317151,0.0001
48,0.9971451013530583,2.1936925481775993,0.0001
49,0.9538529029110933,2.149463196127013,0.0001
50,0.9206659390704228,2.494946767309107,0.0001
51,0.8979446157814956,1.8854057048096367,0.0001
52,0.8708719762973762,2.2704125932188615,0.0001
53,0.8352186249258002,2.332359699940056,0.0001
54,0.8106373827082987,2.045890199350226,0.0001
55,0.7827507594247507,2.2192519873489536,0.0001
56,0.7635666485461889,2.408769457968158,0.0001
57,0.7388958815944405,2.5961259924981412,0.0001
58,0.7189010300315198,2.2103285333794322,0.0001
59,0.6963576267378545,2.418570058997467,0.0001
60,0.6764195818439114,2.5645347353787327,0.0001
61,0.6543074657618032,2.30743245118799,0.0001
62,0.642136695935941,2.217013291764679,0.0001
63,0.6189240294957873,2.4124604304024486,0.0001
64,0.5993098561549065,2.3796226192811365,0.0001
65,0.5884991328934593,2.637034686290319,0.0001
66,0.5715634075761731,2.4732146416736653,0.0001
67,0.5570390516266118,2.2974333734220935,0.0001
68,0.5474064325473537,2.847582884659921,0.0001
69,0.53320951355121,2.4608558697068625,0.0001
70,0.5184107184781823,2.545663099200256,0.0001
71,0.5063661828333837,2.5695428859352156,0.0001
72,0.4988162935247293,2.2978534421347496,0.0001
73,0.48943878256020296,2.485344029114279,0.0001
74,0.47627480739784833,2.3235756857614507,0.0001
75,0.46880409168356174,2.382192986188082,0.0001
76,0.4579634988998916,2.3788123917476716,0.0001
77,0.45113192971746036,2.2756761097900102,0.0001
78,0.4465427422989666,2.5162658447524078,0.0001
79,0.4396331364012092,2.361081706808477,0.0001
80,0.43217067271301485,2.964573010539977,0.0001
81,0.4237814408935813,2.672646808133336,0.0001
82,0.4174237622193875,2.5595450103579864,0.0001
83,0.40894202361036647,2.632039561971641,0.0001
84,0.4047428424005427,2.4055195455731684,0.0001
85,0.39756771536468377,2.690335100808044,0.0001
86,0.39332143152706,2.576299671238342,0.0001
87,0.38847576920364585,2.728982672901971,0.0001
88,0.3888106294497794,2.6529026649117826,0.0001
89,0.38117579059244977,2.5231274445165397,0.0001
90,0.376426221754371,2.540609593012926,0.0001
91,0.3693013297384264,2.3168168681200774,0.0001
92,0.3658172434294381,2.822735254291837,0.0001
93,0.3638998330347728,2.4614558532680637,0.0001
94,0.35956890636436617,2.573961543466751,0.0001
95,0.35555966487073914,2.429591872018265,0.0001
96,0.3537968443390553,2.778401515365874,0.0001
97,0.35314557132234287,2.509026222156156,0.0001
98,0.35033496533325903,2.5880104663244556,0.0001
99,0.3445287743999083,2.377350880433776,0.0001
100,0.34358188852515226,2.744012934470327,0.0001
End of training: 2022-12-13 21:40:55

Loss min training: 0.34358188852515226

Loss min val: 1.4065986020705186

Best epoch: 10

Correlation: (0.48295088907952277, 0.0)




--> Fold: 1

Format of train data: frames: 122682 , pressures: 122682 

Format of validation data: frames: 44149 , pressures: 44149 

Option shuffle: True

Begin of training: 2022-12-13 21:41:01

Epoch,train_loss,val_loss,lr
1,9.271754822723478,2.0085737274609463,0.0001
2,4.252335017658058,2.1023910687343403,0.0001
3,4.032516693855525,2.142731932017506,0.0001
4,3.9046430263805973,2.3849476950255393,0.0001
5,3.785177969248095,2.221462972485635,0.0001
6,3.660595053990278,2.3444842199806275,0.0001
7,3.5581947463264703,2.5616088689052656,0.0001
8,3.483265560472158,2.176180709077725,0.0001
9,3.335570813325299,2.096992038363344,0.0001
10,3.258765127180732,2.1372237518939747,0.0001
11,3.147945198430751,1.8475478239763001,0.0001
12,3.0793664117769795,1.904406194624894,0.0001
13,2.9814528549182553,1.8705649577347339,0.0001
14,2.893741261704298,1.8210800842249601,0.0001
15,2.8087647651580885,1.9583838170386243,0.0001
16,2.709702058470507,2.5563558920849685,0.0001
17,2.646383125006485,2.0141727387825465,0.0001
18,2.577855987918538,2.2261153326593153,0.0001
19,2.499187632843516,2.039414132734142,0.0001
20,2.411657151663471,1.8237637533477626,0.0001
21,2.3312839069877334,1.897006915380802,0.0001
22,2.2734991713647292,1.9898320036935235,0.0001
23,2.193264374942313,1.9121349173852165,0.0001
24,2.129484340591513,1.9835706034960403,0.0001
25,2.065702934668273,1.8802744369023077,0.0001
26,2.0105962483728717,2.0805370004188597,0.0001
27,1.9553865662152183,1.8341324068000895,0.0001
28,1.8860689201593783,1.8436518520803322,0.0001
29,1.8257161479294703,1.7543235094772087,0.0001
30,1.7564271593468557,2.088753547891814,0.0001
31,1.7150773201322098,1.8401469309447875,0.0001
32,1.6529084796887328,1.8532416396439257,0.0001
33,1.608920216692514,2.072166700323089,0.0001
34,1.554958163303375,1.8815214113540137,0.0001
35,1.5008428490034993,1.966910643022315,0.0001
36,1.4499372729222644,2.0826566509596853,0.0001
37,1.3982430091783191,1.9855184607868808,0.0001
38,1.3564836785525933,2.084624658168468,0.0001
39,1.3161437501124709,1.8446528477837143,0.0001
40,1.27240571375046,1.8153983267650384,0.0001
41,1.2177849474726092,1.8955584234763532,0.0001
42,1.1814501841439338,1.8795143435821087,0.0001
43,1.1413683980546425,1.9624709897101913,0.0001
44,1.1055934090922228,1.9684346025804287,0.0001
45,1.067888900363852,1.9103078830822422,0.0001
46,1.0263919396412577,1.9835776613966634,0.0001
47,0.9941922914655159,1.9703876520840022,0.0001
48,0.9614816549322167,1.9293935364898047,0.0001
49,0.929635555845888,1.8841576781876967,0.0001
50,0.9061002131710679,2.078633036674812,0.0001
51,0.8748264649610809,2.0232011447306757,0.0001
52,0.8489664714734906,2.0026344651854475,0.0001
53,0.8139773243685227,1.8746394678086598,0.0001
54,0.7908143996317859,2.174526292639585,0.0001
55,0.7646740061688245,2.006694259221034,0.0001
56,0.7427219146319176,2.1601656957262274,0.0001
57,0.7247358180464827,2.0362516908743484,0.0001
58,0.7003911662868606,2.118166362602861,0.0001
59,0.6777584196512941,2.0856517192993342,0.0001
60,0.6529692559022957,2.2277251032352523,0.0001
61,0.6415016513037065,2.0727443848788374,0.0001
62,0.6221489497403019,2.055973396616864,0.0001
63,0.6035143003282855,2.0902839630586367,0.0001
64,0.5843481831476671,2.1875821117658263,0.0001
65,0.5730798889836206,2.0552114604885667,0.0001
66,0.5621311852944064,2.2195383060256333,0.0001
67,0.5459216814448394,2.129168661640477,0.0001
68,0.5364270008095585,1.9948217090781315,0.0001
69,0.5226551165810613,2.164379828167776,0.0001
70,0.5077688504500597,2.034024147121263,0.0001
71,0.5018577923503675,2.0909359525717783,0.0001
72,0.49108280360886236,2.1546936219280046,0.0001
73,0.4808639305973521,2.1443721836951286,0.0001
74,0.4693794004457942,2.0156723713507056,0.0001
75,0.46537144711285366,2.0880880516602387,0.0001
76,0.45420560053160136,2.256644772490698,0.0001
77,0.44534283586222834,2.1403287506235285,0.0001
78,0.43706543014062976,2.1425879177505744,0.0001
79,0.4307149109857534,2.0969353035980367,0.0001
80,0.42569734256094705,2.1039788294584825,0.0001
81,0.4181906287220941,2.1845912949604562,0.0001
82,0.413290711145612,2.2427880635696047,0.0001
83,0.4055402142522978,2.322209299135868,0.0001
84,0.4002916415561581,2.1540405442510613,0.0001
85,0.39441594433806637,2.2201468680906102,0.0001
86,0.39136211761104295,2.2074466188506565,0.0001
87,0.3853184982663727,2.227575783519049,0.0001
88,0.38032365907798316,2.186788006448166,0.0001
89,0.376459114461099,2.208075234157107,0.0001
90,0.37060217199155165,2.2623523996139254,0.0001
91,0.3671065110649051,2.211212905671751,0.0001
92,0.36630083373227984,2.013669651992059,0.0001
93,0.35952932600670623,2.2695821388631465,0.0001
94,0.35447311050391533,2.2534452580998456,0.0001
95,0.3514918341599403,2.267157533125104,0.0001
96,0.34657989555793683,2.187202822738424,0.0001
97,0.343905805885064,2.2479877385464757,0.0001
98,0.34537374753014227,2.278727909155552,0.0001
99,0.3402205058828916,2.23090609985936,0.0001
100,0.3365200040292461,2.354852689244355,0.0001
End of training: 2022-12-13 22:24:44

Loss min training: 0.3365200040292461

Loss min val: 1.7543235094772087

Best epoch: 29

Correlation: (0.41595955603168294, 0.0)




--> Fold: 2

Format of train data: frames: 127377 , pressures: 127377 

Format of validation data: frames: 39454 , pressures: 39454 

Option shuffle: True

Begin of training: 2022-12-13 22:24:51

Epoch,train_loss,val_loss,lr
1,9.074694272534588,1.667562715781347,0.0001
2,4.301144610302793,1.8493986192365712,0.0001
3,4.081682376754059,1.9887669425828414,0.0001
4,3.928844170467165,1.7643999175908882,0.0001
5,3.8162548460582633,2.15356465388391,0.0001
6,3.680778998624534,2.4636924730792944,0.0001
7,3.583314242368554,2.429594436080758,0.0001
8,3.4752617286660805,2.070090138701302,0.0001
9,3.340645877210655,2.233930294552498,0.0001
10,3.2806508774215586,2.1305341044254007,0.0001
11,3.157324932683904,2.077896892664889,0.0001
12,3.095682351899933,2.374640121506854,0.0001
13,2.9724407776831883,1.9488023934001983,0.0001
14,2.89513100572308,2.0793992999527355,0.0001
15,2.8283227566223914,2.3542174753937544,0.0001
16,2.7380885658757403,1.8579364451041314,0.0001
17,2.651104854304115,2.295564039537764,0.0001
18,2.5766321625561255,2.3057856332780187,0.0001
19,2.5008252406702978,2.0653956777127194,0.0001
20,2.418818891233267,2.399641179939348,0.0001
21,2.344879361015509,2.4236146388622175,0.0001
22,2.285486429856033,2.1913442934387906,0.0001
23,2.201461845080784,2.305392466719287,0.0001
24,2.1341701736937,2.026538196936232,0.0001
25,2.0779195456003676,2.267131955478475,0.0001
26,2.002997480422988,2.4863020175310786,0.0001
27,1.9407440485256082,2.4767257035905605,0.0001
28,1.864556483804187,2.456656757561067,0.0001
29,1.8141656481366268,2.4273871153905784,0.0001
30,1.7693834526949492,3.073084554845311,0.0001
31,1.692967321431033,2.568455850213287,0.0001
32,1.6525011733768022,2.2367684146458386,0.0001
33,1.5959390204837962,2.6284567660650167,0.0001
34,1.5451250218313382,2.658560798414372,0.0001
35,1.498868522967894,2.8089424843492528,0.0001
36,1.449127884012657,2.328760220915413,0.0001
37,1.3851437318476374,2.6407399422592923,0.0001
38,1.3506988749211384,1.9993450449647534,0.0001
39,1.305960766862608,2.215146615198599,0.0001
40,1.2581088110169683,3.068181566310532,0.0001
41,1.2213517477827431,2.2827600974623765,0.0001
42,1.1889455109974818,2.6092909118145027,0.0001
43,1.1382066141361409,2.3599088093485987,0.0001
44,1.1106278679217527,2.7624898642843916,0.0001
45,1.0673056689106608,2.0422806767483843,0.0001
46,1.0397339730090105,1.944296285059108,0.0001
47,1.0008197192639368,2.4420611095505818,0.0001
48,0.9692287411339329,1.8623708637691205,0.0001
49,0.9376726030123732,1.9721325061829713,0.0001
50,0.9087758286227446,1.9011985714439081,0.0001
51,0.8765399212284191,2.4350206527090195,0.0001
52,0.8558961763278787,2.7462090852505088,0.0001
53,0.8259462928122848,1.8862669404475043,0.0001
54,0.7995169301222703,1.838716478338593,0.0001
55,0.7768480593035663,1.9891900441127728,0.0001
56,0.7538714909113993,1.8099424595851437,0.0001
57,0.7310333545814033,1.8168781590835186,0.0001
58,0.712156734059577,2.4129690509998607,0.0001
59,0.6913448315447569,1.7914882200551165,0.0001
60,0.6755096175062172,2.1682757769606553,0.0001
61,0.6561302726378191,2.0995147813802895,0.0001
62,0.6395162131115846,1.8632384144468834,0.0001
63,0.6237144561416123,1.9072421855097905,0.0001
64,0.608718853981435,1.7946419794318849,0.0001
65,0.5917174750690346,2.5489771323093575,0.0001
66,0.5831019959144335,1.7970296004107729,0.0001
67,0.5655579680655344,1.7926219850242269,0.0001
68,0.5534734261260811,1.8288326960482104,0.0001
69,0.5411925667812447,2.0856402021961036,0.0001
70,0.5332099590056726,2.0151104163354874,0.0001
71,0.5217006389359551,2.0731637532261313,0.0001
72,0.5102945440690211,1.753165942593958,0.0001
73,0.5013994403608758,1.9459553436506125,0.0001
74,0.4938965082707645,1.7253848352416297,0.0001
75,0.4829861127826354,1.7647008826198802,0.0001
76,0.47490286091721523,1.8705227003389047,0.0001
77,0.4676087618812831,1.812391156776089,0.0001
78,0.46070107945163175,1.8960469647718525,0.0001
79,0.4552572194809705,1.884365106496735,0.0001
80,0.4493361339193562,1.7269570062688284,0.0001
81,0.44308041106378315,1.7662593007069578,0.0001
82,0.43709810843937674,1.8137536050883334,0.0001
83,0.4307495156486407,1.697892377251709,0.0001
84,0.42488449657328436,1.9564106319355168,0.0001
85,0.4186174397532132,1.9871531188859648,0.0001
86,0.4162463467084925,2.0446451922210405,0.0001
87,0.40910120985939535,1.8667236817265607,0.0001
88,0.40469302153565256,1.8802212988870424,0.0001
89,0.40149989102689676,2.022160059743303,0.0001
90,0.3971594809359043,1.9383368679337079,0.0001
91,0.3924209533176696,1.9051150588309547,0.0001
92,0.38593981062458976,2.087067974739541,0.0001
93,0.3860998476284725,1.9121869266525673,0.0001
94,0.3805501333022045,1.9396201458379514,0.0001
95,0.3745740552437946,2.0622434806562673,0.0001
96,0.3752140344619729,1.7971445613971695,0.0001
97,0.371058301505422,1.9478442640754645,0.0001
98,0.3664175712779277,1.7615321925802323,0.0001
99,0.3622059783772367,2.0499752326230896,0.0001
100,0.36041421255481043,2.0917114283047864,0.0001
End of training: 2022-12-13 23:09:07

Loss min training: 0.36041421255481043

Loss min val: 1.667562715781347

Best epoch: 1

Correlation: (0.5387660151285885, 0.0)




--> Fold: 3

Format of train data: frames: 125334 , pressures: 125334 

Format of validation data: frames: 41497 , pressures: 41497 

Option shuffle: True

Begin of training: 2022-12-13 23:09:13

Epoch,train_loss,val_loss,lr
1,9.196057943690816,1.5831128818648612,0.0001
2,4.288425226324314,1.5288172021217712,0.0001
3,4.07753655624277,1.5805731535124503,0.0001
4,3.9352926168700937,1.6027828746121553,0.0001
5,3.8330944048556943,1.3453525699362496,0.0001
6,3.717867844234159,1.4049106065596741,0.0001
7,3.5962583788228755,1.5833312826282786,0.0001
8,3.480314903235537,1.447827229615415,0.0001
9,3.3709034339547705,1.4772562093239714,0.0001
10,3.2944212421709,1.4077785491173471,0.0001
11,3.1777866446677234,1.687184843781006,0.0001
12,3.1174314017879223,1.3882101081171838,0.0001
13,3.004156037116706,1.4781420438419546,0.0001
14,2.924387850726336,1.6170695136161466,0.0001
15,2.832869845774167,1.5542115442298432,0.0001
16,2.754636401104197,1.9566206586249757,0.0001
17,2.672962243802711,1.7029821083976995,0.0001
18,2.588320925923341,1.4975363844649907,0.0001
19,2.519240516072165,1.9953451952819472,0.0001
20,2.443737319980256,1.667305345807842,0.0001
21,2.35138859121397,1.7139628370500466,0.0001
22,2.2917839933788895,1.5770244734900358,0.0001
23,2.2198307268494024,2.01929994906897,0.0001
24,2.1468739542415625,1.677119623992197,0.0001
25,2.0906265711113625,1.9661467683330502,0.0001
26,2.0074330091624817,2.1377659354562786,0.0001
27,1.9722050193707974,1.8595383512309325,0.0001
28,1.887185936914449,2.195839028227808,0.0001
29,1.8358657696435539,2.0951368033743756,0.0001
30,1.7679618381218587,2.3906664632988495,0.0001
31,1.7115664958615253,2.214337093306067,0.0001
32,1.6499505284027836,2.441696324767752,0.0001
33,1.5981108116449578,2.2631424793947845,0.0001
34,1.5625651337799988,2.040380994150414,0.0001
35,1.5054044829733264,2.343730739729374,0.0001
36,1.4552650302256203,2.272406695762203,0.0001
37,1.3969120011322118,2.3554326570427304,0.0001
38,1.3569667428864602,2.655078987048316,0.0001
39,1.3035471214456689,2.4629294566224273,0.0001
40,1.2691908191937022,2.6003601374383587,0.0001
41,1.2323072690852044,2.267140208076166,0.0001
42,1.1835026126082373,2.6104094722280906,0.0001
43,1.1494018875900296,2.429690625732668,0.0001
44,1.114123612678907,2.7282199729369987,0.0001
45,1.0705677218629286,2.190360017405058,0.0001
46,1.0327043109538425,2.6429301254846456,0.0001
47,0.998917722776405,2.337033666794388,0.0001
48,0.9720855911542338,3.002754517835913,0.0001
49,0.9391096669189063,2.6626694971967506,0.0001
50,0.9025575356468469,2.37501733641534,0.0001
51,0.8773067833022229,2.767033274025447,0.0001
52,0.850405005844993,2.490833025663839,0.0001
53,0.8232970886823062,2.3017752439593036,0.0001
54,0.7976034986934193,2.7138750534573326,0.0001
55,0.7737998032936262,2.6469177019137327,0.0001
56,0.7507307593593865,2.7058687499997975,0.0001
57,0.7305754702551033,2.984040634159318,0.0001
58,0.7081610804002308,2.704953036601421,0.0001
59,0.6900604581846012,2.810842036798747,0.0001
60,0.6736713446896562,2.688907914711291,0.0001
61,0.6496016678131658,3.0881957865555374,0.0001
62,0.6318709770026152,2.7167754618722877,0.0001
63,0.6148511918755434,2.9274881194665534,0.0001
64,0.6037349561572499,2.7533750327164275,0.0001
65,0.5847456494388854,2.9165118648525743,0.0001
66,0.5722082268437113,2.844167743955379,0.0001
67,0.5595725306683986,2.555813458120001,0.0001
68,0.5513729315610105,2.9185346841473154,0.0001
69,0.5350991497147539,2.5604109284986767,0.0001
70,0.5239192061853254,2.530754182178819,0.0001
71,0.5185770758908432,2.799469251450215,0.0001
72,0.5031469386718154,2.818454606684098,0.0001
73,0.4938415982424694,2.4939536541936644,0.0001
74,0.48610577371809566,2.894809112803466,0.0001
75,0.47556976863655276,2.770777864289789,0.0001
76,0.4680079405132419,2.876144777991058,0.0001
77,0.4644559533136794,2.7971751027921137,0.0001
78,0.4579476349664849,2.9026450984095407,0.0001
79,0.44851994284814295,2.7189965194704033,0.0001
80,0.4398494656921405,2.7731702908764753,0.0001
81,0.4372047533684324,2.476796760017172,0.0001
82,0.4308934171821421,2.8048716668988187,0.0001
83,0.4232213165939348,2.9630967107517683,0.0001
84,0.4189143132539129,2.5798030430993037,0.0001
85,0.4138068070894591,2.9140710175880526,0.0001
86,0.40898031852580014,2.7661768319787936,0.0001
87,0.40540037076616325,2.5550217163730253,0.0001
88,0.39841811710015607,2.710061973274899,0.0001
89,0.3946583369354729,2.8297034229781683,0.0001
90,0.3939445635649324,2.7507923205369904,0.0001
91,0.38796222228715294,2.607169360078254,0.0001
92,0.37818733357429385,2.737033861810754,0.0001
93,0.37872161592944054,2.314112985418811,0.0001
94,0.37656510982894337,2.7459394637741523,0.0001
95,0.37044782214306493,2.820495200685172,0.0001
96,0.3671457443216836,2.7940895427614043,0.0001
97,0.36514604321961114,2.416176012430656,0.0001
98,0.3604881333646055,2.6049611093130567,0.0001
99,0.35825254028972126,2.5401933129892025,0.0001
100,0.3526681734453103,2.883353378122524,0.0001
End of training: 2022-12-13 23:53:05

Loss min training: 0.3526681734453103

Loss min val: 1.3453525699362496

Best epoch: 5

Correlation: (0.5103995133166407, 0.0)




--> Fold: 4

Format of train data: frames: 127998 , pressures: 127998 

Format of validation data: frames: 38833 , pressures: 38833 

Option shuffle: True

Begin of training: 2022-12-13 23:53:11

Epoch,train_loss,val_loss,lr
1,8.930161151448779,1.7052296342818543,0.0001
2,4.229836069607534,1.5661978833558672,0.0001
3,4.022531855528994,1.4048512590888342,0.0001
4,3.8900450446102424,1.3547193538094888,0.0001
5,3.7645797828884486,1.3527139293921249,0.0001
6,3.63380844220625,1.3228526664357947,0.0001
7,3.537617099320703,1.361160542982556,0.0001
8,3.42168560742449,1.2441211008280841,0.0001
9,3.293472427757746,1.215976490649151,0.0001
10,3.200363094224511,1.2556376317845732,0.0001
11,3.12801635296457,1.2710204662662223,0.0001
12,3.023569263831368,1.232576245906483,0.0001
13,2.934929221143469,1.2361954140742348,0.0001
14,2.8494437862428668,1.2543510216459337,0.0001
15,2.7605615214788606,1.2570963350328486,0.0001
16,2.665278107496453,1.3621507849964176,0.0001
17,2.61040693342776,1.2184061664570198,0.0001
18,2.5125087199001532,1.2327000399540593,0.0001
19,2.4435707708956995,1.221474185269403,0.0001
20,2.3637373129534223,1.2932053315087855,0.0001
21,2.2885450438359065,1.2141887550420558,0.0001
22,2.202676445106508,1.2784168424747042,0.0001
23,2.160911939880226,1.2698618652118647,0.0001
24,2.0722761120721174,1.2540895796312082,0.0001
25,2.01770325425949,1.4759202072242377,0.0001
26,1.949284864259151,1.2347338627329802,0.0001
27,1.870105142360475,1.3091701195459389,0.0001
28,1.8208749437986325,1.248958922610068,0.0001
29,1.7724224220419469,1.3980036223265953,0.0001
30,1.7146203805790123,1.3107367372253727,0.0001
31,1.6384072863058543,1.3441421806473075,0.0001
32,1.5897911916228167,1.3260646045086721,0.0001
33,1.5318661797175,1.3220478409923662,0.0001
34,1.4836774817943446,1.363613566420797,0.0001
35,1.4474182409499499,1.4199610257030248,0.0001
36,1.3894044753964945,1.3944369053713548,0.0001
37,1.3326867311551691,1.5544797582077219,0.0001
38,1.3003813619958167,1.47331648577688,0.0001
39,1.2483644625900645,1.6287104161790786,0.0001
40,1.2130302213086164,1.6219809041084527,0.0001
41,1.1675103091957417,1.4994920006929988,0.0001
42,1.1266666165685153,1.534282608508413,0.0001
43,1.0882159989838205,1.5093323874092304,0.0001
44,1.0542669311482697,1.7840755582454384,0.0001
45,1.0184473637001639,1.6351472051347542,0.0001
46,0.9775049492397108,1.7718505018957644,0.0001
47,0.9422038161372202,1.7594014758616514,0.0001
48,0.9143936346457503,1.8199857099687455,0.0001
49,0.8874058125894493,1.7831913916292859,0.0001
50,0.8584429288771389,1.938559752828421,0.0001
51,0.8283494173913254,1.667430765094732,0.0001
52,0.8041343178973946,1.7514778513029565,0.0001
53,0.7797335421983711,1.6734769870154755,0.0001
54,0.7547453922857263,1.7696284809221343,0.0001
55,0.7264439514345351,2.160649695403914,0.0001
56,0.7060161393576018,2.2770880612294837,0.0001
57,0.6868291531270901,2.1694039730550125,0.0001
58,0.6666251927780455,2.059066051630455,0.0001
59,0.6519617438176645,2.5800523310788455,0.0001
60,0.6312609398729546,1.725371441526656,0.0001
61,0.6176147123206718,2.4514742554764393,0.0001
62,0.5991719625130633,2.1126760395372646,0.0001
63,0.5866958249831405,2.4177214806108047,0.0001
64,0.5674234725573682,2.53800688149574,0.0001
65,0.5569918659099793,2.1890647517898967,0.0001
66,0.5426936136744716,2.158086398854102,0.0001
67,0.5317498575879436,2.537182828367188,0.0001
68,0.5231387764217797,2.20330713252534,0.0001
69,0.5086893352231513,2.548590158742686,0.0001
70,0.5011893538022839,2.1414606456325838,0.0001
71,0.4885528468388494,2.0961554199361236,0.0001
72,0.4790091841021065,2.477433948523231,0.0001
73,0.4733217746058014,2.06401771308066,0.0001
74,0.4626107165645023,2.5701188618672717,0.0001
75,0.4579270488293939,2.287307939279415,0.0001
76,0.4499352415443709,1.887259337681842,0.0001
77,0.44173205690284517,2.2074901193930616,0.0001
78,0.4340717409158655,2.21200200295929,0.0001
79,0.43098906489101735,2.114633910437959,0.0001
80,0.42187269775138675,1.889239404361935,0.0001
81,0.41684756965210207,2.234316794125035,0.0001
82,0.40911841299569646,2.3332814051532558,0.0001
83,0.4065524005274651,2.3313458220520897,0.0001
84,0.4025182141578038,1.995797878636875,0.0001
85,0.3971465801111964,2.013001405222418,0.0001
86,0.39153862684766294,2.100836785519344,0.0001
87,0.3902934299411043,2.230594924153612,0.0001
88,0.37918955704346624,2.459246134394532,0.0001
89,0.3793908304350084,2.3114381300639586,0.0001
90,0.3710504125141703,2.1543479659900977,0.0001
91,0.3725282165774662,2.449156104853731,0.0001
92,0.36413346047813006,2.2038556469940946,0.0001
93,0.36290033451449,2.014537146583058,0.0001
94,0.3599218797791937,2.1094345800311713,0.0001
95,0.3611492725246152,2.0926937772161063,0.0001
96,0.350396591231969,1.9261186977463391,0.0001
97,0.35339524211321055,2.1861278513128486,0.0001
98,0.348536548657539,2.192220911301128,0.0001
99,0.34461500897672254,2.1238336046556205,0.0001
100,0.338877845977265,2.0028524801069447,0.0001
End of training: 2022-12-14 00:37:37

Loss min training: 0.338877845977265

Loss min val: 1.2141887550420558

Best epoch: 21

Correlation: (0.5045590398693408, 0.0)




--> Fold: 5

Format of train data: frames: 123787 , pressures: 123787 

Format of validation data: frames: 43044 , pressures: 43044 

Option shuffle: True

Begin of training: 2022-12-14 00:37:42

Epoch,train_loss,val_loss,lr
1,8.9770478569143,3.544234784675701,0.0001
2,4.162699112834408,2.4028430200400774,0.0001
3,3.958011039982669,2.6075037965133347,0.0001
4,3.859877306673079,2.5713792012345116,0.0001
5,3.7449312914531743,2.326563969674069,0.0001
6,3.6357192248364814,2.715855815565483,0.0001
7,3.5078014758130958,2.4902153682801793,0.0001
8,3.4169797428444695,2.5382894145579447,0.0001
9,3.281121105918452,2.552514029395546,0.0001
10,3.2113374791184652,2.6121566007155246,0.0001
11,3.131461943897644,2.3902850054905835,0.0001
12,3.022496521947218,2.758039459908787,0.0001
13,2.9228647230815294,2.6807019210927447,0.0001
14,2.8718226324144736,2.7576248958189655,0.0001
15,2.7733468539734827,2.6656279282968245,0.0001
16,2.676522248376055,2.5085476569865297,0.0001
17,2.6178822058265863,2.5659823704138085,0.0001
18,2.533468860284711,2.2676534933645525,0.0001
19,2.445223806400093,2.495621797570109,0.0001
20,2.359544784704342,2.5552540649413706,0.0001
21,2.3162270313933417,2.3742114419487814,0.0001
22,2.242503811189679,2.5926714774324,0.0001
23,2.161540464000259,2.612518094173318,0.0001
24,2.093396907762313,2.6589567223043646,0.0001
25,2.0225703569109443,2.8260521099321707,0.0001
26,1.9609549556256778,2.8149157190132335,0.0001
27,1.892733464599791,2.543525039479476,0.0001
28,1.8390213089933325,2.5993306005037624,0.0001
29,1.770406400270342,2.6002161337334297,0.0001
30,1.7116778442759053,2.3926629677059017,0.0001
31,1.6489505590751878,2.64548433322178,0.0001
32,1.6054219516842687,2.5349800838168783,0.0001
33,1.5429608729053081,2.496032225156227,0.0001
34,1.5009524596965595,2.6564031592222763,0.0001
35,1.4368955099132075,2.8712663275858095,0.0001
36,1.392015067124662,2.7539189990685005,0.0001
37,1.3428225469381991,2.532582981658906,0.0001
38,1.302746077429952,2.463005698244541,0.0001
39,1.2573030086335886,2.5818893160255922,0.0001
40,1.2047929010746437,2.4549071610212083,0.0001
41,1.1569452019087254,2.2708342782339526,0.0001
42,1.1227747563651331,2.2662894124269553,0.0001
43,1.0811367799330471,2.417957017151643,0.0001
44,1.042526326716715,2.4152952175957485,0.0001
45,1.0134636356979922,2.3311189423373126,0.0001
46,0.973600987583478,2.4387108485347087,0.0001
47,0.9298598301809654,2.5610818992526476,0.0001
48,0.9018674876676294,2.7456751811649482,0.0001
49,0.8711106787317312,2.1656718874341014,0.0001
50,0.843116680160541,2.3544566993065987,0.0001
51,0.815571985969269,2.286828647037829,0.0001
52,0.7907897715029752,2.3214315359792503,0.0001
53,0.7581736375073554,2.4625631969952804,0.0001
54,0.739570066469927,2.2407917974163816,0.0001
55,0.7098101562066714,2.424133885074045,0.0001
56,0.6877658518228252,2.342378938002011,0.0001
57,0.6664365461389271,2.262126113028899,0.0001
58,0.6458112730275528,2.42405770454428,0.0001
59,0.6235658445026189,2.3232185373673175,0.0001
60,0.6061966461149838,2.445836760166708,0.0001
61,0.5911823221779646,2.460520901247733,0.0001
62,0.5737032323525092,2.301083631114926,0.0001
63,0.5575639084186758,2.156447715956907,0.0001
64,0.5420566542121318,2.228589521333106,0.0001
65,0.5283573988340834,2.22705336169188,0.0001
66,0.5192781429858876,2.2699992252585948,0.0001
67,0.5065206415475821,2.3088756171691687,0.0001
68,0.4918864228856558,2.201432997603674,0.0001
69,0.4807885815747163,2.337955025755421,0.0001
70,0.4745485311928271,2.3101166642827735,0.0001
71,0.4600847043022445,2.3752616891275165,0.0001
72,0.4520344357586283,2.2221319463414537,0.0001
73,0.4415683582501798,2.3294975921828756,0.0001
74,0.43346074064884993,2.206354158162384,0.0001
75,0.42912882540980163,2.207047315260234,0.0001
76,0.42005187170271335,2.256315911816527,0.0001
77,0.41381170411810597,2.18722150044618,0.0001
78,0.40681077175791114,2.217345409262148,0.0001
79,0.40260814904706305,2.3917698170790698,0.0001
80,0.39592067804304154,2.187583951876516,0.0001
81,0.39036282477143136,2.2367742521209397,0.0001
82,0.38381218216909485,2.3266902738051303,0.0001
83,0.378109428969887,2.206185628430416,0.0001
84,0.3743623119066906,2.1777398522464484,0.0001
85,0.3698924435410278,2.149840853026161,0.0001
86,0.36648083146771154,2.2110379206160498,0.0001
87,0.3604823763779296,2.1813920292199827,0.0001
88,0.35679550549875483,2.261876455127456,0.0001
89,0.3546019946725344,2.253067131579094,0.0001
90,0.3469153709203879,2.2700779530851607,0.0001
91,0.3459058078752325,2.2566469045789166,0.0001
92,0.3430900976347236,2.306534205501313,0.0001
93,0.33794690988112774,2.2459795867440735,0.0001
94,0.33532118696931545,2.3788374449149705,0.0001
95,0.3351175572262676,2.4418406466017113,0.0001
96,0.3293386266047542,2.18699406425413,0.0001
97,0.32884508745245455,2.1663717231878103,0.0001
98,0.3248792324735114,2.433778682170266,0.0001
99,0.32025467670239166,2.2852845139889433,0.0001
100,0.3239749653310669,2.4330795830526424,0.0001
End of training: 2022-12-14 01:21:21

Loss min training: 0.32025467670239166

Loss min val: 2.149840853026161

Best epoch: 85

Correlation: (0.3752975615197717, 0.0)




--> Fold: 6

Format of train data: frames: 125799 , pressures: 125799 

Format of validation data: frames: 41032 , pressures: 41032 

Option shuffle: True

Begin of training: 2022-12-14 01:21:27

Epoch,train_loss,val_loss,lr
1,8.835134440445794,2.1020715199243862,0.0001
2,4.184450411025399,2.2406541635521116,0.0001
3,4.039772448984621,1.7033417601872662,0.0001
4,3.8973785466191266,1.9236856530716275,0.0001
5,3.7828658156577317,1.9049868114186579,0.0001
6,3.657960742280618,2.2907031264354387,0.0001
7,3.565552043560765,1.5996545017474482,0.0001
8,3.437471393276691,1.7510271559776815,0.0001
9,3.319095459700982,2.0053865585812445,0.0001
10,3.246041321625769,1.8462575791895006,0.0001
11,3.1460798120482356,1.9949561718914517,0.0001
12,3.0523312732283916,2.0772964669891585,0.0001
13,2.9762786752630923,2.0174573716317314,0.0001
14,2.8811122521680255,1.9217283793605775,0.0001
15,2.7962336207191596,2.1159215202501676,0.0001
16,2.7204552907756248,2.1663490785077015,0.0001
17,2.6437340659563944,2.700922906828754,0.0001
18,2.552497644289081,2.1837009089479764,0.0001
19,2.47229150240038,2.431272267086693,0.0001
20,2.4004648207162624,2.1218314561306513,0.0001
21,2.321397961561471,2.2942664706075395,0.0001
22,2.2665818892876266,1.9801287531597058,0.0001
23,2.194628552697454,2.550343304378616,0.0001
24,2.1193994628220265,1.9679259872966446,0.0001
25,2.0618424059246427,2.2385147982671914,0.0001
26,2.0012476539802098,2.174233984844939,0.0001
27,1.9399062902175237,2.3354190877827783,0.0001
28,1.8788290145648323,2.6695575297610943,0.0001
29,1.8227678819313304,2.2587391591067436,0.0001
30,1.7543386572749087,2.5555900878947155,0.0001
31,1.7033419848494773,2.188454676520455,0.0001
32,1.6440391614261434,2.272731167318575,0.0001
33,1.597592951163115,3.0596154364002777,0.0001
34,1.539108372770175,2.680498790429521,0.0001
35,1.4945059846778543,2.0201480059066834,0.0001
36,1.4453989267965195,2.3636378676460414,0.0001
37,1.3918437235878405,2.139594485023422,0.0001
38,1.3483334973536563,2.23839204853844,0.0001
39,1.319200524007449,1.914795467788003,0.0001
40,1.266028832520886,2.57267315417011,0.0001
41,1.2283620949580831,2.177475400627833,0.0001
42,1.1835687997269866,2.3492155606622562,0.0001
43,1.1499102572534188,2.08565369877673,0.0001
44,1.1116726058462985,2.9844587925791766,0.0001
45,1.076345920966429,2.6143653624981416,0.0001
46,1.0393122998988433,2.7387237947199585,0.0001
47,1.0103301669069435,2.4017394292329017,0.0001
48,0.9775966220453021,2.2761597216164167,0.0001
49,0.9514960469287522,2.292943483394683,0.0001
50,0.9201659078506066,2.628257785886555,0.0001
51,0.8929442306707385,2.7173406758441354,0.0001
52,0.8624986695857038,2.1880435908275357,0.0001
53,0.8362697068152942,2.2536464631383146,0.0001
54,0.8159900494833412,2.3474203866228627,0.0001
55,0.7886237345300612,2.67069719529891,0.0001
56,0.7692079630002043,2.238647149538385,0.0001
57,0.7413593728244928,2.394698894193563,0.0001
58,0.727102211826491,2.570667143104183,0.0001
59,0.7067418550145634,2.5873267087213105,0.0001
60,0.6823174575508332,2.4842404781853995,0.0001
61,0.665480659147686,2.9133384853897795,0.0001
62,0.6495446064545468,2.252016752685202,0.0001
63,0.6355555204617137,2.1954158257499126,0.0001
64,0.6210304589217304,2.1841872801532474,0.0001
65,0.6065213609996785,2.2269356800906026,0.0001
66,0.5892865452486189,2.0690486010902687,0.0001
67,0.5745854284448936,2.260343239911236,0.0001
68,0.5663873176034414,2.3011619422746743,0.0001
69,0.5555027447217015,2.3267564666180567,0.0001
70,0.5439218057998237,2.1197272267902214,0.0001
71,0.5312111586272384,2.0728731750628477,0.0001
72,0.5217959936155484,2.039793559602651,0.0001
73,0.5141718039579517,2.1166738996870174,0.0001
74,0.5037253959122883,2.1390501878302937,0.0001
75,0.4897845536585312,2.29664553627212,0.0001
76,0.48845697993611453,2.0181591031518358,0.0001
77,0.48097535109759515,2.156237362234837,0.0001
78,0.47165961969866194,1.9149693741996425,0.0001
79,0.46456396205315204,2.0985641417667913,0.0001
80,0.4556911467637842,2.151668304122431,0.0001
81,0.45056143229663037,2.248506843729962,0.0001
82,0.44379674227475563,2.258164253411969,0.0001
83,0.44058909703570737,2.036133154346409,0.0001
84,0.4328448821670976,1.9383792456978128,0.0001
85,0.4313059169070757,2.0511826290027235,0.0001
86,0.4235386513772652,2.0745343629043456,0.0001
87,0.41837241684436033,2.0536874476221016,0.0001
88,0.41730123797097274,2.075022487711037,0.0001
89,0.4121696599685018,1.992401668053432,0.0001
90,0.40583883367503665,2.2120010917659485,0.0001
91,0.39980605333404573,2.0693385030912315,0.0001
92,0.3964052361141043,1.934784326480829,0.0001
93,0.39138446885329503,1.9550138292639871,0.0001
94,0.3854814016276442,2.124747693015716,0.0001
95,0.3814889991161837,2.0618542956896846,0.0001
96,0.38202458793366895,1.9954154653422758,0.0001
97,0.3786316349026761,1.9493671249613518,0.0001
98,0.37305157309096404,2.1010075524248886,0.0001
99,0.3720939675228705,1.9697414208258028,0.0001
100,0.3678223272723994,1.9556334822248542,0.0001
End of training: 2022-12-14 02:05:25

Loss min training: 0.3678223272723994

Loss min val: 1.5996545017474482

Best epoch: 7

Correlation: (0.5226783191191371, 0.0)




--> Fold: 7

Format of train data: frames: 121714 , pressures: 121714 

Format of validation data: frames: 45117 , pressures: 45117 

Option shuffle: True

Begin of training: 2022-12-14 02:05:30

Epoch,train_loss,val_loss,lr
1,9.271185585696253,1.5560918243799549,0.0001
2,4.27016309894036,1.6043713414389225,0.0001
3,4.047902209878209,1.377028753780887,0.0001
4,3.9246035247180733,1.280041151283285,0.0001
5,3.8341147732655934,1.2841553970952404,0.0001
6,3.6881338747284578,1.301135327787632,0.0001
7,3.5794839416231987,1.2339418524545587,0.0001
8,3.475019993841514,1.2774301285169505,0.0001
9,3.3643174599572414,1.420741628728062,0.0001
10,3.2808449812958096,1.2697762759211617,0.0001
11,3.1918861470781215,1.5332926936898614,0.0001
12,3.099639500453078,1.2903062699732424,0.0001
13,3.0072062195825326,1.4169398844763936,0.0001
14,2.9320620516110987,1.4909660528956288,0.0001
15,2.852791416677763,1.377823635518642,0.0001
16,2.7746565339951443,1.3854136161829353,0.0001
17,2.6843982266222475,1.2301388691668946,0.0001
18,2.6081442336654392,1.3706967792768445,0.0001
19,2.547448794347394,1.3702679421009318,0.0001
20,2.4543163424902974,1.4291137585306082,0.0001
21,2.3755712155623345,1.511411704566749,0.0001
22,2.312576900998497,1.5717076393037985,0.0001
23,2.246123235926199,1.631033640572938,0.0001
24,2.1775331469553114,1.4127811922033455,0.0001
25,2.1121039939588395,1.4525190759619877,0.0001
26,2.056204461780288,1.5585639480713038,0.0001
27,1.9847832417095155,1.6434153890949004,0.0001
28,1.92161455923774,1.6063770233856876,0.0001
29,1.8598884929070145,1.4866165388036572,0.0001
30,1.801035263650524,1.6181537539759676,0.0001
31,1.7535318502205377,1.569769040686438,0.0001
32,1.689730875786745,1.5454091519929178,0.0001
33,1.6439701303696932,1.5258860551795974,0.0001
34,1.589310727940671,1.4443007074650698,0.0001
35,1.5367612451893276,1.43144403926383,0.0001
36,1.4807262622415094,1.5348766229807793,0.0001
37,1.441562395074513,1.463985794322495,0.0001
38,1.3809509710199013,1.4931735195245774,0.0001
39,1.338819744815855,1.5426203677620287,0.0001
40,1.3036750332729394,1.57280362316894,0.0001
41,1.249937998736659,1.6625637640755848,0.0001
42,1.209454311308198,1.607431088236996,0.0001
43,1.1728063892957357,1.655381111987509,0.0001
44,1.1397555229910938,1.5417536967168013,0.0001
45,1.1015619133285734,1.6374332668283644,0.0001
46,1.0617340272446907,1.5887928298911767,0.0001
47,1.0236435935846624,1.6330910310174624,0.0001
48,0.9938801195141496,1.559638264702813,0.0001
49,0.9632472717450733,1.684206389824935,0.0001
50,0.9252434961269701,1.5569276136585428,0.0001
51,0.8980355655288834,1.6351685094625166,0.0001
52,0.8684447918818811,1.6885900461740055,0.0001
53,0.8420965077539849,1.6309876616342451,0.0001
54,0.8218150176112169,1.6479915816048785,0.0001
55,0.7891547755610393,1.8705511337439822,0.0001
56,0.7662467046680128,1.71307890203338,0.0001
57,0.7449381552898741,1.836561406887621,0.0001
58,0.719973345361871,1.6373874031092006,0.0001
59,0.7026915048797587,1.7151172732351456,0.0001
60,0.680092225772978,1.817027191940657,0.0001
61,0.659216179507192,1.7552076056274293,0.0001
62,0.6424646706913492,1.8226279269946917,0.0001
63,0.6275844847473123,1.7906134498059376,0.0001
64,0.6075929184639445,1.8014758137953573,0.0001
65,0.5936936538224584,1.8836681795825185,0.0001
66,0.5805678021629259,1.8032073249318465,0.0001
67,0.5686074291821179,1.914587353276565,0.0001
68,0.5498673063702805,1.6372927498394159,0.0001
69,0.5393331103957439,2.0029344592483462,0.0001
70,0.5320774745940771,1.7635925179569714,0.0001
71,0.5144677676111966,1.858116199824553,0.0001
72,0.5052066584281565,1.941459166463825,0.0001
73,0.4956353009574712,1.9341963018025505,0.0001
74,0.485221073179563,1.8741001166315936,0.0001
75,0.47778231734319176,1.9401574119211107,0.0001
76,0.468578256786517,1.8459065292818864,0.0001
77,0.46447534824288567,1.8279779291291407,0.0001
78,0.45236665636988105,1.988081009793763,0.0001
79,0.4466556478766463,1.6964336135464204,0.0001
80,0.43887617336939166,1.9623651654172256,0.0001
81,0.43644567279438246,2.2863283963227423,0.0001
82,0.4262585422855078,1.9262341551766222,0.0001
83,0.422456702455857,2.020682798034479,0.0001
84,0.4162394907001379,1.9627963446275054,0.0001
85,0.4117906301198009,1.9226171741497855,0.0001
86,0.40313705494376534,1.9729632179922627,0.0001
87,0.4018961646862943,1.8204431831116694,0.0001
88,0.39952157155825957,1.9973466845695085,0.0001
89,0.38879987106530567,1.9328917790027835,0.0001
90,0.387234514609692,1.8544586677353843,0.0001
91,0.38327052028222613,2.0248917370798805,0.0001
92,0.37934187891598603,1.8956346976185536,0.0001
93,0.3756640029998203,1.7816910307191298,0.0001
94,0.3743025749032484,1.9348439660285712,0.0001
95,0.367311181337205,1.9817454704043105,0.0001
96,0.36334377219527236,1.8502752092403176,0.0001
97,0.3596317873634471,1.9372795385616528,0.0001
98,0.35839918584450803,1.9574430594855512,0.0001
99,0.35653934702146184,1.8093900261405755,0.0001
100,0.35362536552214574,1.8334098744324225,0.0001
End of training: 2022-12-14 02:48:40

Loss min training: 0.35362536552214574

Loss min val: 1.2301388691668946

Best epoch: 17

Correlation: (0.5974889298850827, 0.0)




--> Fold: 8

Format of train data: frames: 132010 , pressures: 132010 

Format of validation data: frames: 46835 , pressures: 46835 

Option shuffle: True

Begin of training: 2022-12-14 02:48:46

Epoch,train_loss,val_loss,lr
1,8.994301936359317,1.675287047732636,0.0001
2,4.289426265926164,1.6065770454871002,0.0001
3,4.052601212720493,1.691592457633753,0.0001
4,3.894508029160992,1.6439213838039703,0.0001
5,3.7784656178580116,1.6083897579488777,0.0001
6,3.6705028816187313,1.5097986361636058,0.0001
7,3.55399902538227,1.6452962690628083,0.0001
8,3.420780789444875,1.542064877784251,0.0001
9,3.3029737844836324,1.595503151937293,0.0001
10,3.194684099726637,1.632544494975882,0.0001
11,3.1119777933105124,1.5051751295937612,0.0001
12,3.0267361465452947,1.5459974098628086,0.0001
13,2.911786631513442,1.6030312746581876,0.0001
14,2.8317645945338423,1.6490614653397258,0.0001
15,2.747209550124137,1.6553393184597824,0.0001
16,2.665844595666167,1.6922673212192707,0.0001
17,2.5728296702201234,1.6598844446214016,0.0001
18,2.5003853896523722,1.5666840464198069,0.0001
19,2.4319698166426416,1.683321211408548,0.0001
20,2.3376205498626237,1.5680149458459314,0.0001
21,2.2545459712168436,1.8285325803712935,0.0001
22,2.1908687089015277,1.603708087885101,0.0001
23,2.1206288632312766,1.7044545947315473,0.0001
24,2.043140626388936,1.746634726322256,0.0001
25,1.9673016722965724,1.6482174344743419,0.0001
26,1.914366239551775,1.6471007035383614,0.0001
27,1.8541104166916433,1.698100282624881,0.0001
28,1.7944695081776556,1.58624119486513,0.0001
29,1.7293688012834625,1.5406931496549725,0.0001
30,1.656674562177101,1.8298480550112968,0.0001
31,1.612766104313056,1.669746881403332,0.0001
32,1.556860181042014,1.5697172409087958,0.0001
33,1.4999219817254104,1.5868843696663877,0.0001
34,1.4400081930120066,1.6302162047535629,0.0001
35,1.3998214348077178,1.5419782316874349,0.0001
36,1.355197911736243,1.503044906547793,0.0001
37,1.3038420698848803,1.6272689446805317,0.0001
38,1.2562405842929598,1.4952487296173358,0.0001
39,1.2173437421696267,1.5117688052896325,0.0001
40,1.167315112056267,1.4829946639762561,0.0001
41,1.1359600746507907,1.4025254263966445,0.0001
42,1.085367457081121,1.5898120753103582,0.0001
43,1.055513487388831,1.7723188385353077,0.0001
44,1.0142880901243911,1.5787924349390736,0.0001
45,0.9806870338998233,1.5806910021908067,0.0001
46,0.9527483586786046,1.5850140078772574,0.0001
47,0.9175075936106134,1.4496639910611702,0.0001
48,0.8880730319601976,1.5927860579521715,0.0001
49,0.8573898699669917,1.585748129460121,0.0001
50,0.8303611506278673,1.6614106769557695,0.0001
51,0.8001427787093988,1.635556760650823,0.0001
52,0.774368464489361,1.9119148919927764,0.0001
53,0.7500908452000151,1.5510985509555393,0.0001
54,0.731416046780155,1.5501831624224611,0.0001
55,0.7070973141560383,1.7565273228966338,0.0001
56,0.6882115319410731,1.6606755399800701,0.0001
57,0.6670316154627572,1.6181584750166618,0.0001
58,0.6466843082655398,1.6346732693878145,0.0001
59,0.62989535855846,1.564561869654722,0.0001
60,0.6140099336329613,1.5819424207454635,0.0001
61,0.5979819522352077,1.6190025978031364,0.0001
62,0.5810292206143043,1.6115426028565127,0.0001
63,0.5722247421095817,1.6973251471209452,0.0001
64,0.553826421616195,1.7051161668656207,0.0001
65,0.5481656928060994,1.5832162107336518,0.0001
66,0.5314777025119183,1.6159872166130755,0.0001
67,0.5218591110185822,1.9052801343564152,0.0001
68,0.5120837772744107,1.5480533556761527,0.0001
69,0.501765668214284,1.6225873430472397,0.0001
70,0.49195905363240955,1.7713596105499203,0.0001
71,0.48069229242196815,1.7650835400013554,0.0001
72,0.47226320689089885,1.5794512479425151,0.0001
73,0.4688485383739093,1.6162138282139147,0.0001
74,0.4623896392418863,1.682469064148078,0.0001
75,0.45106548345497127,1.5117820721788977,0.0001
76,0.44142739079899973,1.5770386552255793,0.0001
77,0.4382209853817681,1.5611530908006506,0.0001
78,0.4341857590767283,1.5460461291659027,0.0001
79,0.42819649411976207,1.5334856281899536,0.0001
80,0.4232946060510415,1.5378643737196147,0.0001
81,0.4137223501885789,1.6239107430929358,0.0001
82,0.41186240425155735,1.5649322939425583,0.0001
83,0.40748403164759955,1.4697150118974327,0.0001
84,0.4025240032792624,1.5884331379448882,0.0001
85,0.39444971803047196,1.5838287061365688,0.0001
86,0.3929069490538755,1.5265722493014595,0.0001
87,0.39116326829906883,1.745112522055401,0.0001
88,0.3818766661868223,1.7124938177937719,0.0001
89,0.38157625999805395,1.514732279695568,0.0001
90,0.3763027673083339,1.5521619535884774,0.0001
91,0.3727114837572941,1.468974609661092,0.0001
92,0.37444149721762365,1.6367662827029634,0.0001
93,0.36563491683079974,1.5502185244691071,0.0001
94,0.3652462017350139,1.461796778228579,0.0001
95,0.3582875949032839,1.6636792369264033,0.0001
96,0.35807396088366383,1.5935265444151503,0.0001
97,0.3574616114963736,1.58586447418366,0.0001
98,0.3486076077792457,1.4761309484973768,0.0001
99,0.34670811022522685,1.6835396917153667,0.0001
100,0.3456427355264951,1.593333937801851,0.0001
End of training: 2022-12-14 03:35:16

Loss min training: 0.3456427355264951

Loss min val: 1.4025254263966445

Best epoch: 41

Correlation: (0.6262761224996657, 0.0)




--> Fold: 9

Format of train data: frames: 131637 , pressures: 131637 

Format of validation data: frames: 47208 , pressures: 47208 

Option shuffle: True

Begin of training: 2022-12-14 03:35:23

Epoch,train_loss,val_loss,lr
1,8.597330142251293,1.6130041873287375,0.0001
2,4.157752595805265,1.458615743574541,0.0001
3,3.9549974896710984,1.4127405762591618,0.0001
4,3.80026355243761,1.5244458685525695,0.0001
5,3.716247165491163,1.6222506193382582,0.0001
6,3.57692876724208,1.7421637717151497,0.0001
7,3.4719621964893124,1.548861973115174,0.0001
8,3.3587980413614025,1.5782564814626878,0.0001
9,3.251228785849357,1.3738091225503684,0.0001
10,3.17613255249626,1.4214048404003519,0.0001
11,3.0592639223483147,1.55639546625777,0.0001
12,2.9830076870227527,1.406982856440435,0.0001
13,2.8680743174557737,1.4694537063550797,0.0001
14,2.787371317947655,1.357898655917115,0.0001
15,2.7077234005034585,1.469682037295012,0.0001
16,2.6215797066521005,1.4515736011140852,0.0001
17,2.5259922699329977,1.5071101932076352,0.0001
18,2.455895876753512,1.4758250422547214,0.0001
19,2.381967509654185,1.6283527177949009,0.0001
20,2.296191239277846,1.3269092538279612,0.0001
21,2.229483617231682,1.545826713739058,0.0001
22,2.1609934208831167,1.4685900121235358,0.0001
23,2.086391034911212,1.5923777174048657,0.0001
24,2.023924916952087,1.6967742119860072,0.0001
25,1.9404425493815283,1.5090854717016098,0.0001
26,1.899952335793871,1.5102285358627414,0.0001
27,1.8243537221151989,1.409811412009359,0.0001
28,1.7669924554987146,1.4388017366951027,0.0001
29,1.7146072052617567,1.665521241283845,0.0001
30,1.6427143141571279,1.6208611536866384,0.0001
31,1.6016466550796888,1.4702498457266544,0.0001
32,1.540543836332615,1.6659164701633749,0.0001
33,1.4980451165685713,1.463957392185588,0.0001
34,1.4433721521100553,1.540415898760867,0.0001
35,1.3835132712349323,1.5781153159270023,0.0001
36,1.3381962754975139,1.5034051332771121,0.0001
37,1.3003232065910484,1.5015073548412146,0.0001
38,1.2563144111959856,1.4962577505387242,0.0001
39,1.202508720302623,1.3680632620661002,0.0001
40,1.163760228911111,1.4637888365530438,0.0001
41,1.123468714816585,1.4911512752353813,0.0001
42,1.0894522788936907,1.5813311163681358,0.0001
43,1.049167109460194,1.4704444992645296,0.0001
44,1.0093221428101142,1.5983274572078625,0.0001
45,0.9818964270760372,1.5096448474648725,0.0001
46,0.9458061897155259,1.4592088367389109,0.0001
47,0.916798117481159,1.5603504723117545,0.0001
48,0.8881155912306531,1.6581471497134583,0.0001
49,0.8564974628082396,1.5235933948019726,0.0001
50,0.8382011334623886,1.4897719037934818,0.0001
51,0.8122892253249672,1.5394228466323545,0.0001
52,0.7866820720296983,1.6406151047805027,0.0001
53,0.7606449901165188,1.604029168801436,0.0001
54,0.7332914701659994,1.5925793399691197,0.0001
55,0.7083834642228776,1.4806214528070871,0.0001
56,0.695247547294886,1.4339948343717532,0.0001
57,0.6741310979110886,1.6424373171628885,0.0001
58,0.6565539330920768,1.5339054472667446,0.0001
59,0.6364684907825517,1.5706087472256594,0.0001
60,0.6217720696363328,1.5555312586444816,0.0001
61,0.6107197250876472,1.5636298831408963,0.0001
62,0.5890413318799343,1.6325192616220612,0.0001
63,0.5744688509545445,1.627067410507519,0.0001
64,0.5628911742356765,1.5763040289921673,0.0001
65,0.5506938463292946,1.747550495154493,0.0001
66,0.5403968024129054,1.645266961008992,0.0001
67,0.5301188060453582,1.8217021296174218,0.0001
68,0.5225598004481322,1.7457629973515476,0.0001
69,0.5091167545347491,1.5967500439701878,0.0001
70,0.4951126474498832,1.7434952923088352,0.0001
71,0.492671038488533,1.699211987615177,0.0001
72,0.48254949547404685,1.7241346388322947,0.0001
73,0.4723258242060312,1.6448572550642553,0.0001
74,0.46970252979986876,1.7220892050047685,0.0001
75,0.4574309686634066,1.7417784169394572,0.0001
76,0.453147035486755,1.6530099692253355,0.0001
77,0.4470807089151368,1.7395024484263661,0.0001
78,0.43886594252366595,1.613204945267065,0.0001
79,0.43194500940062314,1.652492260048095,0.0001
80,0.42852773883913864,1.7192023855167977,0.0001
81,0.42311651291486585,1.6640775327338262,0.0001
82,0.41844687360395133,1.7011191635248197,0.0001
83,0.412068943303071,1.753760295103332,0.0001
84,0.4084036654646565,1.6210575785763768,0.0001
85,0.4001010225458476,1.6914332381064074,0.0001
86,0.39972676396522977,1.5929280406154833,0.0001
87,0.39322477115182525,1.7657442829039638,0.0001
88,0.3930228540017624,1.7055396471684554,0.0001
89,0.39074896826494643,1.5799142541349631,0.0001
90,0.38288907003217787,1.5518657025634748,0.0001
91,0.3768054558203919,1.7309587954101149,0.0001
92,0.37571732401014696,1.608941401390479,0.0001
93,0.3741591456275358,1.660607483604766,0.0001
94,0.3700679895151545,1.7574275126398227,0.0001
95,0.3672066524669991,1.6235694280015758,0.0001
96,0.3620874471237696,1.6535567926604997,0.0001
97,0.361476539831396,1.7277256816226614,0.0001
98,0.3550449789552518,1.7520543908874902,0.0001
99,0.35611653584246805,1.6931315283313926,0.0001
100,0.3481785009851433,1.7638328274192092,0.0001
End of training: 2022-12-14 04:21:51

Loss min training: 0.3481785009851433

Loss min val: 1.3269092538279612

Best epoch: 20

Correlation: (0.45659343274521297, 0.0)




Mean validation loss: 1.509709505647249
