
Dispositivo usado pelo Pytorch: cuda:3

Features usadas: Felipe

*****************************************

-----> GRID 0:   hyperparameters
0             100
1            adam
2              32
3             0.5
4          0.0001
5             0.2

 LSTM =True


 option_overlap=True , option_causal=False ,option_dropout_lstm=0.2



--> Fold: 0

Format of train data: frames: 118655 , pressures: 118655 

Format of validation data: frames: 48176 , pressures: 48176 

Option shuffle: True

Begin of training: 2022-12-12 15:12:13

Epoch,train_loss,val_loss,lr
1,7.664449400158539,1.7487228447834307,0.0001
2,2.517626641777321,1.547796965753941,0.0001
3,2.354432890344965,1.661941871853692,0.0001
4,2.283641181659831,1.544757850421144,0.0001
5,2.2248763685687383,1.5138969070212225,0.0001
6,2.184850440375558,1.685090752781843,0.0001
7,2.1429855795868287,1.5380749479752764,0.0001
8,2.082993416199265,1.4743792956273685,0.0001
9,2.046498186405136,1.540360106538198,0.0001
10,2.002752355207892,1.6218013827565578,0.0001
11,1.9619813966025725,1.569356073576206,0.0001
12,1.9346021090369225,1.5320816485242803,0.0001
13,1.890622835433376,1.7655030043962112,0.0001
14,1.8560829038339892,1.585468996248147,0.0001
15,1.8346697702183192,1.511971920600012,0.0001
16,1.7868705014273067,1.5695892629810284,0.0001
17,1.766346340343004,1.7366670175708834,0.0001
18,1.7337511495153217,1.8004154435664228,0.0001
19,1.696379298385399,1.8042897907692268,0.0001
20,1.650941633765744,1.6748446215430355,0.0001
21,1.634120133173189,1.8291774676195294,0.0001
22,1.6023259488416377,1.9323391915951327,0.0001
23,1.5765520641401973,1.8814589976868492,0.0001
24,1.551509891264227,1.5851730921663585,0.0001
25,1.524013675565761,1.710286069613127,0.0001
26,1.4961429508681505,1.9493520374671838,0.0001
27,1.4589877995823413,1.8360491357384945,0.0001
28,1.4406743101522907,1.8350142053653535,0.0001
29,1.406337997904419,1.8784884675639446,0.0001
30,1.4002944775600408,1.7311061298439407,0.0001
31,1.3749018032880043,1.7788406887627726,0.0001
32,1.34658623595469,1.8508467597448324,0.0001
33,1.3089561501072147,1.781007496592453,0.0001
34,1.287567088900452,1.8023974792935926,0.0001
35,1.2732781532219561,2.072242775813799,0.0001
36,1.2409338606990779,2.0984789701998334,0.0001
37,1.2250014670503702,1.7690083560101102,0.0001
38,1.1984585324519654,1.950967558156371,0.0001
39,1.1815488155449463,1.7921814759757106,0.0001
40,1.1468720168311066,1.7956301623386863,0.0001
41,1.1418932228975303,1.8453574745174421,0.0001
42,1.103854131406249,1.7369026338012858,0.0001
43,1.0861788907860248,1.8407876522427815,0.0001
44,1.061560327017344,1.8493678187738023,0.0001
45,1.0485605971756238,2.0332545068168195,0.0001
46,1.0320266293583202,1.7887972118608264,0.0001
47,1.0136245687713887,1.9916552659959263,0.0001
48,0.9842340391071329,2.04805858857368,0.0001
49,0.9686794379639477,2.113172788471132,0.0001
50,0.951011322670482,1.8935852769758565,0.0001
51,0.9302022050391617,1.733919969590072,0.0001
52,0.9103534786128841,1.9259146077416736,0.0001
53,0.8983476956677012,2.0619654329620456,0.0001
54,0.8780159794004823,1.8517293090521003,0.0001
55,0.8604178349737984,1.8963348769698178,0.0001
56,0.8439417854150505,1.8202476933801424,0.0001
57,0.8321719796320696,1.8810307622866471,0.0001
58,0.8126403557888039,1.980779268622042,0.0001
59,0.7975784133214132,1.9537281299183749,0.0001
60,0.7800641453008446,1.9389502445513607,0.0001
61,0.7647580667596154,1.9815106938266152,0.0001
62,0.7573953492994792,1.9670257170467194,0.0001
63,0.7424686781168838,2.145279560402674,0.0001
64,0.7220620235899076,2.0932454596085233,0.0001
65,0.7119830692921069,1.8301305169878668,0.0001
66,0.6927152332712639,2.1650473153381324,0.0001
67,0.6818837906687285,1.9287211680008463,0.0001
68,0.6784135956463021,1.789434682368757,0.0001
69,0.6621712526641741,1.8199663614363657,0.0001
70,0.6473997449966303,1.909203128733931,0.0001
71,0.6322483294436444,2.020052594308717,0.0001
72,0.6199864229437203,1.848544588796881,0.0001
73,0.6105910805804726,1.9781237955071214,0.0001
74,0.5997810563930221,2.129143493668814,0.0001
75,0.5878242578816311,1.854791885750985,0.0001
76,0.5721994782301897,1.9861124245204311,0.0001
77,0.5687106338718648,2.044241851605834,0.0001
78,0.5551620058241578,1.9644884944793515,0.0001
79,0.5429634219520809,1.8965184215452535,0.0001
80,0.5352943499259283,2.070351547673864,0.0001
81,0.5230417197708896,1.9791777360403668,0.0001
82,0.5162074499358108,2.1699268524926274,0.0001
83,0.5092076802031691,2.067912366848695,0.0001
84,0.500282473597503,1.9527223045269304,0.0001
85,0.4912433535972029,1.7778049784021812,0.0001
86,0.48778301951134834,1.8939580152455218,0.0001
87,0.4738312045438849,1.8625670929993954,0.0001
88,0.4656277811402673,1.9473673425533178,0.0001
89,0.46168720328116114,1.9011332221064445,0.0001
90,0.45109401968978136,1.9512391600724432,0.0001
91,0.44242957918036424,1.9439030905096129,0.0001
92,0.43874300200047733,2.0843966944357835,0.0001
93,0.4318156816972341,1.884077362585052,0.0001
94,0.42416804250609,1.976161526469684,0.0001
95,0.4183354324948586,1.952901927310737,0.0001
96,0.4126245813666933,1.9108445732271264,0.0001
97,0.40461820205034277,2.0012034852811165,0.0001
98,0.395858163709491,1.9790011739382432,0.0001
99,0.3902452520780932,2.047090917677232,0.0001
100,0.38752960943677406,1.8922407176953064,0.0001
End of training: 2022-12-12 15:54:09

Loss min training: 0.38752960943677406

Loss min val: 1.4743792956273685

Best epoch: 8

Correlation: (0.5528587408308939, 0.0)




--> Fold: 1

Format of train data: frames: 122682 , pressures: 122682 

Format of validation data: frames: 44149 , pressures: 44149 

Option shuffle: True

Begin of training: 2022-12-12 15:54:15

Epoch,train_loss,val_loss,lr
1,7.577885939259826,2.141808728439578,0.0001
2,2.525028619497115,2.218073034575956,0.0001
3,2.389548555471999,2.161205197231705,0.0001
4,2.313354702219028,2.383567219261254,0.0001
5,2.2357395041204833,2.1236920322242465,0.0001
6,2.18399323518259,2.134807375355532,0.0001
7,2.134217999557923,2.2219393899528304,0.0001
8,2.096718912515954,2.257266771256304,0.0001
9,2.046558437517109,2.157325681674715,0.0001
10,2.0013695541063026,2.1617869954030455,0.0001
11,1.974022531746104,1.9683849303114145,0.0001
12,1.9444516678415051,1.8183878577334167,0.0001
13,1.8965198120383135,1.8988402157278708,0.0001
14,1.864058100938762,1.8420387141234569,0.0001
15,1.8254274265924064,1.9236291337924278,0.0001
16,1.8019951470210216,2.285272431575028,0.0001
17,1.7710488344342286,1.7519478752171915,0.0001
18,1.728106153063599,1.8324184078260706,0.0001
19,1.7173713221105107,1.89495433833867,0.0001
20,1.6638688657318803,1.716671368169008,0.0001
21,1.6373595953768911,1.6954103325114747,0.0001
22,1.6148551193817895,1.7284580418017472,0.0001
23,1.5730034332319234,1.7737615110488107,0.0001
24,1.5519077828448906,1.6432886609523714,0.0001
25,1.5217996912005984,1.7159984933336059,0.0001
26,1.4976683895556944,1.8794143879280487,0.0001
27,1.4699868666130882,1.8003018341555017,0.0001
28,1.4336631867263745,1.6636170905001821,0.0001
29,1.414343953336685,1.5625939158427302,0.0001
30,1.3805264860663204,1.8975782626055762,0.0001
31,1.3635778737133086,1.6893384966154397,0.0001
32,1.3344544406212455,1.7925343946351149,0.0001
33,1.3146226203693676,1.640050580443287,0.0001
34,1.2910733300521993,1.6426831594061404,0.0001
35,1.2638239069527657,1.6736382339928961,0.0001
36,1.2408138491060645,1.7218109785723372,0.0001
37,1.2159652977895676,1.8299497113891758,0.0001
38,1.1969188806357323,1.6375343304112013,0.0001
39,1.1751644226101643,1.68605989265956,0.0001
40,1.1501263824668408,1.8181585630729742,0.0001
41,1.1228891735932693,1.7538627144563979,0.0001
42,1.1026878467726076,1.7811584908110782,0.0001
43,1.0840251218374575,1.7458947897065404,0.0001
44,1.0660557801020247,1.6822637875986444,0.0001
45,1.04833702886111,1.825300646661516,0.0001
46,1.0213521342020144,1.638567700005649,0.0001
47,1.0002494492619984,1.7694417146187076,0.0001
48,0.9890653256210493,1.7498378325903028,0.0001
49,0.9660654974019522,1.7544640828216895,0.0001
50,0.9496733886923008,1.7946152235147257,0.0001
51,0.9335523182663938,1.8586906233002136,0.0001
52,0.9073531936109381,2.00256115225542,0.0001
53,0.8896482417717987,1.7427909490505877,0.0001
54,0.8760952334529457,1.9634406562245617,0.0001
55,0.8542480927505888,1.688240404909266,0.0001
56,0.8422697792281998,1.8443263931294287,0.0001
57,0.8305228605196693,1.8580902705373692,0.0001
58,0.8118392323285876,1.8845750520382114,0.0001
59,0.8007557814107371,1.8769190605020099,0.0001
60,0.7785362760424157,1.930614250195375,0.0001
61,0.7651573464968439,1.8853360073907035,0.0001
62,0.7518739538510998,1.7655189550947112,0.0001
63,0.7367570571586451,1.8570514166702643,0.0001
64,0.7185099607859501,1.9857840655346781,0.0001
65,0.7069442841452857,1.9362840944838964,0.0001
66,0.6897863889587468,2.077245437830782,0.0001
67,0.6813394343160568,1.934961286060197,0.0001
68,0.6749407207974013,1.8915755506544578,0.0001
69,0.654667214464526,1.9363968544183046,0.0001
70,0.643556786853305,1.779827252439109,0.0001
71,0.633989557301504,1.8403774992348063,0.0001
72,0.6239365258677207,1.971474471960379,0.0001
73,0.6106307134781668,1.8791041103380663,0.0001
74,0.5967965657194361,1.8278306030131388,0.0001
75,0.5897129383822691,1.938595798143096,0.0001
76,0.5751308081660815,2.0197164109048655,0.0001
77,0.5655010474267276,1.8544984480330713,0.0001
78,0.5552499445330745,2.0054501248538994,0.0001
79,0.5453337169986283,1.849388959127044,0.0001
80,0.5404113237884753,2.007453689534909,0.0001
81,0.530608671933927,1.9746741356348845,0.0001
82,0.518454086861976,1.812737968343903,0.0001
83,0.5099420974430426,1.9831066661740882,0.0001
84,0.5025263296197654,2.099154927689572,0.0001
85,0.4920846561018503,2.0127048310224955,0.0001
86,0.48463340865118076,2.1597865262699356,0.0001
87,0.4741298196281406,2.0274027802292958,0.0001
88,0.46588388448875795,2.198061401251232,0.0001
89,0.4601230734034891,2.047684588452077,0.0001
90,0.45101294271474607,2.0917371267122022,0.0001
91,0.4446540622647361,2.1391859018275303,0.0001
92,0.43812394329784876,1.9323144558966585,0.0001
93,0.431313946181667,2.101854668535401,0.0001
94,0.42479261021488846,2.2520180514840087,0.0001
95,0.41784243340969623,2.2669435733090837,0.0001
96,0.4074205750022044,2.119936715825076,0.0001
97,0.40450476165926785,2.06158183470148,0.0001
98,0.40021239241453016,2.124481604769939,0.0001
99,0.39619165104551135,2.111604390785582,0.0001
100,0.3866633716350924,2.1479362436036333,0.0001
End of training: 2022-12-12 16:36:55

Loss min training: 0.3866633716350924

Loss min val: 1.5625939158427302

Best epoch: 29

Correlation: (0.492503355548954, 0.0)




--> Fold: 2

Format of train data: frames: 127377 , pressures: 127377 

Format of validation data: frames: 39454 , pressures: 39454 

Option shuffle: True

Begin of training: 2022-12-12 16:37:01

Epoch,train_loss,val_loss,lr
1,7.413285772592512,1.6635427053117193,0.0001
2,2.6186181519685645,1.6490648047345249,0.0001
3,2.4543260797206985,1.796906415959442,0.0001
4,2.357339751242476,1.5503704535977467,0.0001
5,2.28307056565699,1.7774728571775809,0.0001
6,2.217745464782887,2.199819741678376,0.0001
7,2.1778758035087242,2.351018081659141,0.0001
8,2.1238704856371915,1.9363935227968667,0.0001
9,2.069106088250594,2.1686066738608134,0.0001
10,2.040350049052095,1.9453916810254654,0.0001
11,1.991010271353735,1.9465979514085994,0.0001
12,1.9691919463884562,2.2500174981374097,0.0001
13,1.915737681872816,2.00854004638003,0.0001
14,1.8695214827009394,2.1174386246686483,0.0001
15,1.8571598773387195,2.005216212583735,0.0001
16,1.8114981744921996,2.013331719410971,0.0001
17,1.776338581919948,2.225793543200102,0.0001
18,1.7431216902249824,2.1428732214536237,0.0001
19,1.7339254100955546,2.0059725586095487,0.0001
20,1.6897736963862686,2.0640228484752194,0.0001
21,1.6553845855118092,2.326683991605695,0.0001
22,1.6267734070462188,1.8486936948421113,0.0001
23,1.5852462393256512,1.76219450569965,0.0001
24,1.5670060380099233,1.9557913322918148,0.0001
25,1.5436141534697918,1.7481454411709358,0.0001
26,1.5053478300810559,1.9525071594871872,0.0001
27,1.4765128640648921,1.8346395893443064,0.0001
28,1.4415512791043201,1.701702074942456,0.0001
29,1.4303673770304224,1.8961019957579837,0.0001
30,1.4051281084309777,2.35896442367597,0.0001
31,1.3689712084772425,1.9241228490144826,0.0001
32,1.3463228746207603,1.9309255059119408,0.0001
33,1.3208510426162425,1.938320254798522,0.0001
34,1.2966890612056003,2.011676049760637,0.0001
35,1.2702588389718452,1.834328089361287,0.0001
36,1.2505282699309352,1.8131523656973203,0.0001
37,1.2125020303927747,2.0115093601730742,0.0001
38,1.2000544824017505,1.726139186546807,0.0001
39,1.173366386345899,1.9451919754259597,0.0001
40,1.149501270831286,2.051055654701341,0.0001
41,1.125483408948501,1.743886098959832,0.0001
42,1.1160084908806336,2.0686679219259303,0.0001
43,1.078601900610241,1.844580662234203,0.0001
44,1.07380203470498,2.2347856807703907,0.0001
45,1.0459852160046668,2.0478413787622705,0.0001
46,1.0322632479845668,1.771514237546435,0.0001
47,1.0111003398457272,1.936709844788699,0.0001
48,0.9856689494132351,1.7022831519376296,0.0001
49,0.9610613139574113,1.7863597743877524,0.0001
50,0.9435414389482764,1.9637834805098793,0.0001
51,0.926373891537627,1.9303088222253628,0.0001
52,0.9114061670685857,1.9989432645966836,0.0001
53,0.8903761594450876,1.7433598239018055,0.0001
54,0.8747815553993586,2.066288306249368,0.0001
55,0.8612446012130047,1.982887641992113,0.0001
56,0.837126756809487,2.096883491066131,0.0001
57,0.8200496454603584,2.2065877993470506,0.0001
58,0.8069188637489457,1.9436969921085763,0.0001
59,0.7911632578198714,1.8744556731252437,0.0001
60,0.7756793281429438,1.962042561871551,0.0001
61,0.7596250210336596,1.8414912963442875,0.0001
62,0.7461368025443722,2.1702364133665735,0.0001
63,0.7328726443166665,1.8876148262817727,0.0001
64,0.7193140324295502,1.8801899671663338,0.0001
65,0.7034952435653448,2.183216204203081,0.0001
66,0.6905915044677496,2.142428900410305,0.0001
67,0.6717085197831273,2.118671204343173,0.0001
68,0.6601212729381207,2.3877084635924404,0.0001
69,0.6479580148199252,1.9742579646146068,0.0001
70,0.6430232443459828,2.061870816064907,0.0001
71,0.6272786612612766,1.908580596057704,0.0001
72,0.6168164555833126,1.79627303560597,0.0001
73,0.6011678984184526,2.177407442335967,0.0001
74,0.5914501279855262,2.1037408871930365,0.0001
75,0.583992879950203,2.248992551640284,0.0001
76,0.5713766797255972,2.2501658551467076,0.0001
77,0.5594304884299994,2.1809594129751013,0.0001
78,0.5486013707972408,2.1352742749280065,0.0001
79,0.5395858019574702,2.2860155402057982,0.0001
80,0.5328394775582405,1.9931863998807182,0.0001
81,0.5182400163107288,2.525803096985596,0.0001
82,0.5135593810054211,2.3466401044442686,0.0001
83,0.5039982047579404,2.2819714313066575,0.0001
84,0.4920621094864683,2.129080269481369,0.0001
85,0.4886619112197405,2.0752949204031306,0.0001
86,0.47810156515912416,2.46993759887389,0.0001
87,0.46948915664862767,2.451173774093962,0.0001
88,0.46133587388870195,2.7015739613589242,0.0001
89,0.4574337030652302,2.5160803546737283,0.0001
90,0.4485948633235912,2.1551743010074578,0.0001
91,0.4431461849774042,2.5203463903713224,0.0001
92,0.43408982905150595,2.444648580724701,0.0001
93,0.4272374514265258,2.547572303786379,0.0001
94,0.4213070858978009,2.550300913199812,0.0001
95,0.4144544960218492,2.3632933708660238,0.0001
96,0.40952309556921623,2.4121762177219876,0.0001
97,0.4011024015159173,2.3067513174635295,0.0001
98,0.39788653802156504,2.233626883167838,0.0001
99,0.3926142832585851,2.4930451967884575,0.0001
100,0.38542411154893846,2.6954791302578722,0.0001
End of training: 2022-12-12 17:20:55

Loss min training: 0.38542411154893846

Loss min val: 1.5503704535977467

Best epoch: 4

Correlation: (0.4035524519434196, 0.0)




--> Fold: 3

Format of train data: frames: 125334 , pressures: 125334 

Format of validation data: frames: 41497 , pressures: 41497 

Option shuffle: True

Begin of training: 2022-12-12 17:21:01

Epoch,train_loss,val_loss,lr
1,7.373781362069843,1.588536901721283,0.0001
2,2.5483235477200856,1.549554612649953,0.0001
3,2.4194903971828667,1.5690212138524116,0.0001
4,2.3456210126171775,1.981589396134869,0.0001
5,2.280069146223347,1.6249205592937044,0.0001
6,2.2238153142162234,1.7821090462426292,0.0001
7,2.1789428199547585,1.630972270256359,0.0001
8,2.1127862864840887,2.03604849993236,0.0001
9,2.0982983099304686,1.9816792139843964,0.0001
10,2.044388938410863,1.8885594941904582,0.0001
11,2.016916948394161,2.150577473882325,0.0001
12,1.9779154900808895,1.9258795917834202,0.0001
13,1.9379617919574446,2.1237565577023,0.0001
14,1.9008452945833225,2.093917909204453,0.0001
15,1.864794722861476,2.0863863909724567,0.0001
16,1.8328101048700935,3.298784737242593,0.0001
17,1.7955528006017287,2.6126217562643785,0.0001
18,1.7483992510286137,2.321112048359645,0.0001
19,1.7479506056584992,2.577134495192638,0.0001
20,1.6940803746744777,2.1762609374831405,0.0001
21,1.6594993623548193,2.5418442868668163,0.0001
22,1.642207400077116,2.4326290446947745,0.0001
23,1.6003774740275667,2.5611914466409123,0.0001
24,1.5762836509482374,2.65600828943814,0.0001
25,1.551023198248472,2.6686659388810257,0.0001
26,1.511283284678071,2.587327994814688,0.0001
27,1.4964949394601323,2.5739985702899455,0.0001
28,1.450213425743488,2.588474467412177,0.0001
29,1.431550744790961,2.7788455555874902,0.0001
30,1.398786187486761,2.6409715559090907,0.0001
31,1.3734038985559087,2.6648969472217328,0.0001
32,1.34906436931728,2.844651825931252,0.0001
33,1.318133159788765,2.7029518117145575,0.0001
34,1.308861594831154,2.7285882203002165,0.0001
35,1.2789337510137513,2.894353195750909,0.0001
36,1.256698642171264,2.7921837356276296,0.0001
37,1.219125420097181,2.392927750169816,0.0001
38,1.206842309947308,2.5394073593721913,0.0001
39,1.176632069610413,2.567513767634799,0.0001
40,1.154232479512177,2.8633222493199892,0.0001
41,1.1368144791550876,2.7463859518852614,0.0001
42,1.1083991018824924,2.6344642289205327,0.0001
43,1.097406145379917,2.885187179446982,0.0001
44,1.077507938976797,3.0586054139813275,0.0001
45,1.0497412756243523,2.6088075212539814,0.0001
46,1.0312483599924707,2.633052292374452,0.0001
47,1.0065359306456814,2.783662584007977,0.0001
48,0.9932752386010627,3.2902116823257312,0.0001
49,0.9722096541995172,2.7460476446718234,0.0001
50,0.9506533179650736,2.929138329298142,0.0001
51,0.9358612592618223,3.093925806793313,0.0001
52,0.9135452156541167,2.7657131589136688,0.0001
53,0.9029325609420816,2.4312430860467837,0.0001
54,0.8855317051538469,2.8179225752082884,0.0001
55,0.8584697468232056,2.6585294575732243,0.0001
56,0.8495224054021746,2.854597695273635,0.0001
57,0.8374101760211765,2.8489542253063904,0.0001
58,0.8156898223927873,2.7000240488224962,0.0001
59,0.7957954132017813,2.678890687734428,0.0001
60,0.7861936023704914,2.6937864497244712,0.0001
61,0.7679731751760136,2.685776363548797,0.0001
62,0.75313491733081,2.752526802812929,0.0001
63,0.7390326478806695,2.757090772833138,0.0001
64,0.7226907513416395,2.8387067585183123,0.0001
65,0.7094905718994348,2.6657621041606396,0.0001
66,0.6980842404368431,2.7351424314402517,0.0001
67,0.6853648557193028,3.070584461281471,0.0001
68,0.6777844453460229,2.6055220319532033,0.0001
69,0.6600344932912318,2.366825323982532,0.0001
70,0.6462702925321612,2.3880716492607643,0.0001
71,0.6359676762563835,2.6976532110476272,0.0001
72,0.6244366733178349,2.800216812936588,0.0001
73,0.6126909335410553,2.8455660730700183,0.0001
74,0.6025724818694832,2.675388532917043,0.0001
75,0.5843077950642184,2.4903173832404204,0.0001
76,0.578625806729482,2.663131897928146,0.0001
77,0.5683174432783994,2.5295830883140846,0.0001
78,0.5590230360493302,2.583541272039726,0.0001
79,0.547736506142935,2.827184443324779,0.0001
80,0.5342067631255586,2.642001939267455,0.0001
81,0.5274954009262868,2.6001135355811993,0.0001
82,0.5216495492131268,2.88602020267257,0.0001
83,0.5103875736915787,2.668555500519018,0.0001
84,0.5034765675536734,2.5977700099108074,0.0001
85,0.4935218077194282,2.6929972366094272,0.0001
86,0.4869779596057929,2.605802820122816,0.0001
87,0.4791947150277203,2.542906588628085,0.0001
88,0.4707095117184864,2.6008455085131588,0.0001
89,0.4657751302441804,2.7746214669339726,0.0001
90,0.45631541948643234,2.4883641835037196,0.0001
91,0.45008051040358354,2.5897535019921523,0.0001
92,0.4393463366998987,2.4825687806548897,0.0001
93,0.4317392292005889,2.7706651577826684,0.0001
94,0.43020061750593236,2.590836350933961,0.0001
95,0.42117241988801524,2.575523190329781,0.0001
96,0.41666452785128505,2.5258929832190162,0.0001
97,0.40825348932312744,2.543593179192242,0.0001
98,0.40277502868129356,2.502458579259243,0.0001
99,0.39899189155005177,2.6291508543395703,0.0001
100,0.3918889553205601,2.6751680761962797,0.0001
End of training: 2022-12-12 18:04:32

Loss min training: 0.3918889553205601

Loss min val: 1.549554612649953

Best epoch: 2

Correlation: (0.5035754967011101, 0.0)




--> Fold: 4

Format of train data: frames: 127998 , pressures: 127998 

Format of validation data: frames: 38833 , pressures: 38833 

Option shuffle: True

Begin of training: 2022-12-12 18:04:38

Epoch,train_loss,val_loss,lr
1,7.193546778682724,1.5159653948524368,0.0001
2,2.5051896380108576,1.3843766020926687,0.0001
3,2.3928746126836518,1.3735978140914,0.0001
4,2.31304313315103,1.3211849123654706,0.0001
5,2.2348335254441762,1.2497486776607287,0.0001
6,2.181984785467437,1.2411706612080853,0.0001
7,2.138626184300927,1.223597229302192,0.0001
8,2.1075878710811513,1.244817930412548,0.0001
9,2.0407310096965614,1.2583602484232845,0.0001
10,2.005236570236338,1.1794162097962146,0.0001
11,1.9667401227279147,1.2563403425683775,0.0001
12,1.9202586543636584,1.226255931084313,0.0001
13,1.887457916264564,1.2052751121392555,0.0001
14,1.8525369713687494,1.4112442683722939,0.0001
15,1.8100287559958226,1.2193371917850693,0.0001
16,1.7853980745050515,1.4078803345251363,0.0001
17,1.7492138345952455,1.319715737283477,0.0001
18,1.7139628345451234,1.2606631944142268,0.0001
19,1.678568275983014,1.2932300050151868,0.0001
20,1.6497036790893973,1.2874111109057662,0.0001
21,1.6231470648096,1.2158182461659963,0.0001
22,1.5781906488718513,1.5607996571642038,0.0001
23,1.5701750349101782,1.4058734647853115,0.0001
24,1.520829944346543,1.361916784496301,0.0001
25,1.5033514169374909,1.5099355661383715,0.0001
26,1.4758406668823676,1.4925666972966025,0.0001
27,1.4432383075103392,1.3400071122471169,0.0001
28,1.4181470723280238,1.3475377809021187,0.0001
29,1.400027080834602,1.4551880551880125,0.0001
30,1.366616494741404,1.7085024865948868,0.0001
31,1.3351451743533662,1.443827025325447,0.0001
32,1.3122129458841225,1.6685605379627264,0.0001
33,1.2852901798756518,1.476541054708358,0.0001
34,1.259628668929691,1.5764926526872673,0.0001
35,1.2454309087482924,1.5818036480622604,0.0001
36,1.2155133908863271,1.5744586476761973,0.0001
37,1.1818625624659405,1.5995148516264908,0.0001
38,1.1707869202783812,1.5377332113301994,0.0001
39,1.142707367191393,1.5022180808169754,0.0001
40,1.1177151594251917,1.521323902762357,0.0001
41,1.0999971027290372,1.6044623984790274,0.0001
42,1.0724319355797287,1.6820689147191545,0.0001
43,1.0555153965109947,1.7046886987862733,0.0001
44,1.0366144842795204,1.60709625775571,0.0001
45,1.012491101537746,1.7016617661909026,0.0001
46,0.9905602202702095,1.6291280418409553,0.0001
47,0.974688673578584,1.8340954241031715,0.0001
48,0.9520327859359689,1.8288466245794763,0.0001
49,0.931372368981513,1.7193861950546794,0.0001
50,0.9163698382551896,1.68087742863586,0.0001
51,0.8948293152057606,1.5976507803724738,0.0001
52,0.8788611074598821,1.6511204511927187,0.0001
53,0.8666280594031739,1.8635113108146752,0.0001
54,0.8450180710616542,1.704930345461947,0.0001
55,0.8244396443031649,1.7011978258489964,0.0001
56,0.8018975413080868,1.8556427002272384,0.0001
57,0.7961764069642441,1.6666657050067941,0.0001
58,0.7761878241345119,1.8140378842483857,0.0001
59,0.7651138395789556,1.8787277944241534,0.0001
60,0.7457293780658891,1.8315088441277183,0.0001
61,0.7330254920935392,1.6610395452123008,0.0001
62,0.7171381590066436,1.7602405927092404,0.0001
63,0.701762624994051,1.9221202244554894,0.0001
64,0.6880661863647689,1.948303282600107,0.0001
65,0.673311906036253,1.8145487431140446,0.0001
66,0.6613722102757806,2.0014294898227867,0.0001
67,0.6442764237092102,1.7290887757861433,0.0001
68,0.6385936996354117,1.8593855414681457,0.0001
69,0.6185010217742422,1.8908846432784552,0.0001
70,0.6090903226071093,1.8296961698469971,0.0001
71,0.6024438725132282,1.9869717041604338,0.0001
72,0.5887240567036567,1.7999929958481082,0.0001
73,0.5758982375367779,1.7323473071903424,0.0001
74,0.5608828895584576,1.8161621898987523,0.0001
75,0.5564042621827591,1.9872724870610985,0.0001
76,0.5423960168251133,1.874635280819424,0.0001
77,0.536109387981707,2.084418171056806,0.0001
78,0.5236133637395725,2.081405130492494,0.0001
79,0.5182303565401858,1.9244957955127378,0.0001
80,0.5035938409461135,1.8930555441050896,0.0001
81,0.4958287365639697,1.8642912251021067,0.0001
82,0.4851469309892067,1.8681832857554117,0.0001
83,0.48062184147206016,1.9592663496997482,0.0001
84,0.4704105698082022,1.8747843347269768,0.0001
85,0.4673174578220867,2.029629508073062,0.0001
86,0.45942058509345257,2.028857395288133,0.0001
87,0.4468035587340728,1.9938018547804974,0.0001
88,0.4389279017534257,1.8899959687841845,0.0001
89,0.43226458583755956,1.8437132513858017,0.0001
90,0.4240935385412539,2.2407593689660334,0.0001
91,0.4195957792969625,2.1048024101076575,0.0001
92,0.40905539848774336,1.862911598775664,0.0001
93,0.40541305163673735,2.041496210753606,0.0001
94,0.39980174270709473,2.0390455000916208,0.0001
95,0.3956517778857037,2.1553198849885042,0.0001
96,0.38628324748341014,2.020568469611185,0.0001
97,0.3825235795126935,1.9537382991167873,0.0001
98,0.3723309575970276,2.112759368301092,0.0001
99,0.3687463839964322,2.0802242671900344,0.0001
100,0.36286136889137693,2.043420904330374,0.0001
End of training: 2022-12-12 18:48:41

Loss min training: 0.36286136889137693

Loss min val: 1.1794162097962146

Best epoch: 10

Correlation: (0.40555740550616853, 0.0)




--> Fold: 5

Format of train data: frames: 123787 , pressures: 123787 

Format of validation data: frames: 43044 , pressures: 43044 

Option shuffle: True

Begin of training: 2022-12-12 18:48:46

Epoch,train_loss,val_loss,lr
1,7.195961651158034,2.6244681550106943,0.0001
2,2.4296436744579215,2.4287518256548757,0.0001
3,2.3086094218204036,2.591309206280364,0.0001
4,2.2538179877297666,2.309056152022136,0.0001
5,2.2074802461588,2.555554304520843,0.0001
6,2.1593443660064975,2.390069292298636,0.0001
7,2.102039569719698,2.297114156145731,0.0001
8,2.0690275571280163,2.1869426236510687,0.0001
9,2.0040479838427756,2.2477237061379225,0.0001
10,1.9809771507141334,2.301783282853626,0.0001
11,1.9349426629301838,2.18351950825795,0.0001
12,1.896204781983751,2.255881863758806,0.0001
13,1.854950093071829,2.1756931150195524,0.0001
14,1.8301656262508483,2.273546956257299,0.0001
15,1.7969728416462687,2.204850179977814,0.0001
16,1.7629546645412093,2.279350277792841,0.0001
17,1.7317156954649164,2.409009750786019,0.0001
18,1.699032123666629,2.209693764102646,0.0001
19,1.6587711805293335,2.147817476366701,0.0001
20,1.631939486544641,2.4577018940341304,0.0001
21,1.6140938195063839,2.561553734539278,0.0001
22,1.5792221562147661,2.274685793744511,0.0001
23,1.544523647211385,2.69088959993012,0.0001
24,1.52374679582791,2.484651081890613,0.0001
25,1.4930190030563546,2.5838815792820378,0.0001
26,1.4593384466824038,2.4761740307018734,0.0001
27,1.4298169739666033,2.311434272407721,0.0001
28,1.403852742028789,2.5421560498908398,0.0001
29,1.3733869552635418,2.4146830939236277,0.0001
30,1.3520059881873117,2.3845272808699303,0.0001
31,1.3255498218545236,2.4328186584664437,0.0001
32,1.3018422035841721,2.4220489066458692,0.0001
33,1.2668469597190126,2.5201270842505656,0.0001
34,1.2519319891266105,2.625825185379611,0.0001
35,1.2204008767227845,2.6749619674797827,0.0001
36,1.1992561821252392,2.540732151668163,0.0001
37,1.182280221325031,2.4550388312209064,0.0001
38,1.1495688181243107,2.446664905494922,0.0001
39,1.1282886322823518,2.715035557569641,0.0001
40,1.1110179233899349,2.6470113439017564,0.0001
41,1.0773492432971903,2.2624165300830636,0.0001
42,1.0578510453364405,2.4606586048543457,0.0001
43,1.0407265359060096,2.3975177484754626,0.0001
44,1.0206837031252045,2.821993757807492,0.0001
45,1.009425862155857,2.5775796719924986,0.0001
46,0.9868435355077241,2.3044501731037017,0.0001
47,0.9563891140616896,2.4979421980772507,0.0001
48,0.9371376738521738,2.4138040483889665,0.0001
49,0.9222501246350028,2.7527647930476182,0.0001
50,0.9097255824286077,2.3811834105970293,0.0001
51,0.8838242457870178,2.5694167303580375,0.0001
52,0.8699815501679422,2.4459700398746005,0.0001
53,0.8518859855709991,2.852608032003232,0.0001
54,0.8335368198787183,2.6351231848946535,0.0001
55,0.8172159300449886,2.7023006046962674,0.0001
56,0.7987808476100162,2.5597427984771093,0.0001
57,0.7871759009628794,2.815342889954505,0.0001
58,0.7710631217768138,2.7570794565661467,0.0001
59,0.7560663645586747,2.7436034305422914,0.0001
60,0.7361417018854025,2.636630649538291,0.0001
61,0.7218599957911017,2.3774666423143347,0.0001
62,0.7086260278477815,2.8039744764375327,0.0001
63,0.6927203908630674,2.6215814264575497,0.0001
64,0.682001757304402,2.845166367476851,0.0001
65,0.6684986019044094,2.6507354166613846,0.0001
66,0.6562319274072398,2.7664532312594896,0.0001
67,0.6395097095394864,2.510047905064684,0.0001
68,0.6302522604547842,2.6304098222127426,0.0001
69,0.616308753783466,2.3454321337592567,0.0001
70,0.6057638151059355,2.5765046879722555,0.0001
71,0.5952328474057346,2.7318092195443335,0.0001
72,0.5849117393134186,2.4715226511675654,0.0001
73,0.5708168007175386,2.6776627805881947,0.0001
74,0.5621277486043298,2.506181870591584,0.0001
75,0.5541114101136935,2.636582929852527,0.0001
76,0.538713944013945,2.5135541019824323,0.0001
77,0.5325935034767898,2.966950298784701,0.0001
78,0.5205483195372174,2.69431099175144,0.0001
79,0.5121565185219972,2.7134920060329972,0.0001
80,0.5050538310337787,2.6873341947558553,0.0001
81,0.49443342137799173,2.7583586411558776,0.0001
82,0.4870848622973069,2.6519634255511244,0.0001
83,0.4755208357321506,2.671132618649145,0.0001
84,0.4679130979154185,2.4975958128598483,0.0001
85,0.45918803154568494,2.817289604461389,0.0001
86,0.4553933369304148,2.790482268769018,0.0001
87,0.44340784401340727,2.7085154442281576,0.0001
88,0.4353481491028613,2.879185283929594,0.0001
89,0.4287983588192703,2.747479463729171,0.0001
90,0.41988587111663933,2.8271830586427296,0.0001
91,0.420212327631073,2.8855001202592088,0.0001
92,0.4091476515185036,2.9132247584402955,0.0001
93,0.40391369077559025,2.7067776869114595,0.0001
94,0.395584984719539,2.5992412859152134,0.0001
95,0.3905654678419399,2.887932276240557,0.0001
96,0.3834659634253038,2.699124708238582,0.0001
97,0.38080233867659546,2.689267962365088,0.0001
98,0.3765472342209571,2.7460406878304497,0.0001
99,0.36667506245468084,2.587655225857828,0.0001
100,0.3657746675788051,2.7270734205796323,0.0001
End of training: 2022-12-12 19:32:13

Loss min training: 0.3657746675788051

Loss min val: 2.147817476366701

Best epoch: 19

Correlation: (0.4362605186983499, 0.0)




--> Fold: 6

Format of train data: frames: 125799 , pressures: 125799 

Format of validation data: frames: 41032 , pressures: 41032 

Option shuffle: True

Begin of training: 2022-12-12 19:32:19

Epoch,train_loss,val_loss,lr
1,7.142461401033523,1.8463651606924563,0.0001
2,2.5318071914193556,2.171875583100537,0.0001
3,2.4273814246037024,1.5881300947544843,0.0001
4,2.3403822726460968,1.6896402245028996,0.0001
5,2.275752808737089,1.9422652045521593,0.0001
6,2.2213618928726087,1.9501569629017663,0.0001
7,2.1809891473072027,1.4955193260348687,0.0001
8,2.130919258338031,1.8101972794528127,0.0001
9,2.0866096794289226,1.54811234847452,0.0001
10,2.048690583392449,1.461104568112173,0.0001
11,2.0035298654448033,1.669379862667083,0.0001
12,1.9602699667815426,1.9418907324968897,0.0001
13,1.9355085762446624,1.8091499615474433,0.0001
14,1.8781397223841219,2.0252785345666195,0.0001
15,1.8541262036731636,1.5523662802349827,0.0001
16,1.8361685419889253,1.9763929965226918,0.0001
17,1.798758326483159,2.378690538547685,0.0001
18,1.7600582568684082,1.831723314113472,0.0001
19,1.7224980498098612,1.85202653934719,0.0001
20,1.6953677612321032,1.5491622683597044,0.0001
21,1.6551451069178045,2.336126466392657,0.0001
22,1.6470511036249567,1.8177600962814937,0.0001
23,1.6102210412657587,2.1901757420561982,0.0001
24,1.578951128344152,1.9704626598979187,0.0001
25,1.5445427010029582,1.8373879716976922,0.0001
26,1.5247460907197856,2.0264134327555103,0.0001
27,1.4992175221425172,2.492298076575345,0.0001
28,1.4702183393390864,2.435429781727634,0.0001
29,1.4436504280240525,2.3657100584614366,0.0001
30,1.418200542072554,2.688701587709727,0.0001
31,1.3849717790725555,1.9713011382034726,0.0001
32,1.3612771687622747,2.4442032745507847,0.0001
33,1.3440689168666888,3.287852490173722,0.0001
34,1.3121941809478017,2.128029826464163,0.0001
35,1.2996116493044656,2.100332291927178,0.0001
36,1.2668370557631716,2.1790126249220294,0.0001
37,1.2366963329098675,1.9129767248936855,0.0001
38,1.2176524361707137,1.7291673633596265,0.0001
39,1.1950100290838694,1.9838445104569993,0.0001
40,1.178452813455428,2.576948949992715,0.0001
41,1.1556770886128496,1.92589451804638,0.0001
42,1.1289612541198806,2.1138176233779156,0.0001
43,1.1128259333120305,2.4172692596389433,0.0001
44,1.0881514422298364,2.3715480686651844,0.0001
45,1.0627539881624242,2.300360180592997,0.0001
46,1.0408939894807805,2.858642807618571,0.0001
47,1.0280159753149138,2.1124853340824994,0.0001
48,1.0100084684479962,2.2405530056495095,0.0001
49,0.9868425703365968,2.022474358295181,0.0001
50,0.9736376201789783,2.540471941738199,0.0001
51,0.9465335982396554,2.0202989525487256,0.0001
52,0.9314672351468637,2.412988355597178,0.0001
53,0.9125369503973421,2.4158648070500686,0.0001
54,0.8983250461859137,1.9302816870710402,0.0001
55,0.8745263745124668,2.43732871923746,0.0001
56,0.8574837264772514,2.646122407253129,0.0001
57,0.835487968256491,2.1358367469394897,0.0001
58,0.8286970956001313,2.3786796270743475,0.0001
59,0.8153075430944997,2.329133217505345,0.0001
60,0.7913248514854091,2.412696896298491,0.0001
61,0.7751838148129673,2.2415755708493275,0.0001
62,0.7629777912926824,2.2963460021884523,0.0001
63,0.7477809927505871,2.753936647566979,0.0001
64,0.7360965356854149,2.395822440097383,0.0001
65,0.7263136708248823,2.1102839082357456,0.0001
66,0.7105925212225855,2.099952788166099,0.0001
67,0.6920618349583285,2.267706600260981,0.0001
68,0.6797356808478581,2.528977211338894,0.0001
69,0.6711938257426793,2.4407805780100995,0.0001
70,0.6574285710789638,2.4255891473792084,0.0001
71,0.6455357547996504,2.076278051801954,0.0001
72,0.6319382996351861,2.0995926344736344,0.0001
73,0.6249333170690038,2.3473591878879465,0.0001
74,0.6111736597651439,2.271339437607832,0.0001
75,0.5941161097786588,2.466414551354682,0.0001
76,0.5909345479755188,1.8985886658625566,0.0001
77,0.5770868486306769,2.0073119282234386,0.0001
78,0.5702539525002127,2.276045121977403,0.0001
79,0.5609167696351051,2.1393517992328683,0.0001
80,0.544941167844536,2.4155672792106326,0.0001
81,0.5391433429482629,2.3809530840535498,0.0001
82,0.5271955551636822,2.6139043957244863,0.0001
83,0.5228602599780299,2.1476150060587864,0.0001
84,0.5101572051031336,2.0360614672858106,0.0001
85,0.5033427981190566,2.3234058787051546,0.0001
86,0.49656924123956364,1.991937015809193,0.0001
87,0.4859967637986852,2.3536884182957696,0.0001
88,0.48107844030530444,2.147628105623398,0.0001
89,0.46985650722979116,2.035400985950939,0.0001
90,0.46977488850503724,2.372764087601883,0.0001
91,0.45886331638962624,2.244943954624333,0.0001
92,0.44957153252698595,2.1132228498129755,0.0001
93,0.4430988462218621,2.2961352800946413,0.0001
94,0.43095527019495256,2.208346124419601,0.0001
95,0.4319930393835283,2.0998213275828355,0.0001
96,0.42261625533533254,2.0497669376785885,0.0001
97,0.42133761254428426,2.180920807653804,0.0001
98,0.40873747746305106,2.1543216538443204,0.0001
99,0.40476685272155666,2.0792514424873483,0.0001
100,0.4002086466486733,2.0132262727500265,0.0001
End of training: 2022-12-12 20:16:00

Loss min training: 0.4002086466486733

Loss min val: 1.461104568112173

Best epoch: 10

Correlation: (0.5936961380079494, 0.0)




--> Fold: 7

Format of train data: frames: 121714 , pressures: 121714 

Format of validation data: frames: 45117 , pressures: 45117 

Option shuffle: True

Begin of training: 2022-12-12 20:16:05

Epoch,train_loss,val_loss,lr
1,7.5283874346032,1.5328941488833012,0.0001
2,2.555922926209764,1.4275688459391944,0.0001
3,2.401000346116816,1.3090811527126511,0.0001
4,2.3311499575301466,1.472783268466392,0.0001
5,2.2686086066234576,1.4880696230567558,0.0001
6,2.209732365688136,1.2580320312005713,0.0001
7,2.165212860108519,1.3133387063035074,0.0001
8,2.108330138962893,1.3882720136794648,0.0001
9,2.086914946024242,1.5666860725571217,0.0001
10,2.0256045974103865,1.4872297417872589,0.0001
11,2.0059117259876134,1.533512875372011,0.0001
12,1.960285576220764,1.425609468132278,0.0001
13,1.9252491194746209,1.4480470031553367,0.0001
14,1.884487725797621,1.8304607146232874,0.0001
15,1.8555283522275634,1.5761622848072556,0.0001
16,1.8362975594545188,1.5782178412579337,0.0001
17,1.7952745035338464,1.7024954447977843,0.0001
18,1.7518338456945555,1.7963987705061104,0.0001
19,1.7352625324690178,1.4827789520914547,0.0001
20,1.684481156376355,1.4614048803899216,0.0001
21,1.6627798807664684,1.6998916651088274,0.0001
22,1.6349287294586554,1.4999652413460323,0.0001
23,1.6001821681809363,1.73557285509795,0.0001
24,1.5728346972377993,1.6754071720473418,0.0001
25,1.5390425860604628,1.493659507927881,0.0001
26,1.5238995576235108,1.4678441457369307,0.0001
27,1.4882329273880481,1.5960165832599518,0.0001
28,1.458319179387701,1.9249426230451678,0.0001
29,1.4303613839552292,1.6166409538509676,0.0001
30,1.4051902071859672,1.6567358559326841,0.0001
31,1.382635782988164,1.5787933646230898,0.0001
32,1.3490271399583218,1.5564237720754908,0.0001
33,1.333418735808351,1.5561390225260616,0.0001
34,1.3117759853837987,1.4491838934912096,0.0001
35,1.2870892590851726,1.6710516456636386,0.0001
36,1.2574534918573321,1.55878671395836,0.0001
37,1.240465028425019,1.699534222518314,0.0001
38,1.214087466983263,1.551890567956718,0.0001
39,1.1955579857446452,1.5894291214183345,0.0001
40,1.1691321101247347,1.591179692687344,0.0001
41,1.1423975971145592,1.784432251508305,0.0001
42,1.1171373926668853,1.7221782036034998,0.0001
43,1.0998042646058435,1.7208732333481227,0.0001
44,1.0849622231668108,1.7238300105508007,0.0001
45,1.067405122705511,1.7459418052667042,0.0001
46,1.0425084034598582,1.9052521433208705,0.0001
47,1.025260002068862,1.6487875715395839,0.0001
48,1.0094507970928956,1.715815339873815,0.0001
49,0.990626218785849,1.6538821894334563,0.0001
50,0.9676937745979524,1.6802332830042783,0.0001
51,0.9481069097631437,1.7550550845164126,0.0001
52,0.928880811856109,1.818901919947635,0.0001
53,0.911464135616693,1.733281196150598,0.0001
54,0.8982824079934403,1.7029922448814867,0.0001
55,0.8688214562455865,1.8694809233330876,0.0001
56,0.8580737758078878,1.6458635084658175,0.0001
57,0.8427277969726765,1.6752960912819372,0.0001
58,0.8228832261295984,1.6399028469403458,0.0001
59,0.8138294207394933,1.7238220058360585,0.0001
60,0.7975187375111932,1.6986604213165017,0.0001
61,0.7810428302918059,1.7327303102042502,0.0001
62,0.7642331762542008,1.7873207599946517,0.0001
63,0.7496721151380199,1.7075811726067704,0.0001
64,0.7269481575353688,1.6930157363204708,0.0001
65,0.723426222707184,1.6618731104688451,0.0001
66,0.7121239235811648,1.903422676307062,0.0001
67,0.6979538661428699,1.748165564040627,0.0001
68,0.676600116177805,1.6070224848728292,0.0001
69,0.669902859638411,1.7161889397210468,0.0001
70,0.6590649686291096,1.7077824512552036,0.0001
71,0.6405410741998498,1.6597870110403279,0.0001
72,0.630486195556517,1.6838927982779162,0.0001
73,0.6172079809500597,1.7643286916204892,0.0001
74,0.6058740029435785,1.638331984211706,0.0001
75,0.6010130046652233,1.5985108437520075,0.0001
76,0.5841158080266927,1.5938758205606003,0.0001
77,0.5805621598629824,1.6064484697560653,0.0001
78,0.56891645585417,1.6209147553083827,0.0001
79,0.5560623420762376,1.548634721166575,0.0001
80,0.5456615856610673,1.6445703713620208,0.0001
81,0.5359249393361369,1.6801529658914265,0.0001
82,0.5264374249941152,1.6951123086168065,0.0001
83,0.5164927271414315,1.6234873447270883,0.0001
84,0.505962754202059,1.5892927646531274,0.0001
85,0.49998389955450945,1.6524975937959094,0.0001
86,0.49067094571579806,1.504240979287901,0.0001
87,0.4869859676271212,1.765992495880843,0.0001
88,0.47343058387332354,1.685357298205676,0.0001
89,0.4671666676049628,1.6291744777474957,0.0001
90,0.46111996614852896,1.5780862843649215,0.0001
91,0.4515509014855821,1.6108388278750523,0.0001
92,0.4440562564696688,1.5833644481654032,0.0001
93,0.438034207502933,1.6360022343333014,0.0001
94,0.4341026787085442,1.6539869716854059,0.0001
95,0.4247184218436483,1.6179892954881419,0.0001
96,0.41718618490588727,1.542389747952042,0.0001
97,0.40977122440883007,1.5985440090647096,0.0001
98,0.40940437252771816,1.6566298654544098,0.0001
99,0.4016807399336213,1.5387631134009572,0.0001
100,0.39423124771376966,1.6102423224753648,0.0001
End of training: 2022-12-12 20:59:01

Loss min training: 0.39423124771376966

Loss min val: 1.2580320312005713

Best epoch: 6

Correlation: (0.6011282513209767, 0.0)




--> Fold: 8

Format of train data: frames: 132010 , pressures: 132010 

Format of validation data: frames: 46835 , pressures: 46835 

Option shuffle: True

Begin of training: 2022-12-12 20:59:07

Epoch,train_loss,val_loss,lr
1,7.28055688982145,1.529895376072274,0.0001
2,2.553083517072183,1.443374009935174,0.0001
3,2.3893357733923075,1.3307232394014312,0.0001
4,2.3120692133081744,1.3650005254239477,0.0001
5,2.244704776467288,1.380398835189775,0.0001
6,2.193386536436129,1.2736509927069732,0.0001
7,2.1510448096746857,1.4714751607416992,0.0001
8,2.0868175541810055,1.4113588853211747,0.0001
9,2.0407722962678325,1.4746415930139454,0.0001
10,1.9910774426048121,1.6772363631756109,0.0001
11,1.9628374591179665,1.6391806673491995,0.0001
12,1.9174819082683185,1.644920329967685,0.0001
13,1.8783299436208722,1.4802298065411366,0.0001
14,1.8419997230640606,1.6923779978675269,0.0001
15,1.816651650542843,1.5026487798539097,0.0001
16,1.7778624987495677,1.7994548326089947,0.0001
17,1.732231417849844,1.8524467171250254,0.0001
18,1.7230722754049117,1.7140176859980678,0.0001
19,1.680746724981041,2.0355662511025523,0.0001
20,1.638515706148466,1.779733440903242,0.0001
21,1.6054229963133708,2.0210476548666376,0.0001
22,1.582233226020249,2.0356832634719266,0.0001
23,1.5411355109533011,2.130417616504532,0.0001
24,1.5152152195526574,1.9889142585154518,0.0001
25,1.4921511869133985,1.712849956323895,0.0001
26,1.4628584619146723,2.00573577626329,0.0001
27,1.438481244561564,2.3101776686704336,0.0001
28,1.4057037651552395,2.4333094811660954,0.0001
29,1.3835191221275471,2.2056693641330285,0.0001
30,1.34802046545653,2.4315302304350044,0.0001
31,1.3246067476565166,2.4661235353055067,0.0001
32,1.3015265366803714,2.2723283821762443,0.0001
33,1.2809083884958516,2.343051079190807,0.0001
34,1.2431840038671609,2.9263671469253167,0.0001
35,1.2235730451631253,2.4585832812786865,0.0001
36,1.208930585566962,2.2406354655091403,0.0001
37,1.1794097762497597,2.3868352612882004,0.0001
38,1.1537192308688722,3.1564133588412764,0.0001
39,1.1307762132522852,2.946209121412206,0.0001
40,1.1060063221347882,2.6003765978756666,0.0001
41,1.089281762353345,2.454033033257553,0.0001
42,1.0620962400714897,2.9972947188855183,0.0001
43,1.0403388635975495,3.0924790201872328,0.0001
44,1.025569803120015,2.9876324980747895,0.0001
45,1.00143873864038,2.812871298899935,0.0001
46,0.9897336215451309,3.446051699987684,0.0001
47,0.9601212300221926,2.884282260655313,0.0001
48,0.941897266972707,2.685505576778708,0.0001
49,0.9239590969133373,2.8415830223107523,0.0001
50,0.9029948784567968,2.906940237277216,0.0001
51,0.8882788278010657,3.3556114589874015,0.0001
52,0.8657726904267425,3.0045695311386584,0.0001
53,0.8516364830198202,2.962149964392446,0.0001
54,0.8376220866411295,2.8390115889258785,0.0001
55,0.8147057190518263,3.5754934918731562,0.0001
56,0.7969358166495324,3.2768116748586236,0.0001
57,0.7854492611545892,2.8719588786544956,0.0001
58,0.7655182163323988,3.6479092342412955,0.0001
59,0.7474332529092844,3.4106413081321745,0.0001
60,0.7347068200806002,3.616119672654723,0.0001
61,0.7235762559155715,2.7604259696830944,0.0001
62,0.7018116630114314,3.3721477798404083,0.0001
63,0.6934699289537399,2.5630444814189848,0.0001
64,0.6811957912172895,3.0716214917176203,0.0001
65,0.6747845504394255,2.824243422179183,0.0001
66,0.6553944387288538,2.6376283636110447,0.0001
67,0.6430365858055608,3.0308055908432814,0.0001
68,0.6304051827448858,3.781614260064177,0.0001
69,0.6186823297256719,2.871367244113659,0.0001
70,0.6091120996309785,2.8379919676945127,0.0001
71,0.5939158723854349,3.402939848183593,0.0001
72,0.5821962666045571,2.3548173050927774,0.0001
73,0.572372106695643,3.298054598234781,0.0001
74,0.560450661555356,2.7073703413039167,0.0001
75,0.5541149868313882,2.514248976776691,0.0001
76,0.5383442989854811,3.2165167657647125,0.0001
77,0.5300622835216915,3.0007422123849232,0.0001
78,0.5206474271012783,2.829611607693399,0.0001
79,0.5120553050727232,2.8157709746423394,0.0001
80,0.5049350037907806,3.2799184068895855,0.0001
81,0.4893405842303363,2.967819250545011,0.0001
82,0.48445627621950216,2.382876440862002,0.0001
83,0.47709205815845546,2.4519779949365383,0.0001
84,0.46985814286564237,3.3335562846494406,0.0001
85,0.4600283729642659,3.375336638389841,0.0001
86,0.4531460061740463,3.128976465910721,0.0001
87,0.44950357154051235,3.2201556603351373,0.0001
88,0.4392644603562512,2.676538321505339,0.0001
89,0.43144672863971606,2.304518271576853,0.0001
90,0.42571324376696557,2.693912372286729,0.0001
91,0.4161703782107431,2.594501414087242,0.0001
92,0.41441904929458856,2.3281362439545825,0.0001
93,0.4069361448035115,2.341677756338526,0.0001
94,0.40230754860133244,2.1896226126928524,0.0001
95,0.3962025866098688,3.5153717412528125,0.0001
96,0.3915018762181125,2.9223303828357032,0.0001
97,0.3812177199372269,2.5105342541431255,0.0001
98,0.37609987814050216,2.96598471782754,0.0001
99,0.37369620761729744,3.7959690059887072,0.0001
100,0.36673885777939197,2.8221719403295924,0.0001
End of training: 2022-12-12 21:45:27

Loss min training: 0.36673885777939197

Loss min val: 1.2736509927069732

Best epoch: 6

Correlation: (0.3349420152156818, 0.0)




--> Fold: 9

Format of train data: frames: 131637 , pressures: 131637 

Format of validation data: frames: 47208 , pressures: 47208 

Option shuffle: True

Begin of training: 2022-12-12 21:45:34

Epoch,train_loss,val_loss,lr
1,6.878750592050654,1.481662833817913,0.0001
2,2.4779076701295035,1.3189230797715439,0.0001
3,2.369115862185873,1.137961189790492,0.0001
4,2.284390748952174,1.3528581009822627,0.0001
5,2.2203653591936874,1.3782973726550072,0.0001
6,2.164003879739945,1.8473275104552442,0.0001
7,2.1229012019599636,1.3468994441789564,0.0001
8,2.068700452002197,1.3907465833543702,0.0001
9,2.0296580613017614,1.2191227099851438,0.0001
10,1.9962474350730501,1.2755686344786874,0.0001
11,1.9501505416123708,1.169302960913619,0.0001
12,1.9253936392875337,1.226424116893171,0.0001
13,1.873664309380306,1.2193975858901682,0.0001
14,1.837989489043671,1.1867302831826099,0.0001
15,1.8050682110441119,1.3102340040278018,0.0001
16,1.7793856674045478,1.263210078757247,0.0001
17,1.740178065498602,1.1959010836755273,0.0001
18,1.6968126242734054,1.3183027087222963,0.0001
19,1.6838809435520647,1.3554652028115315,0.0001
20,1.6414580272969146,1.1953100665628535,0.0001
21,1.6106349876631032,1.4250720081905495,0.0001
22,1.5756735135725117,1.243404606644773,0.0001
23,1.5483984863953604,1.2889738742264019,0.0001
24,1.5132782026857416,1.4120814894603644,0.0001
25,1.4873588864236433,1.304994540797555,0.0001
26,1.4722510679422158,1.3449945961332104,0.0001
27,1.427575941695713,1.2075048724466857,0.0001
28,1.3983000153803802,1.347906622678986,0.0001
29,1.3943335905093692,1.4848067058464003,0.0001
30,1.3503965114639234,1.376047681780351,0.0001
31,1.334331027731749,1.2625236459211502,0.0001
32,1.302477101357699,1.3027774330378186,0.0001
33,1.2862223350622388,1.2564405117413084,0.0001
34,1.2558170824388797,1.3117193481191258,0.0001
35,1.2249264195961567,1.2333881612592503,0.0001
36,1.1955621608363867,1.341367822565319,0.0001
37,1.178373203652901,1.2861190294738625,0.0001
38,1.1579775122902618,1.2216588137534043,0.0001
39,1.133657854713998,1.3010413092165716,0.0001
40,1.110545176014466,1.3143478351575886,0.0001
41,1.0916429262134015,1.4183032972199334,0.0001
42,1.0739620276611568,1.3398842545328171,0.0001
43,1.0430953101478193,1.299616647926231,0.0001
44,1.0217273849547233,1.3464390334184444,0.0001
45,1.00760233888781,1.3341194387412318,0.0001
46,0.9887398009039893,1.224779450222711,0.0001
47,0.9596231073867608,1.3765491234248137,0.0001
48,0.9471631866572645,1.2684708898541404,0.0001
49,0.9222050360048263,1.251424050294753,0.0001
50,0.9144441131925612,1.2787085310915045,0.0001
51,0.8987292666963274,1.3039917685463962,0.0001
52,0.8774006917356265,1.2674910343010493,0.0001
53,0.8559720015145832,1.337630002948313,0.0001
54,0.8359328040279324,1.4052288595891933,0.0001
55,0.8210467506753816,1.2222297791807637,0.0001
56,0.8127786043510072,1.2559932787990877,0.0001
57,0.7971734274267464,1.5220821233871245,0.0001
58,0.7770316166111326,1.2556857140341808,0.0001
59,0.7624036431732756,1.312814897025082,0.0001
60,0.7394127812397657,1.1744599701125549,0.0001
61,0.7331389642322703,1.1743465672305349,0.0001
62,0.7193503865662322,1.2108433937101197,0.0001
63,0.7031654949488417,1.2153700718615463,0.0001
64,0.6935438318650734,1.2696017629513194,0.0001
65,0.6751644010616705,1.3152215707061694,0.0001
66,0.6652101394252404,1.2367144474395755,0.0001
67,0.652722621455424,1.2226367092722454,0.0001
68,0.6435177388375747,1.384515069759694,0.0001
69,0.6277235055614659,1.266424314063841,0.0001
70,0.6138520732825271,1.314073624559993,0.0001
71,0.6089281701481156,1.2808684710829243,0.0001
72,0.5952932136948841,1.3619800258381773,0.0001
73,0.5833169226928986,1.2612090377641156,0.0001
74,0.5756431460458435,1.2368046682459928,0.0001
75,0.5633298236830966,1.2392176995740425,0.0001
76,0.5540515054237336,1.2807334947941607,0.0001
77,0.5432481002041759,1.2152522650437323,0.0001
78,0.5341562474700466,1.2809024409022782,0.0001
79,0.5237692382887041,1.299018692432915,0.0001
80,0.5168158032994348,1.326278532299828,0.0001
81,0.5057488514515882,1.2722582892277872,0.0001
82,0.49872033271877975,1.2728476752226403,0.0001
83,0.4877774138462468,1.2788354597987006,0.0001
84,0.48122788378686615,1.270024263804251,0.0001
85,0.4755048638292576,1.2760084362236892,0.0001
86,0.46640543742501067,1.2360661750404618,0.0001
87,0.46006457540539875,1.3157415195877846,0.0001
88,0.4491370798245808,1.3012534368444229,0.0001
89,0.44905536173411253,1.2639667969238069,0.0001
90,0.43464783576445265,1.2638803727443775,0.0001
91,0.42830679668945104,1.3191821699202253,0.0001
92,0.4276526384556237,1.2649146125207935,0.0001
93,0.42009296428316234,1.2631827137304996,0.0001
94,0.4108149379719789,1.2934619680620254,0.0001
95,0.40640863042066944,1.261863238552711,0.0001
96,0.4020319191650286,1.3186783160098305,0.0001
97,0.3951521075937286,1.3539285046067244,0.0001
98,0.3888810081753321,1.2940787828750397,0.0001
99,0.38754038665649765,1.3025206445617366,0.0001
100,0.3814934332613982,1.265368902891334,0.0001
End of training: 2022-12-12 22:31:47

Loss min training: 0.3814934332613982

Loss min val: 1.137961189790492

Best epoch: 3

Correlation: (0.5351534220086012, 0.0)




Mean validation loss: 1.4594880745690924
