
Dispositivo usado pelo Pytorch: cuda

Features usadas: Felipe

*****************************************

-----> GRID 0:   hyperparameters
0             100
1            adam
2              32
3             0.5
4          0.0001
5             0.2

 LSTM =True


 option_overlap=True , option_causal=False ,option_dropout_lstm=0.2



--> Fold: 0

Format of train data: frames: 118655 , pressures: 118655 

Format of validation data: frames: 48176 , pressures: 48176 

Option shuffle: True

Begin of training: 2022-08-26 23:16:59

Epoch,train_loss,val_loss,lr
1,5.089581728548202,1.6935185591511772,0.0001
2,2.410486930318148,2.1237531791925828,0.0001
3,2.089459586371554,1.9362805562334495,0.0001
4,1.7886873933378913,2.0660826089729785,0.0001
5,1.4369102593524372,1.9019602569619987,0.0001
6,1.1525003857791642,1.9951899134411997,0.0001
7,1.0011471641510266,1.7840354838113142,0.0001
8,0.9393266227170884,1.9566369759446558,0.0001
9,0.9019479211093774,2.0354810269003254,0.0001
10,0.8749717994699948,2.3223893919960283,0.0001
11,0.8487331637801294,2.0344713091335596,0.0001
12,0.8291830747052484,1.8414010788585926,0.0001
13,0.8126307781173348,1.9441060092670108,0.0001
14,0.7905093588955027,1.587822201005726,0.0001
15,0.7781731928124761,1.906436066380453,0.0001
16,0.7602708874608376,1.9897200390572802,0.0001
17,0.7470697417582117,1.988141022501337,0.0001
18,0.7318676571926181,2.0648643057910916,0.0001
19,0.7187583112871394,2.156257211033667,0.0001
20,0.7060999176351125,1.8271202443248606,0.0001
21,0.6948433143672306,1.8875139706636022,0.0001
22,0.6814527770691396,1.8874523334034414,0.0001
23,0.6753236779084193,1.8967276250591552,0.0001
24,0.6627859457894657,1.8828516840657614,0.0001
25,0.6530652497863705,1.888777934329053,0.0001
26,0.6417809904367642,2.409362954580281,0.0001
27,0.631736561843495,2.0969267596599868,0.0001
28,0.6254516216682918,2.060557998798488,0.0001
29,0.6169009910783787,1.8344558305179743,0.0001
30,0.6059793191760656,1.8649877098381855,0.0001
31,0.5972940073308277,1.6572465615508485,0.0001
32,0.5898390278227084,2.2979301696835623,0.0001
33,0.5774573115654779,1.9754342500730355,0.0001
34,0.5702020716433087,2.418273420715522,0.0001
35,0.5666497388328504,2.6657438640062376,0.0001
36,0.5577818621142284,2.1910754072828493,0.0001
37,0.5504390889948978,2.1146538346679216,0.0001
38,0.5438657391350619,2.645351698453226,0.0001
39,0.5383914938844474,2.1133148392265877,0.0001
40,0.5304750202697346,2.315638087746789,0.0001
41,0.5256531630387816,2.2514024935699863,0.0001
42,0.5148925802237586,2.584314166173235,0.0001
43,0.5123879037073774,2.219026696044557,0.0001
44,0.5072572185369193,2.23449860813609,0.0001
45,0.50122385656586,2.527057683653944,0.0001
46,0.493157447246438,2.6107151650068015,0.0001
47,0.490020404707531,2.1662169589587754,0.0001
48,0.4809335269976102,3.1346593953097472,0.0001
49,0.47577085664458074,2.801572361565713,0.0001
50,0.4744598504236719,2.4766241898769477,0.0001
51,0.46985438616396047,2.230051102134644,0.0001
52,0.4629667461639278,2.116894524345284,0.0001
53,0.4613032957876705,2.114765139938153,0.0001
54,0.4588910534202432,2.590360187763631,0.0001
55,0.45106959819874076,2.237928569574207,0.0001
56,0.4493366541244012,2.4531705709677207,0.0001
57,0.44647331008476715,2.9252809220791973,0.0001
58,0.43940566461209146,2.2992286270775697,0.0001
59,0.4374256443487076,2.904764767304404,0.0001
60,0.4338793227464208,2.8156907974941237,0.0001
61,0.42401357662245254,2.3246143854404755,0.0001
62,0.4256803497927644,2.3604787758757846,0.0001
63,0.42305538957838634,2.7587751042838904,0.0001
64,0.4202390122753214,2.8631740029726815,0.0001
65,0.4168389974962188,2.3979990127988526,0.0001
66,0.4100211212368903,2.508523239284922,0.0001
67,0.40860603487620706,2.2505147313406524,0.0001
68,0.4078842161463393,2.0524888071496,0.0001
69,0.40673880630912673,2.162083972019042,0.0001
70,0.40049540466285927,2.020634276452788,0.0001
71,0.39587260333994717,2.3891386561756396,0.0001
72,0.3919252724579405,2.2852197199000823,0.0001
73,0.3887956137090732,2.209602497179062,0.0001
74,0.38672966966887834,2.4802598893464265,0.0001
75,0.3852252685095898,2.725981738867454,0.0001
76,0.3839418715529675,2.864065484009245,0.0001
77,0.38202412157156973,2.97779115249611,0.0001
78,0.3765075244240883,2.495228250333139,0.0001
79,0.37325305394088315,2.4528522642297785,0.0001
80,0.3703588913285844,2.5469530914677847,0.0001
81,0.36895173713097074,2.677267359087769,0.0001
82,0.3675234416508603,2.719765020303653,0.0001
83,0.3679178343696895,2.547502412308256,0.0001
84,0.3599326827245186,2.808834137452555,0.0001
85,0.3585408388124114,2.094404248136573,0.0001
86,0.35669221054698397,2.2669510683004583,0.0001
87,0.3541927679536175,2.55077816651375,0.0001
88,0.3545292823834886,2.714974917869796,0.0001
89,0.3493208541529935,2.6512992925241674,0.0001
90,0.35135350338648436,2.4521475087681788,0.0001
91,0.3423485777839829,2.167180516996165,0.0001
92,0.3473095467753589,2.81161695443606,0.0001
93,0.34352822969165864,2.296935933881802,0.0001
94,0.3438141992782744,2.2669324537956292,0.0001
95,0.3404438804184399,2.3685106059238783,0.0001
96,0.3375407114881796,2.234101051707792,0.0001
97,0.33308039837169173,2.8129671393577858,0.0001
98,0.33306921540580664,2.349600870757355,0.0001
99,0.32860786502784567,2.386730925619543,0.0001
100,0.3273819326987726,2.3157235039147537,0.0001
End of training: 2022-08-26 23:59:19

Loss min training: 0.3273819326987726

Loss min val: 1.587822201005726

Best epoch: 14

Correlação: (0.5337412312550505, 0.0)




--> Fold: 1

Format of train data: frames: 122682 , pressures: 122682 

Format of validation data: frames: 44149 , pressures: 44149 

Option shuffle: True

Begin of training: 2022-08-26 23:59:35

Epoch,train_loss,val_loss,lr
1,5.087207899213962,2.0475216135289833,0.0001
2,2.3774199650539143,2.2123818586533055,0.0001
3,2.0925057505887312,2.2861740234368044,0.0001
4,1.7893313451017816,2.3173966202725857,0.0001
5,1.444437105993703,2.330441317381914,0.0001
6,1.151619624785275,2.301071856866437,0.0001
7,1.0097767917141427,2.285240480034626,0.0001
8,0.9441793970152124,2.382416558062094,0.0001
9,0.9075368555529506,2.171039901883225,0.0001
10,0.8787850825927797,2.483676207468176,0.0001
11,0.8557936356606792,2.396014752802529,0.0001
12,0.8333755120125137,2.3847318545249494,0.0001
13,0.8147296356267885,2.3576136226656645,0.0001
14,0.7939617647802248,2.2497066059113413,0.0001
15,0.7812230400226711,2.241774335528892,0.0001
16,0.7612654576238842,2.1154889872817804,0.0001
17,0.7499466844114286,2.351805254806546,0.0001
18,0.7356882274050764,2.2633181341280526,0.0001
19,0.7173563299555744,2.252146850358822,0.0001
20,0.7043155623394526,2.314716933659188,0.0001
21,0.6960932002127656,2.2158161101194036,0.0001
22,0.6786745302938463,2.131032309058774,0.0001
23,0.6710594424952119,2.2160961255824385,0.0001
24,0.6587454373003077,2.2012596014075276,0.0001
25,0.6520579784267566,2.3445524802907074,0.0001
26,0.6372723760957932,2.1842590492604264,0.0001
27,0.6281533018443243,2.374901148543282,0.0001
28,0.6161504882253132,2.2635698464938034,0.0001
29,0.6101078125977741,2.2500391131082034,0.0001
30,0.6002601855916604,2.1746609264971184,0.0001
31,0.5977295106741612,2.4318731687528454,0.0001
32,0.5868976047578865,2.352331679086971,0.0001
33,0.5733629422853921,2.179135338793352,0.0001
34,0.5689369840095757,2.300575558530474,0.0001
35,0.5616945895143017,2.278005117970325,0.0001
36,0.553066570980249,2.3165138334878996,0.0001
37,0.546088051060679,2.3730393171866657,0.0001
38,0.5372841347807129,2.424852375152651,0.0001
39,0.5343088754753914,2.354409670964241,0.0001
40,0.5294771847921819,2.38165523137573,0.0001
41,0.5199743458978319,2.4201002455035265,0.0001
42,0.5132179784045233,2.5037988005425587,0.0001
43,0.5096455369007366,2.520826578367072,0.0001
44,0.5015354149386203,2.3958289070646095,0.0001
45,0.49993028353184127,2.629933929504923,0.0001
46,0.4930815226484722,2.4504521361952416,0.0001
47,0.4884051297416456,2.4227951145617106,0.0001
48,0.48216204213877634,2.3220026268567846,0.0001
49,0.4728524096516502,2.541313091502535,0.0001
50,0.46728842971744344,2.502633199677948,0.0001
51,0.46555525242482615,2.4971094107114298,0.0001
52,0.46228346576708707,2.4199175073832153,0.0001
53,0.45590642686324817,2.515767788956688,0.0001
54,0.4524900446337418,2.4522682238403846,0.0001
55,0.4460024090673842,2.3306909657304464,0.0001
56,0.444634257840025,2.849012190033192,0.0001
57,0.4420896854108116,2.534413422665301,0.0001
58,0.4384444783091928,2.6185659789540074,0.0001
59,0.4309209443580082,2.37861997718468,0.0001
60,0.42976224064871665,2.4397770695277106,0.0001
61,0.4239583631408057,2.813941192642074,0.0001
62,0.421468043773436,2.4330806632595894,0.0001
63,0.41769054332028,2.4072292850048274,0.0001
64,0.4118524651630521,2.3944327697664476,0.0001
65,0.4118968215368602,2.4980996578675967,0.0001
66,0.4044932503719574,2.510476723136134,0.0001
67,0.40404002891051166,2.728127072191138,0.0001
68,0.39822375089582623,2.6306918686914695,0.0001
69,0.39849441753696824,2.7142404596539174,0.0001
70,0.3927064900025824,2.7701868882667773,0.0001
71,0.3869177379975221,2.713049852563726,0.0001
72,0.3859644855622105,2.8026739687862263,0.0001
73,0.3843933099963135,2.6140701420517933,0.0001
74,0.3811753059545733,2.545277637963808,0.0001
75,0.37988909738861104,2.629069953022134,0.0001
76,0.37737554337599366,2.5649466313533615,0.0001
77,0.37193795196655294,2.5189525293287014,0.0001
78,0.37150553245131346,2.4792647166317914,0.0001
79,0.36704200196653103,2.557539748123228,0.0001
80,0.3629226163679491,2.6886439422575106,0.0001
81,0.3595056753148969,2.5344560337448994,0.0001
82,0.36089009030570207,2.4292556825841216,0.0001
83,0.35821813110242906,2.5161490421845567,0.0001
84,0.35346455331092863,2.4618841735106307,0.0001
85,0.35231943572594226,2.6098497128356484,0.0001
86,0.346795879429636,2.474143279087784,0.0001
87,0.34753666644087355,2.5598076663310727,0.0001
88,0.34451893407699813,2.8588044861466884,0.0001
89,0.3425144847180064,2.5339975589755306,0.0001
90,0.3377808768417773,2.708557278384314,0.0001
91,0.34108584378282636,2.4766864482726096,0.0001
92,0.33680479346581593,2.863328817360598,0.0001
93,0.33704862041944156,2.868513192921825,0.0001
94,0.3327919673705711,2.5436729813365155,0.0001
95,0.3319619792986172,2.5592520367602654,0.0001
96,0.33140420934150433,2.471733839040046,0.0001
97,0.32750933658128123,2.4995364613078204,0.0001
98,0.32197772619605375,2.612885596673916,0.0001
99,0.32445354132732274,2.517783205410198,0.0001
100,0.32057711659965094,2.6358583512755844,0.0001
End of training: 2022-08-27 00:42:45

Loss min training: 0.32057711659965094

Loss min val: 2.0475216135289833

Best epoch: 1

Correlação: (0.34596812372261304, 0.0)




--> Fold: 2

Format of train data: frames: 127377 , pressures: 127377 

Format of validation data: frames: 39454 , pressures: 39454 

Option shuffle: True

Begin of training: 2022-08-27 00:42:54

Epoch,train_loss,val_loss,lr
1,5.025217662206537,1.9810594436624043,0.0001
2,2.4379709862775134,1.944963649475019,0.0001
3,2.135318247422184,2.324251648567195,0.0001
4,1.8052277896303135,2.1226503555946428,0.0001
5,1.447621135746316,2.4065288080726543,0.0001
6,1.1752626067343965,2.616140125792128,0.0001
7,1.0527464448701422,2.412673482555525,0.0001
8,1.0016308258937143,2.772062687985756,0.0001
9,0.9608726428129469,2.830147673997054,0.0001
10,0.9320127963107294,2.7796193433012175,0.0001
11,0.9030634114132405,2.606391764789368,0.0001
12,0.8798319255861059,2.65822323531769,0.0001
13,0.8622451981066875,2.9939845622918315,0.0001
14,0.8436594272221939,2.7192304345509597,0.0001
15,0.8247389280769004,2.5384174455841975,0.0001
16,0.806302472642879,2.6728447722175246,0.0001
17,0.7960604545125368,3.020398075602231,0.0001
18,0.7799455499022384,2.8018218675362885,0.0001
19,0.7660476511412355,2.8743478175249466,0.0001
20,0.7517500505213643,2.718501588857959,0.0001
21,0.7404065671454657,2.529519864596374,0.0001
22,0.7253717931758158,2.471763182938501,0.0001
23,0.7156227258184865,2.6618655141152763,0.0001
24,0.7035450349064488,2.6820702595096066,0.0001
25,0.6950998341702063,2.7021262844776235,0.0001
26,0.682576528213817,2.4638367829008825,0.0001
27,0.6759926265642521,2.1962246520898634,0.0001
28,0.6564461648634065,2.446831645790089,0.0001
29,0.6519891702952028,2.278558418573946,0.0001
30,0.6437615276295944,2.4829498520430207,0.0001
31,0.6339924243253672,2.1039091007402644,0.0001
32,0.6235772268095223,2.650270525064109,0.0001
33,0.6166018808499253,2.1602881697964946,0.0001
34,0.6038816764634777,2.2312236703607855,0.0001
35,0.5997416222970628,2.2560704118573263,0.0001
36,0.5935406354225229,2.4914046101558767,0.0001
37,0.5825969961018094,2.4167891243282815,0.0001
38,0.577882433401677,2.4797492081185837,0.0001
39,0.5712537900889333,2.4570626664005775,0.0001
40,0.560416237748036,2.3990326362101677,0.0001
41,0.5570491151745791,2.311247009147396,0.0001
42,0.5508876711721383,2.808570711516135,0.0001
43,0.5454985559624465,1.9780192550791253,0.0001
44,0.5406104364141856,1.879335942969112,0.0001
45,0.5342710590802786,2.32722691244897,0.0001
46,0.5286959699166669,2.35268450860179,0.0001
47,0.5221700565568574,2.1826434953169107,0.0001
48,0.5135467125062767,2.37642699199966,0.0001
49,0.5112100544476487,2.3818116813071715,0.0001
50,0.5079367855260463,2.109427868247292,0.0001
51,0.49995220723969147,2.353619321297722,0.0001
52,0.49384444005791994,2.1854488199962256,0.0001
53,0.4909870654204879,2.384525938126394,0.0001
54,0.4837400547375869,2.4073495429050555,0.0001
55,0.48022694855443404,2.246411282116893,0.0001
56,0.47573328750021415,2.413627671586305,0.0001
57,0.46989281712835756,2.2168453630809095,0.0001
58,0.4667249048871855,2.127259611974662,0.0001
59,0.4617444676560479,1.8767469231196592,0.0001
60,0.4578007916119514,2.4159657951785625,0.0001
61,0.4538709979507535,2.0438404020646983,0.0001
62,0.449024552067644,1.9886172497430212,0.0001
63,0.44983896142304375,2.3390184053690874,0.0001
64,0.44236454532796643,2.1991085206621737,0.0001
65,0.4354725901336906,2.1473920264391286,0.0001
66,0.43438529169232765,2.3704991527726964,0.0001
67,0.43333922979994577,1.9419258774012749,0.0001
68,0.42900504689470537,1.992680972241386,0.0001
69,0.42454441217743993,2.423732210077021,0.0001
70,0.4191692211012022,2.0708761816846137,0.0001
71,0.41494657432618304,2.1264351522190714,0.0001
72,0.4123439164363345,2.493847627976242,0.0001
73,0.41366586217829093,2.220100518336992,0.0001
74,0.40692212719405074,2.257582856643494,0.0001
75,0.40474329869389486,2.429846200432001,0.0001
76,0.39666916633397803,1.9250433949563195,0.0001
77,0.39815733584232216,2.371064449157924,0.0001
78,0.39721517291199643,2.1198258330529876,0.0001
79,0.3927275113526812,2.3658527176759776,0.0001
80,0.3877974917469518,2.2819658288265825,0.0001
81,0.38858300657018696,2.5718393350219184,0.0001
82,0.3860809698852868,2.171776739493599,0.0001
83,0.3800796732705749,2.2151596199307724,0.0001
84,0.38135029871790566,2.500490262201773,0.0001
85,0.3786698570115912,2.408035252589428,0.0001
86,0.37371428190458766,1.923774137241694,0.0001
87,0.3722814576558647,2.0900107285252103,0.0001
88,0.36829945279106224,2.2119897047009878,0.0001
89,0.3683639327066423,2.108123290929767,0.0001
90,0.36261688914781043,2.2017402113762063,0.0001
91,0.36120864936457864,2.0190540441795,0.0001
92,0.35985614338731015,2.303884401682538,0.0001
93,0.3594227447534108,1.9676157176213602,0.0001
94,0.3553820650880133,2.0514130182029837,0.0001
95,0.3545296185905828,2.112303240606086,0.0001
96,0.348929199531292,2.014923623023094,0.0001
97,0.35241441598347667,2.0261229116941917,0.0001
98,0.3495359116712053,2.1712246035553,0.0001
99,0.3462229303831561,2.2519349605910115,0.0001
100,0.3437799324413202,2.053707184869882,0.0001
End of training: 2022-08-27 01:27:16

Loss min training: 0.3437799324413202

Loss min val: 1.8767469231196592

Best epoch: 59

Correlação: (0.5379237965901771, 0.0)




--> Fold: 3

Format of train data: frames: 125334 , pressures: 125334 

Format of validation data: frames: 41497 , pressures: 41497 

Option shuffle: True

Begin of training: 2022-08-27 01:27:31

Epoch,train_loss,val_loss,lr
1,5.350306686591929,1.593558950766278,0.0001
2,2.460263603169269,1.484883420966713,0.0001
3,2.1568967881433174,1.6303172549744769,0.0001
4,1.849348082211349,1.5077555087381613,0.0001
5,1.4963870506854866,1.618719045103586,0.0001
6,1.1848844900387956,1.8070911441271134,0.0001
7,1.0359358589929253,1.524728315308671,0.0001
8,0.9842967341174735,2.49896572734556,0.0001
9,0.9469116209267311,1.851931838014601,0.0001
10,0.9206723253306976,1.7107109747228988,0.0001
11,0.8951262007426654,1.7106296799784841,0.0001
12,0.8729377328985234,2.2581933642777,0.0001
13,0.8534907875979525,1.9706876208576107,0.0001
14,0.8342091087275977,2.5349344295355363,0.0001
15,0.8193557450136242,1.9407663612614845,0.0001
16,0.8010860554253211,2.1884061223148286,0.0001
17,0.7871964043356288,2.1139276602970485,0.0001
18,0.7680230072927328,2.1515660871984723,0.0001
19,0.7569806039635804,2.396523139923599,0.0001
20,0.7416441872510743,2.6582279644273985,0.0001
21,0.730463804970702,2.7233751152102785,0.0001
22,0.7206511472634944,2.913814008490167,0.0001
23,0.7064858382853073,2.8875759397468976,0.0001
24,0.6968428334971896,2.6666018066513804,0.0001
25,0.6868085834869185,3.635325295593571,0.0001
26,0.6772016494239746,3.1883838243891502,0.0001
27,0.6661806696973612,3.054489142070791,0.0001
28,0.6548874640250968,3.1266025874368637,0.0001
29,0.6469273914862557,2.804759765109703,0.0001
30,0.6399473925097722,3.190534478277029,0.0001
31,0.6322547669370149,2.9240237748585263,0.0001
32,0.6185772381520217,2.9258433939804642,0.0001
33,0.6124474782272759,2.4606270938648485,0.0001
34,0.6043340313740295,2.6435891389300985,0.0001
35,0.5976424729280779,2.8226601839680314,0.0001
36,0.5903936443830752,2.7953161172850503,0.0001
37,0.5759804759073587,2.949541218468036,0.0001
38,0.5779312340816452,3.295705800964582,0.0001
39,0.567604350860513,2.6558024052077265,0.0001
40,0.5593890137176846,2.920329721300827,0.0001
41,0.5549583024540128,3.616356732819624,0.0001
42,0.5450264093591192,2.8849765841442725,0.0001
43,0.5390369413767098,2.770270291749525,0.0001
44,0.534103754491072,2.8909904619962403,0.0001
45,0.5295285375461767,2.528701819936767,0.0001
46,0.5217015095686299,3.148323840318417,0.0001
47,0.5142284299897883,3.3943723956771645,0.0001
48,0.5113470870261084,3.205975706854174,0.0001
49,0.505436421769882,3.195534005602788,0.0001
50,0.4990489498525775,2.924545215630177,0.0001
51,0.4949131820796788,2.900560804995341,0.0001
52,0.492190896708126,2.842470979795119,0.0001
53,0.49001877960787504,2.673868473792394,0.0001
54,0.47847761199821576,2.9162465608139785,0.0001
55,0.48067794242828876,2.8004009394736813,0.0001
56,0.47535168871982375,2.6415397367767675,0.0001
57,0.4681213516453382,2.6524173018185264,0.0001
58,0.46038874342866637,2.7114233391788876,0.0001
59,0.4635475865719844,2.437477487844051,0.0001
60,0.4559371915567444,2.5856184533616964,0.0001
61,0.45216344316026214,2.8868368336369388,0.0001
62,0.4482282688733478,3.251860682762143,0.0001
63,0.4448905577975117,2.8469008973619405,0.0001
64,0.4380975429126853,2.5072304405074326,0.0001
65,0.43716153865416607,2.894291496456113,0.0001
66,0.43324849686102235,2.6556208506863923,0.0001
67,0.428131785359015,3.084221778221727,0.0001
68,0.43008405666778793,2.4686964802889433,0.0001
69,0.4222240750334658,2.484482232618324,0.0001
70,0.4189558667603734,2.45037544840005,0.0001
71,0.41732016593041416,2.838830537835319,0.0001
72,0.4137434400982479,2.4559986287807445,0.0001
73,0.4113849325069494,2.5172032986697994,0.0001
74,0.4064625433750336,2.655353444534448,0.0001
75,0.40509476973149616,2.2311208932133217,0.0001
76,0.4016397829755211,2.3179615298348697,0.0001
77,0.3972114124437075,2.537714697813262,0.0001
78,0.39320357983895726,2.3017127743128607,0.0001
79,0.39277483517446765,2.5475258486361168,0.0001
80,0.38974683507648,2.7427249594987475,0.0001
81,0.3881988391604273,2.251374975705424,0.0001
82,0.3860173276607071,2.569565263607934,0.0001
83,0.3808112869566373,2.5400119744102807,0.0001
84,0.3778356722868546,2.8398835784622447,0.0001
85,0.37603146837329365,2.3772747483710703,0.0001
86,0.3702371961102174,2.40656644254,0.0001
87,0.3751942747482945,2.498580347489951,0.0001
88,0.367028069486263,2.4957468062276558,0.0001
89,0.36755941034810014,2.5977893483079444,0.0001
90,0.3639453413249953,2.314464257665895,0.0001
91,0.36241542894498363,2.4390314219759053,0.0001
92,0.3626676820694011,2.114902070037634,0.0001
93,0.36008571070337647,2.541074969244138,0.0001
94,0.35695832310049785,2.329598422894711,0.0001
95,0.3565794838441745,2.567512812613177,0.0001
96,0.3557209754809289,2.51305086834418,0.0001
97,0.3484174936445314,2.411357976124741,0.0001
98,0.3475223600541976,2.3708021315413244,0.0001
99,0.3481286100363521,2.4443736893241828,0.0001
100,0.3431445812285712,2.336992108155685,0.0001
End of training: 2022-08-27 02:11:10

Loss min training: 0.3431445812285712

Loss min val: 1.484883420966713

Best epoch: 2

Correlação: (0.5152442531391762, 0.0)




--> Fold: 4

Format of train data: frames: 127998 , pressures: 127998 

Format of validation data: frames: 38833 , pressures: 38833 

Option shuffle: True

Begin of training: 2022-08-27 02:11:19

Epoch,train_loss,val_loss,lr
1,5.063810066937726,1.5830616708398342,0.0001
2,2.4061238076899616,1.4309334853054447,0.0001
3,2.090041008699175,1.391222317145781,0.0001
4,1.7554884026861912,1.8109829385536078,0.0001
5,1.3950729195174822,1.5905346661446174,0.0001
6,1.1208619911705442,1.5712833697522104,0.0001
7,1.008120659221014,1.5206412896462136,0.0001
8,0.9569017827165308,1.6601625890590355,0.0001
9,0.9217033081999882,1.9146841585266228,0.0001
10,0.8906445482456732,1.670073682232938,0.0001
11,0.8642650606516784,1.710191933079064,0.0001
12,0.8443855501271428,1.641451244083124,0.0001
13,0.8259188243807434,1.8665015738061919,0.0001
14,0.8091327283434161,1.9368151762242807,0.0001
15,0.792168720736854,1.7360731820956667,0.0001
16,0.7787720040559087,1.7507954437279043,0.0001
17,0.7631677179631298,1.70572348779639,0.0001
18,0.7513398245699017,1.671587000677091,0.0001
19,0.738485076246445,1.756839541327013,0.0001
20,0.7235426664805047,1.8441954873682798,0.0001
21,0.714655489565352,1.8279966360644775,0.0001
22,0.7083739588669656,1.681769897975042,0.0001
23,0.6905073009870372,1.6167765225744775,0.0001
24,0.6853240813791224,1.7088881799704605,0.0001
25,0.6686801805485263,1.6329347978425217,0.0001
26,0.6595716081907396,1.6412650332020973,0.0001
27,0.6470596173172487,1.7061274020216226,0.0001
28,0.641426852036123,1.6576399737805718,0.0001
29,0.6325923983429623,1.596803024464539,0.0001
30,0.6256597301228296,1.5911450422393718,0.0001
31,0.615034626578705,1.679723346871578,0.0001
32,0.6077801493414174,1.5699971964513202,0.0001
33,0.5990715931761248,1.7100007673119442,0.0001
34,0.5902188845157742,1.5521719690680986,0.0001
35,0.5848149021798129,1.655599887275347,0.0001
36,0.5768246482263482,1.6337388573509928,0.0001
37,0.570830034282789,1.6363535977790091,0.0001
38,0.5639304129773262,1.5903154324224158,0.0001
39,0.5554433358533507,1.556536641634303,0.0001
40,0.545800406812055,1.5192177801924454,0.0001
41,0.5418467569109794,1.5211769549802383,0.0001
42,0.5325989602564811,1.664728072913655,0.0001
43,0.5288719506514747,1.6802341602735957,0.0001
44,0.5209880445641065,1.6279725957837132,0.0001
45,0.5176659236317656,1.550121059975322,0.0001
46,0.5144677549983846,1.8386954414642827,0.0001
47,0.5026151396117752,1.6179864799856933,0.0001
48,0.5018910348571839,1.5583353251931755,0.0001
49,0.4961570972516579,1.5630928914675222,0.0001
50,0.49195946199647816,1.695952293359134,0.0001
51,0.4870955829658155,1.7059810573894536,0.0001
52,0.48193083147486365,1.640151281758095,0.0001
53,0.47652998705536437,1.69716687395912,0.0001
54,0.47283732716410487,1.6873647943421113,0.0001
55,0.4671464915546518,1.593171815071836,0.0001
56,0.46371745101813105,1.6310540879349549,0.0001
57,0.45650844940949376,1.6184836175867645,0.0001
58,0.45647974770267197,1.7941602762147044,0.0001
59,0.44727809469327956,1.769007197874229,0.0001
60,0.4467360262668763,1.831305512152076,0.0001
61,0.4435596974667658,1.8476845065800758,0.0001
62,0.43797581654216805,1.7117509130371518,0.0001
63,0.43510663783973647,1.6496892102308094,0.0001
64,0.4274070142608119,1.7305931566463506,0.0001
65,0.4294599315263653,1.66849593500042,0.0001
66,0.4206528254959866,1.7020217952090246,0.0001
67,0.4177468189845005,1.7868364211922525,0.0001
68,0.41553638829080597,1.9625965410885846,0.0001
69,0.41300965773755494,1.8633382893933566,0.0001
70,0.41151042940687427,1.8453277500751468,0.0001
71,0.4055866056457997,1.998446887411833,0.0001
72,0.4001600330684421,1.8463971781373942,0.0001
73,0.4027996994048,2.056647690789661,0.0001
74,0.39796862395463073,1.8872836985313144,0.0001
75,0.39637085379327663,1.8407518158024556,0.0001
76,0.39095577943330445,2.0049718906431666,0.0001
77,0.3920618717653751,1.8066762920768447,0.0001
78,0.38571410395562306,1.9819495325689198,0.0001
79,0.38244589799869716,1.9191880227271076,0.0001
80,0.3820324829076275,1.919765143674067,0.0001
81,0.3742066870698869,1.925250332103101,0.0001
82,0.3745213641266549,1.8752394966936357,0.0001
83,0.3746455676947838,2.044230309015409,0.0001
84,0.3695928197508389,1.786171291980405,0.0001
85,0.3650846206145718,1.8110195672616733,0.0001
86,0.36732406680491825,1.8369302517403914,0.0001
87,0.36478687006292215,2.020357112734961,0.0001
88,0.35996844705416764,2.0015416375129447,0.0001
89,0.3565804565105031,1.838873865106603,0.0001
90,0.35314592720754473,1.6087588834329118,0.0001
91,0.3561011956703641,1.971269683245052,0.0001
92,0.35016652890340555,1.743079669042776,0.0001
93,0.34623025420565207,2.0314735968089064,0.0001
94,0.34705462374900137,2.069533824417208,0.0001
95,0.34294106651036826,1.9469034905578917,0.0001
96,0.34455472624959993,1.9146250116187509,0.0001
97,0.34003366930160406,1.9002605891690032,0.0001
98,0.3385786248247341,2.0956500668371345,0.0001
99,0.33639508874673885,1.9130669798891657,0.0001
100,0.3365155840342778,1.931917983559224,0.0001
End of training: 2022-08-27 02:55:36

Loss min training: 0.33639508874673885

Loss min val: 1.391222317145781

Best epoch: 3

Correlação: (0.4875044309589332, 0.0)




--> Fold: 5

Format of train data: frames: 123787 , pressures: 123787 

Format of validation data: frames: 43044 , pressures: 43044 

Option shuffle: True

Begin of training: 2022-08-27 02:55:47

Epoch,train_loss,val_loss,lr
1,4.912530439621122,2.3386645770163774,0.0001
2,2.356314542627967,2.3376592101355977,0.0001
3,2.049397930918314,2.5394094300950263,0.0001
4,1.749393167268224,2.3336633935912747,0.0001
5,1.3933097044718037,2.4599177894312234,0.0001
6,1.1053123454928115,2.677717194771215,0.0001
7,0.9695105672357398,2.118394615747441,0.0001
8,0.9123128324759605,2.6531862114100813,0.0001
9,0.8751849852297644,2.579669279919693,0.0001
10,0.8448600566524792,2.6614068749779363,0.0001
11,0.8234390654273226,2.479995559332218,0.0001
12,0.8023052598318625,2.750209893372497,0.0001
13,0.7832842656816399,2.5144132240234436,0.0001
14,0.7644482018263385,2.8944852279138966,0.0001
15,0.7471595492871798,2.624687512316853,0.0001
16,0.7324317560043226,2.5385239937637567,0.0001
17,0.7127056136625374,2.8666662426312146,0.0001
18,0.6990180511355272,2.4355337516757016,0.0001
19,0.6883493042215993,2.358600644703725,0.0001
20,0.6733240433433865,2.860526994262616,0.0001
21,0.6621519346770772,2.6085651839225887,0.0001
22,0.6490180828634552,3.2052422134797154,0.0001
23,0.6361072880577685,2.7254270139585564,0.0001
24,0.6276792300817671,2.5726272307433953,0.0001
25,0.6168391940113885,2.506388589979359,0.0001
26,0.6018434958385065,2.7089773198173743,0.0001
27,0.5972065535777499,2.5652264174160133,0.0001
28,0.584877071979363,2.6503045102575324,0.0001
29,0.5787124848282387,2.7011883023746526,0.0001
30,0.5685564606684353,2.90209885634916,0.0001
31,0.5599466371253802,2.6103963030225428,0.0001
32,0.5532692144223844,2.9957097390030145,0.0001
33,0.5453482466069587,2.6089283076042515,0.0001
34,0.5365278180158809,2.7925433189095026,0.0001
35,0.5295201933285617,2.57925501853247,0.0001
36,0.5224972297905945,2.493266596513636,0.0001
37,0.5205840972123634,3.025242233218762,0.0001
38,0.5143394947507149,2.9413557364289042,0.0001
39,0.5040102768536063,2.969376910210276,0.0001
40,0.4967399585788931,2.512570281618535,0.0001
41,0.4964831332734669,2.6122916508935083,0.0001
42,0.4853547139493941,2.7897192482699715,0.0001
43,0.4796259655607269,2.5650611593758526,0.0001
44,0.4776228490000755,2.6069181142891553,0.0001
45,0.4703671602562046,2.543340738239967,0.0001
46,0.4659364803737968,2.5412518587069,0.0001
47,0.460068676915797,2.1896744205012064,0.0001
48,0.4558436043962385,2.464888614988296,0.0001
49,0.4483640030322203,2.568504137118148,0.0001
50,0.448338572017177,2.356936389524114,0.0001
51,0.4411387510604748,2.674314432666599,0.0001
52,0.43861649211980364,2.472704835944366,0.0001
53,0.435350937268092,2.2676469709181717,0.0001
54,0.4311036918471601,2.6240802500263687,0.0001
55,0.4219765096966166,2.5756756485466754,0.0001
56,0.4181657806214006,2.36506636142066,0.0001
57,0.42012450055631445,2.4755867794703046,0.0001
58,0.4146092414039316,2.7231191277404267,0.0001
59,0.4096500126609262,2.8988580260619323,0.0001
60,0.4097946629151966,2.24472770013172,0.0001
61,0.4020166129760525,2.3643298941843462,0.0001
62,0.39871141313748154,2.282125759841773,0.0001
63,0.3959015162721454,2.13549470950232,0.0001
64,0.39785837217443976,2.252268860346987,0.0001
65,0.3921922706683594,2.496901258107577,0.0001
66,0.39013564037874804,2.581283860729038,0.0001
67,0.3853638788043937,2.1799254361586815,0.0001
68,0.3839811002251425,2.436693782213064,0.0001
69,0.3776440191830554,2.435072896073115,0.0001
70,0.3759536599462299,2.414588355409336,0.0001
71,0.37269642984976786,2.533551472667513,0.0001
72,0.3686062578023921,2.3390032164326677,0.0001
73,0.3701706591466949,2.408669548477341,0.0001
74,0.36605093534087124,2.66106674432112,0.0001
75,0.3631665664179809,2.5761796217538113,0.0001
76,0.3588913344031878,2.433506528985134,0.0001
77,0.360057126030776,2.328379868414198,0.0001
78,0.35995404271967874,2.4714198913198455,0.0001
79,0.35434715131279304,2.1278764313564085,0.0001
80,0.3494267744801499,2.5588998636806357,0.0001
81,0.3501847799668859,2.2655487208769185,0.0001
82,0.3472680729260988,2.3461442299851165,0.0001
83,0.3475061891686725,2.2686566091494407,0.0001
84,0.3414680952354333,2.355520214824891,0.0001
85,0.34196659660526085,2.0355326190622707,0.0001
86,0.3435735449588422,2.111663248235215,0.0001
87,0.3369671071991208,2.2109679959983746,0.0001
88,0.33337720165221424,2.2334141911278094,0.0001
89,0.33632054274469336,2.2700141625891344,0.0001
90,0.32890406231825703,2.3491852538491056,0.0001
91,0.32857287414531167,2.281019051249348,0.0001
92,0.328205523917273,2.4795855928581783,0.0001
93,0.3268902873670212,2.3451756947590687,0.0001
94,0.3242642303159867,2.3365921651261323,0.0001
95,0.3210124121213956,2.5383419287092854,0.0001
96,0.3189168794813518,2.2947903684375124,0.0001
97,0.31886501560286334,2.161296098740302,0.0001
98,0.31746043795910917,2.014263136326386,0.0001
99,0.31488737365205505,2.1825383244898116,0.0001
100,0.31217147888055086,2.328352139813895,0.0001
End of training: 2022-08-27 03:39:32

Loss min training: 0.31217147888055086

Loss min val: 2.014263136326386

Best epoch: 98

Correlação: (0.5037638910860819, 0.0)




--> Fold: 6

Format of train data: frames: 125799 , pressures: 125799 

Format of validation data: frames: 41032 , pressures: 41032 

Option shuffle: True

Begin of training: 2022-08-27 03:39:41

Epoch,train_loss,val_loss,lr
1,5.071211169532246,1.8271043289007558,0.0001
2,2.431526631270144,1.5876414006996118,0.0001
3,2.1190992205005323,1.7046532643006358,0.0001
4,1.7945864188557303,1.5004777806756742,0.0001
5,1.4578816451026935,1.9530025243317553,0.0001
6,1.1856515214731642,2.024136944597147,0.0001
7,1.059559319220004,1.915886308556994,0.0001
8,1.0074642499392161,1.9866507317871582,0.0001
9,0.9694398972015665,2.0657248671325843,0.0001
10,0.9423921466371691,1.6967984117432444,0.0001
11,0.9190786813621482,1.9103617889650106,0.0001
12,0.9010601930400751,1.6175888252667363,0.0001
13,0.8774194441257376,1.9944709554985731,0.0001
14,0.858438131134986,1.8165436703039903,0.0001
15,0.8413860880016797,1.8234428897613344,0.0001
16,0.8257643331924109,1.8198329187736428,0.0001
17,0.8089075981181204,2.095207323384671,0.0001
18,0.7968368105423503,1.651829311689175,0.0001
19,0.7818773308701307,1.9284308020844054,0.0001
20,0.7651490508832021,2.048148004126423,0.0001
21,0.7527532458389696,1.9703889707766864,0.0001
22,0.7462818881241212,2.2262770027462606,0.0001
23,0.7285855862843003,1.9743509967091442,0.0001
24,0.7157938563957029,2.064522447537716,0.0001
25,0.7097058779303573,1.9270113914257883,0.0001
26,0.7027554988928839,2.040107992383838,0.0001
27,0.6869037883951332,1.9235573543352233,0.0001
28,0.6766066772628718,2.1927550461910976,0.0001
29,0.6691033612164989,2.245980627914692,0.0001
30,0.6573630372252042,2.1753948466032655,0.0001
31,0.6449085099189058,2.3937766643080893,0.0001
32,0.6402245449543564,2.58252406022683,0.0001
33,0.6294134454035071,2.460105425422711,0.0001
34,0.621765751359223,1.8583695569171337,0.0001
35,0.6182312227455165,2.0540133494572186,0.0001
36,0.6065148412491913,2.018680731300537,0.0001
37,0.5981957664567374,2.3909099044612008,0.0001
38,0.5920659840767454,2.868022622316524,0.0001
39,0.584842057742417,2.3125621414621524,0.0001
40,0.5756006855869576,2.701653130641572,0.0001
41,0.5708123110919094,2.691053283309862,0.0001
42,0.5636401540644412,2.2422097395865115,0.0001
43,0.5563239879149091,2.286350753124194,0.0001
44,0.551846725028964,2.465702126239517,0.0001
45,0.5474296465532318,2.6288707941032614,0.0001
46,0.5371123980034125,2.4225214277937948,0.0001
47,0.5353248737200629,2.57613734186544,0.0001
48,0.5280224330097444,2.317557187683751,0.0001
49,0.5193852653783363,2.8452372175370257,0.0001
50,0.5142417214303577,2.5877491623180653,0.0001
51,0.5113538027523722,2.574973694412163,0.0001
52,0.5077696273899784,2.6916977176658823,0.0001
53,0.502174670385876,2.5373636060440647,0.0001
54,0.49713619701687917,2.5898066107165536,0.0001
55,0.4934548689284851,2.4464413828960425,0.0001
56,0.4861408367042671,2.9437081800331777,0.0001
57,0.4804489753788515,2.6807558862850156,0.0001
58,0.4780608144267682,2.7256900083951305,0.0001
59,0.47419216540753584,2.376938417097773,0.0001
60,0.4705533284275021,2.3291862668710324,0.0001
61,0.4664681345094794,2.7488076324745516,0.0001
62,0.4592857316984122,2.6910179131768746,0.0001
63,0.4556949413166045,2.6062313855844854,0.0001
64,0.451724394401485,2.616639796045236,0.0001
65,0.4488771943800815,2.2868141987142936,0.0001
66,0.44515266638844353,2.599455912621264,0.0001
67,0.4414633984149693,2.8563171631412727,0.0001
68,0.43847844464260893,2.2946706412711975,0.0001
69,0.4319028959022586,2.5170141081290303,0.0001
70,0.43297722775221303,2.504770544728565,0.0001
71,0.4286820918726953,2.526010066404471,0.0001
72,0.4240862163950155,2.281302071658927,0.0001
73,0.42276077401695933,2.5874270103344514,0.0001
74,0.41754590507275224,2.5563613265363485,0.0001
75,0.4137682398220946,2.7008300795846107,0.0001
76,0.41528046595276913,2.4458229386985453,0.0001
77,0.4104547350749438,2.4794126058977515,0.0001
78,0.408196504492106,2.4784738867341902,0.0001
79,0.4041705472270198,2.394393518110957,0.0001
80,0.4003460693518006,2.6762927273463775,0.0001
81,0.3959219557254987,2.474365862937298,0.0001
82,0.39789679181140913,2.150238449495888,0.0001
83,0.39211824650677246,2.438110418871937,0.0001
84,0.393306568818725,2.46509782095173,0.0001
85,0.38555293953236125,2.5562997505803815,0.0001
86,0.38296614219501224,2.5328686071153412,0.0001
87,0.3819587752999469,2.255070801249813,0.0001
88,0.37764283017500627,2.2000382394208664,0.0001
89,0.38176074737372906,2.241410023707306,0.0001
90,0.3748826177433169,2.2958029955538377,0.0001
91,0.3727476821723146,2.305752214306534,0.0001
92,0.37031861133450883,2.358801991276212,0.0001
93,0.3694561237422246,2.4523641680109267,0.0001
94,0.3679077393508825,2.1254095185869826,0.0001
95,0.36361416264461,2.3172598829230364,0.0001
96,0.3631893091574139,2.3426584322147144,0.0001
97,0.3595380260252246,2.3490414610613763,0.0001
98,0.35661535909172953,2.3136130798441736,0.0001
99,0.3563193246306573,2.064349011118404,0.0001
100,0.35681564109104746,2.32774185446369,0.0001
End of training: 2022-08-27 04:49:52

Loss min training: 0.3563193246306573

Loss min val: 1.5004777806756742

Best epoch: 4

Correlação: (0.3909826919899824, 0.0)




--> Fold: 7

Format of train data: frames: 121714 , pressures: 121714 

Format of validation data: frames: 45117 , pressures: 45117 

Option shuffle: True

Begin of training: 2022-08-27 04:50:22

Epoch,train_loss,val_loss,lr
1,5.251143104247659,1.667292049131561,0.0001
2,2.4368468334996205,1.7563584116853441,0.0001
3,2.1269741124421375,1.464559305614409,0.0001
4,1.8215652224675025,1.750250280443747,0.0001
5,1.4585047495056234,1.7321967746036353,0.0001
6,1.1609926562007837,1.9047985647281525,0.0001
7,1.021564014376347,1.867703733956383,0.0001
8,0.9684815256066371,1.6128264060851056,0.0001
9,0.9278623833790806,1.7130976116799672,0.0001
10,0.8989179318500109,1.9823712957696182,0.0001
11,0.8761566040694428,1.827446146226377,0.0001
12,0.8525273433426156,1.7046938411341381,0.0001
13,0.8349501509456612,1.704025544994892,0.0001
14,0.816528337495468,1.789770331516871,0.0001
15,0.797239437468909,1.6974635091760013,0.0001
16,0.7811326074968874,1.704233067010891,0.0001
17,0.7677789401177115,2.149587995289916,0.0001
18,0.7525980291312984,1.7374474954649493,0.0001
19,0.7419350210674641,1.6684947786388884,0.0001
20,0.7275123381698132,1.7081824394924001,0.0001
21,0.7129435607315389,1.5333785726372664,0.0001
22,0.7009687258281789,1.8982996791829072,0.0001
23,0.6864561920283977,1.6703929975501697,0.0001
24,0.6804419540727417,1.7177863776198958,0.0001
25,0.6674395754661813,1.8328742617756708,0.0001
26,0.6563425788643237,1.912626496635832,0.0001
27,0.6434338612142123,1.7762168415166053,0.0001
28,0.6368171756272876,1.7351714045765168,0.0001
29,0.629906523709469,1.7629352318632066,0.0001
30,0.6183915465410534,1.749387363070944,0.0001
31,0.6104263647425305,1.5553793011609605,0.0001
32,0.6041642029583919,2.0261559476190167,0.0001
33,0.5915107505672175,1.7473547704269967,0.0001
34,0.5831545166564641,1.6011267103730231,0.0001
35,0.5800248328903341,1.5778383175569015,0.0001
36,0.569505969978788,1.681509940406042,0.0001
37,0.5637117904064338,1.665054202959634,0.0001
38,0.5534722850257768,1.7378402312263719,0.0001
39,0.5487440057012064,1.7720002588377193,0.0001
40,0.548040137006609,1.7073377495679507,0.0001
41,0.5399552101647758,1.58616682219453,0.0001
42,0.5329607886135816,1.6626941005761449,0.0001
43,0.5244836376903032,1.6804263025643114,0.0001
44,0.5219448547316504,1.547434248912524,0.0001
45,0.5176405253442387,1.6784656877109951,0.0001
46,0.5057435178931247,1.5771541390686505,0.0001
47,0.5004209240665786,1.663152572108168,0.0001
48,0.49742409550325045,1.5787771416806444,0.0001
49,0.4953098674137593,1.6416586310680072,0.0001
50,0.488220385110764,1.7824900657236464,0.0001
51,0.485572667617827,1.6499649135874663,0.0001
52,0.4811305245288009,1.7508157868174676,0.0001
53,0.4756094010473561,1.7228272929799195,0.0001
54,0.4708655860606136,1.6957730251727572,0.0001
55,0.4642821748178095,1.7056597065391341,0.0001
56,0.4603685468901982,1.5744487193204817,0.0001
57,0.45880051402276456,1.5468441870540879,0.0001
58,0.4542206755711979,1.6852656352112294,0.0001
59,0.4515568729567967,1.7100839926967843,0.0001
60,0.44924605426907116,1.7061979639553169,0.0001
61,0.4424255949681033,1.655420738735935,0.0001
62,0.43885930755068386,1.690555124663106,0.0001
63,0.4345587134872525,1.662042965876717,0.0001
64,0.43363821786027096,1.6792019249491017,0.0001
65,0.4290760191646895,1.6037000537719235,0.0001
66,0.42473550755420103,1.8748063817843215,0.0001
67,0.4196971136258983,1.7081643206659387,0.0001
68,0.41941487647774583,1.5743444092448047,0.0001
69,0.41510070191392145,1.6610007276480498,0.0001
70,0.4107218960480883,1.9020687910746177,0.0001
71,0.41049773050006455,1.5679676697805192,0.0001
72,0.40054419281392317,1.5801473223608453,0.0001
73,0.4057490374536502,1.6893701093280415,0.0001
74,0.4016021816596945,1.5725899522766449,0.0001
75,0.3989945823188945,1.6456082930528841,0.0001
76,0.3893096968953984,1.6547166784939953,0.0001
77,0.38876847915480794,1.561709674132838,0.0001
78,0.3874313627923121,1.6886150174274415,0.0001
79,0.3859424138417533,1.6523788880498116,0.0001
80,0.3812227690387066,1.7044454280383716,0.0001
81,0.3808596877125852,1.6183509307145771,0.0001
82,0.3776436046524683,1.568642386094495,0.0001
83,0.37678257729612386,1.744559752168809,0.0001
84,0.37233640883874947,1.6179034878240186,0.0001
85,0.37198873923245696,1.6599731234013724,0.0001
86,0.37011572150262095,1.688940194734464,0.0001
87,0.364901677889341,1.6857762009848025,0.0001
88,0.3647004881831214,1.6637339103432478,0.0001
89,0.3638896023612849,1.5136960697588373,0.0001
90,0.36236957424195143,1.6859144562881414,0.0001
91,0.35591763504794527,1.597441860784344,0.0001
92,0.3542317165331203,1.6005599618494442,0.0001
93,0.35107350196048887,1.7355013468043745,0.0001
94,0.35589319339436243,1.624104194066482,0.0001
95,0.3478343465586314,1.5780597089503063,0.0001
96,0.3453204545361692,1.7226692559113117,0.0001
97,0.34408081718851724,1.7199991853122427,0.0001
98,0.3432725726733463,1.6938883352832417,0.0001
99,0.3386075519486756,1.530888765028458,0.0001
100,0.33665688608199157,1.5860920392481663,0.0001
End of training: 2022-08-27 06:23:00

Loss min training: 0.33665688608199157

Loss min val: 1.464559305614409

Best epoch: 3

Correlação: (0.6239751155811653, 0.0)




--> Fold: 8

Format of train data: frames: 132010 , pressures: 132010 

Format of validation data: frames: 46835 , pressures: 46835 

Option shuffle: True

Begin of training: 2022-08-27 06:23:31

Epoch,train_loss,val_loss,lr
1,4.8968606051653865,1.4837253546885318,0.0001
2,2.396510767804864,1.3954180349061032,0.0001
3,2.061219409263258,1.422819573299931,0.0001
4,1.7079625415581663,1.436412206572454,0.0001
5,1.3275274497443514,1.4907371272014505,0.0001
6,1.078949911817801,1.3633171846432124,0.0001
7,0.9820684373487117,1.385761459086027,0.0001
8,0.9322628241905199,1.3982568855587008,0.0001
9,0.8931911647107581,1.3571085981489361,0.0001
10,0.867767889793511,1.4285151537676002,0.0001
11,0.8458163999353482,1.6644160016943248,0.0001
12,0.8247805208317683,1.3405456197978314,0.0001
13,0.8020243937992145,1.517723629562962,0.0001
14,0.7877240924471824,1.7024636125111512,0.0001
15,0.7695768483569518,1.6766603444701034,0.0001
16,0.7573505771222435,1.6196617208321804,0.0001
17,0.7368552888724743,1.7153718898705386,0.0001
18,0.7280255686551836,1.6155763949504895,0.0001
19,0.7152460604434248,1.6555311590601747,0.0001
20,0.7061655321538236,1.796048036987962,0.0001
21,0.6929523141264383,1.6362880023169495,0.0001
22,0.6796696658970126,1.7277566678269232,0.0001
23,0.665346907815304,1.790831402652073,0.0001
24,0.6584905962539112,1.8240226143743004,0.0001
25,0.653191557981491,1.63620832996739,0.0001
26,0.6397893570759162,1.7544592795993572,0.0001
27,0.6294850276957931,1.842051689087982,0.0001
28,0.6212173651354429,1.6054918368547133,0.0001
29,0.6124206699229453,1.6984891165991636,0.0001
30,0.602281070421992,1.7059241696255203,0.0001
31,0.5938673036169458,1.753654673489713,0.0001
32,0.5852742905436515,1.8167488305815844,0.0001
33,0.5819224459412838,1.7224621847954378,0.0001
34,0.5736695691533418,1.7497378585279286,0.0001
35,0.5653019517535974,1.669603319891975,0.0001
36,0.5586019312881193,1.7821719903656776,0.0001
37,0.5506155893275453,1.6791736980048089,0.0001
38,0.5448387080873922,1.8437373010481233,0.0001
39,0.538731268924002,1.772445139552023,0.0001
40,0.5321209505655289,1.6832456729958556,0.0001
41,0.5298606290427873,1.867124103066811,0.0001
42,0.5159942010434936,1.6457415597650327,0.0001
43,0.5182252195511575,1.8552419772890851,0.0001
44,0.5105246395949531,1.7869181634573694,0.0001
45,0.5027060499661583,1.6266414265476348,0.0001
46,0.4983938732342994,1.571974458945934,0.0001
47,0.4917907001050925,1.7554481118697933,0.0001
48,0.48639203562026545,1.6636667728169543,0.0001
49,0.4871846161713321,1.7478820072442653,0.0001
50,0.4778861812006099,1.9902003932587171,0.0001
51,0.47303731185939674,1.8086164428926372,0.0001
52,0.474601373492511,1.6974765476096692,0.0001
53,0.46682628486591904,1.9348589706588888,0.0001
54,0.45906527351361404,1.6332138129737572,0.0001
55,0.4549963504845839,1.8454736495992856,0.0001
56,0.4549399078470244,1.9558078312601492,0.0001
57,0.44860437619723154,1.8571100521561072,0.0001
58,0.4431771872955853,1.7999035277997364,0.0001
59,0.43923318314061055,1.691865643490795,0.0001
60,0.43705649108798583,1.828338131200062,0.0001
61,0.4327304489467552,1.7502340839501442,0.0001
62,0.4310042834712668,1.9157027954045769,0.0001
63,0.426553314990613,1.7653211680779122,0.0001
64,0.42334831089840164,1.89461729587098,0.0001
65,0.41876271155763506,1.8403264947058209,0.0001
66,0.4168799355950069,2.0503111784621315,0.0001
67,0.40988475500376925,1.7312563979856053,0.0001
68,0.40681573374405855,1.7876132666180173,0.0001
69,0.4052045595315395,1.8635169104933167,0.0001
70,0.39954353259572584,1.5779255054492611,0.0001
71,0.39982860909746537,1.709969055620802,0.0001
72,0.39267689497910996,2.035494980397697,0.0001
73,0.3975998894564266,1.9132526869833424,0.0001
74,0.389997013159642,1.5708813949113367,0.0001
75,0.3878983390154274,2.015518937396484,0.0001
76,0.3836016694541393,1.925685439929899,0.0001
77,0.38164726439212976,1.972637390082453,0.0001
78,0.3812024529018995,1.7082725082503143,0.0001
79,0.37485474416066566,1.8400155637897269,0.0001
80,0.3741864077034037,1.6013328999252294,0.0001
81,0.37010947305608377,1.6874285700991376,0.0001
82,0.3688129780310752,1.9327450537434685,0.0001
83,0.3673248557651705,1.8192011870912317,0.0001
84,0.36535972351716706,2.029041665206409,0.0001
85,0.36205906484418,1.892296778655579,0.0001
86,0.3594820803624646,1.9198198130994388,0.0001
87,0.3582747649468307,1.7132576190942987,0.0001
88,0.3548953113614786,1.579946744461076,0.0001
89,0.3521321479650747,1.8657902141435432,0.0001
90,0.3545740072702009,1.9627849421455854,0.0001
91,0.3499722800316409,1.6491358403883636,0.0001
92,0.34552737178246945,1.6549850077490116,0.0001
93,0.34587668034298635,1.7714730850874174,0.0001
94,0.3389474392751114,1.637888061915007,0.0001
95,0.34047300165353894,1.7822608603374341,0.0001
96,0.33931485069998196,1.7179246433111854,0.0001
97,0.33326899027176027,1.8044186410621912,0.0001
98,0.33922073871843217,1.7750810032658533,0.0001
99,0.3340019548176798,1.8331526619476557,0.0001
100,0.33458959010672584,1.7733222182868347,0.0001
End of training: 2022-08-27 07:51:43

Loss min training: 0.33326899027176027

Loss min val: 1.3405456197978314

Best epoch: 12

Correlação: (0.6152206835589812, 0.0)




--> Fold: 9

Format of train data: frames: 131637 , pressures: 131637 

Format of validation data: frames: 47208 , pressures: 47208 

Option shuffle: True

Begin of training: 2022-08-27 07:52:00

Epoch,train_loss,val_loss,lr
1,4.780577511106301,1.3941492536697846,0.0001
2,2.349341379440355,1.3686666594503532,0.0001
3,2.0408339858950746,1.3790785367964404,0.0001
4,1.7305732823164781,1.3057538520641356,0.0001
5,1.373415756469371,1.2641575333224053,0.0001
6,1.1258954507070438,1.417211884826831,0.0001
7,1.0233608254107693,1.332898026097732,0.0001
8,0.9724779123739669,1.333419258201391,0.0001
9,0.9366931709560083,1.3719164245392463,0.0001
10,0.9068723256079928,1.3964305491068467,0.0001
11,0.884333463160591,1.3165284711169987,0.0001
12,0.8627394658536792,1.5806789883737382,0.0001
13,0.842186706390623,1.4083071764273838,0.0001
14,0.8234001578801771,1.472231080705403,0.0001
15,0.810558200620564,1.4558796782227739,0.0001
16,0.7956123593123647,1.4766399562611376,0.0001
17,0.7759598894748359,1.4971729146486783,0.0001
18,0.7638238992018512,1.4819920095745294,0.0001
19,0.7497891397869114,1.5778591763951015,0.0001
20,0.7362971281645248,1.623402870624596,0.0001
21,0.7223729053434886,1.7029110460922974,0.0001
22,0.7137668191833311,1.6934091029500904,0.0001
23,0.7031900527507384,1.6801834077759126,0.0001
24,0.6854930779690633,1.7280638732257243,0.0001
25,0.6790692872026031,1.62618652587623,0.0001
26,0.6697872764397526,1.7519138182569127,0.0001
27,0.6614675765780592,1.6424630749247837,0.0001
28,0.6478991525590502,1.9300226426855869,0.0001
29,0.6393038310911507,1.9239805897824382,0.0001
30,0.6282132891791002,1.7160320816313164,0.0001
31,0.6217647983772541,1.786777832047088,0.0001
32,0.6081480872738204,1.7583639889607043,0.0001
33,0.6066015300149638,2.1321003062101647,0.0001
34,0.5957581892068392,1.869604156130836,0.0001
35,0.5916476848652747,1.8714192759645245,0.0001
36,0.5817186109490112,2.098542104028399,0.0001
37,0.5736191841125292,1.90673121817535,0.0001
38,0.5682753029652747,1.7898694996186544,0.0001
39,0.5627446327215938,1.78665955408895,0.0001
40,0.5532716371951204,1.8542153759944886,0.0001
41,0.5469664417795479,1.9732651008304711,0.0001
42,0.5396921626876934,2.048427762207066,0.0001
43,0.5355861455337262,2.1002317084597037,0.0001
44,0.5309769320482723,2.0750303144193145,0.0001
45,0.524330223792621,1.9819688266908653,0.0001
46,0.520610328807786,1.983772873393642,0.0001
47,0.5137163675696139,1.9071010376028925,0.0001
48,0.5061323888533029,2.0160985361053023,0.0001
49,0.5030275573326086,2.0438760086108703,0.0001
50,0.49881152797878375,1.9729766799643613,0.0001
51,0.49371009387832465,2.0608520760735787,0.0001
52,0.4881348474255457,2.0739861213439723,0.0001
53,0.4885049383330505,1.964960407471378,0.0001
54,0.4821179656108635,1.9110937297919952,0.0001
55,0.4765551056849072,1.8645060402198357,0.0001
56,0.47204254580912686,1.9608584053131346,0.0001
57,0.4678523178567174,1.8868931582611994,0.0001
58,0.4645599039145526,1.965661959170568,0.0001
59,0.46143560189233707,1.7222962721871675,0.0001
60,0.4537146673781133,2.006162420852046,0.0001
61,0.4543609950582423,1.9231027784720858,0.0001
62,0.4474572990979483,1.8033180148131644,0.0001
63,0.4439005142181055,1.8980034332197817,0.0001
64,0.4438260526921428,1.779568540021699,0.0001
65,0.4369495068155312,1.8177476251676838,0.0001
66,0.4322678179246797,2.093923870779017,0.0001
67,0.430538981673202,2.153581167879478,0.0001
68,0.4289391895951634,1.9958210690832405,0.0001
69,0.4246638439958445,1.900134584677864,0.0001
70,0.42310947602501575,1.9792651456809613,0.0001
71,0.41569799641488764,2.2026517727484727,0.0001
72,0.4169431560118053,2.043428347002064,0.0001
73,0.4113792213783827,1.7874467923992308,0.0001
74,0.4119793045661783,1.8669604249090244,0.0001
75,0.40564267289110834,1.9673988619935128,0.0001
76,0.4032778357113221,1.8463156707326025,0.0001
77,0.40364498045718755,1.8078564037167204,0.0001
78,0.4032898764008453,1.9524262785568134,0.0001
79,0.39567681904848373,1.9845162336956828,0.0001
80,0.39504516957552155,1.898259619053613,0.0001
81,0.39375966507103105,1.8103576564441353,0.0001
82,0.3890761226302209,2.010947158227147,0.0001
83,0.3906610634061923,1.8575907823009585,0.0001
84,0.38502986763048114,1.8104791589115377,0.0001
85,0.3860214020781053,1.9336166482439607,0.0001
86,0.38165716284070506,1.6153717592517676,0.0001
87,0.38070617755875347,1.7122910816454116,0.0001
88,0.37506266795095666,2.0113918044176815,0.0001
89,0.373979342656921,2.0241022581893335,0.0001
90,0.37074560126284645,2.0691101697113043,0.0001
91,0.36920869751519625,1.9739937498455955,0.0001
92,0.3632289355336853,1.9633977434389107,0.0001
93,0.36687701960391583,1.8467211880293606,0.0001
94,0.3656414907982835,1.9029941697420458,0.0001
95,0.36273442796472893,1.7723471808486058,0.0001
96,0.3626048106378442,2.056568899350214,0.0001
97,0.3595243497759386,1.9611616752406658,0.0001
98,0.35397074817257285,1.7592161231840127,0.0001
99,0.35453980817638187,1.9719281060839888,0.0001
100,0.3517926138198925,2.0319212063290957,0.0001
End of training: 2022-08-27 08:38:51

Loss min training: 0.3517926138198925

Loss min val: 1.2641575333224053

Best epoch: 5

Correlação: (0.3683689464477388, 0.0)


