
Dispositivo usado pelo Pytorch: cuda:3

Features usadas: Felipe

*****************************************

-----> GRID 6:   hyperparameters
0             100
1            adam
2              32
3             0.7
4           1e-05
5             0.2

 LSTM =True


 option_overlap=True , option_causal=False ,option_dropout_lstm=0.2



--> Fold: 0

Format of train data: frames: 118655 , pressures: 118655 

Format of validation data: frames: 48176 , pressures: 48176 

Option shuffle: True

Begin of training: 2022-12-14 11:46:03

Epoch,train_loss,val_loss,lr
1,43.29708452147171,9.264907046039015,1e-05
2,7.128095133006912,2.363419050118805,1e-05
3,5.156445150522852,1.8103197833621514,1e-05
4,4.502424568157623,1.8300309668581813,1e-05
5,4.343204903163559,1.6968623399734497,1e-05
6,4.248430551246257,1.797866475498981,1e-05
7,4.18651631407408,1.9101351944563278,1e-05
8,4.140043423617968,1.851325003224249,1e-05
9,4.1095601093100464,1.8751217289170488,1e-05
10,4.047441388209316,1.844616097296959,1e-05
11,4.0456610125509975,1.8442621638077275,1e-05
12,4.020412068236197,1.7863658417977593,1e-05
13,3.9924234992016796,1.7958749986415445,1e-05
14,3.947417820833671,1.8254506185734958,1e-05
15,3.952499210013184,1.7302902480448175,1e-05
16,3.9092449935707974,1.784979702071548,1e-05
17,3.899297061635,1.7688998877507276,1e-05
18,3.8820431060995166,1.7519739075619214,1e-05
19,3.8586765473744222,1.7833183951371534,1e-05
20,3.8255906148061536,1.7559946479689674,1e-05
21,3.80836209500164,1.720588997446869,1e-05
22,3.813123818315099,1.7505246008087811,1e-05
23,3.793235810319109,1.741349867909741,1e-05
24,3.7760991542289393,1.7473329217756202,1e-05
25,3.7576928772720777,1.806014073366186,1e-05
26,3.7326449934940245,1.7250998081142663,1e-05
27,3.728279431088977,1.792022498570103,1e-05
28,3.723691732983619,1.7706795294828805,1e-05
29,3.7048484622932336,1.7610162238233789,1e-05
30,3.6762128145252375,1.6980394899389823,1e-05
31,3.708903270539148,1.6609711572206207,1e-05
32,3.640013996681016,1.7647830148900874,1e-05
33,3.644344236057952,1.6403757953358742,1e-05
34,3.6575834469037503,1.6389714828641342,1e-05
35,3.6261671933596937,1.6971602576470224,1e-05
36,3.6093746733351004,1.6919218355617187,1e-05
37,3.6241896062096,1.7595584658402932,1e-05
38,3.6071043155220557,1.881511676909321,1e-05
39,3.576600812176809,1.7778172005414568,1e-05
40,3.5234199963750843,1.749638878242077,1e-05
41,3.5923479452832834,1.8182802523777992,1e-05
42,3.512952677317764,1.726262288804626,1e-05
43,3.532429481461901,1.768888611110173,1e-05
44,3.5223670823379862,1.6825238357584804,1e-05
45,3.5378976248191836,1.6035126150743149,1e-05
46,3.497374862214215,1.7138801164422783,1e-05
47,3.4593696521078106,1.710474835365407,1e-05
48,3.5033541112707445,1.58862139845322,1e-05
49,3.453978929734251,1.5758858042395183,1e-05
50,3.4207662169497595,1.776250164321157,1e-05
51,3.437223117526646,1.5885694876773457,1e-05
52,3.432059121574957,1.7316354051534222,1e-05
53,3.4020264493053247,1.608729359478857,1e-05
54,3.395378475119686,1.6296137378921307,1e-05
55,3.361526311127557,1.6568118847315194,1e-05
56,3.3884004084973816,1.7660993741066184,1e-05
57,3.372035825302264,1.6611803262109417,1e-05
58,3.3513670654846632,1.7543183084105938,1e-05
59,3.347614987257895,1.6930867264097373,1e-05
60,3.337600576373751,1.7208235448913611,1e-05
61,3.3021080218988614,1.7693282375300854,1e-05
62,3.324275918634013,1.626533931531371,1e-05
63,3.3054067318330276,1.6833739478656993,1e-05
64,3.2892666423623678,1.7012605462427435,1e-05
65,3.2900451945523126,1.6868374110931021,1e-05
66,3.270814832462171,1.6568331003030723,1e-05
67,3.260547382326927,1.6709325642571502,1e-05
68,3.2366210731683007,1.7427725366325086,1e-05
69,3.2429460553764056,1.7728209300359512,1e-05
70,3.2146274693198804,1.7932509532286771,1e-05
71,3.2162611064584974,1.6793213524679058,1e-05
72,3.21661691110468,1.6109156066577168,1e-05
73,3.216030634759144,1.6887347552515826,1e-05
74,3.1734680875384207,1.772221623445737,1e-05
75,3.1856749407696836,1.696523699202992,1e-05
76,3.165055639464205,1.7218213673645142,1e-05
77,3.1439484011754693,1.6166610264849401,1e-05
78,3.161731389277071,1.6794239817288024,1e-05
79,3.147581609163175,1.7651288312996238,1e-05
80,3.1153061304435603,1.6910284577869807,1e-05
81,3.112404322639277,1.602058632771306,1e-05
82,3.117757325310868,1.6953924102309692,1e-05
83,3.0865370602338675,1.8461760617062641,1e-05
84,3.1003476608849914,1.6920554944741215,1e-05
85,3.067906321360446,1.6503272054995939,1e-05
86,3.074986540736222,1.7045087157116108,1e-05
87,3.030375575086952,1.6374253878281466,1e-05
88,3.080022275604072,1.7414708556783671,1e-05
89,3.055892186369608,1.6809588519096057,1e-05
90,3.037335990263013,1.7057701684596411,1e-05
91,3.0391716474729433,1.706000391350597,1e-05
92,3.0050419632239476,1.8911749045344455,1e-05
93,3.0136506317870553,1.7479234633751384,1e-05
94,2.998547856414179,1.7114503662754872,1e-05
95,2.970894658149085,1.7935885562131826,1e-05
96,2.952131061661254,1.7427584048483071,1e-05
97,2.960421470910377,1.8733348129041882,1e-05
98,2.9559823604636946,1.6742593665251262,1e-05
99,2.9254046167115093,1.7575552612394638,1e-05
100,2.944932928423299,1.8456727039453715,1e-05
End of training: 2022-12-14 12:30:46

Loss min training: 2.9254046167115093

Loss min val: 1.5758858042395183

Best epoch: 49

Correlation: (0.5260338852871772, 0.0)




--> Fold: 1

Format of train data: frames: 122682 , pressures: 122682 

Format of validation data: frames: 44149 , pressures: 44149 

Option shuffle: True

Begin of training: 2022-12-14 12:30:53

Epoch,train_loss,val_loss,lr
1,42.02632990800857,8.976541645964474,1e-05
2,6.763848069116773,2.647327267223664,1e-05
3,5.26582012776476,2.3435988476863465,1e-05
4,4.564195154709834,2.022208153819435,1e-05
5,4.356721501784866,2.0242043127519267,1e-05
6,4.240544655436484,1.949074508044919,1e-05
7,4.195458698512907,2.0537784187712025,1e-05
8,4.1726996379533645,1.9870041264432232,1e-05
9,4.089712004987194,2.0165184092831105,1e-05
10,4.078488339824487,2.0218947944415597,1e-05
11,4.033419043128381,1.9659574966138615,1e-05
12,4.039336970273735,2.05182201637034,1e-05
13,4.001406088641216,2.014923316565275,1e-05
14,3.9674864738649553,2.0064126776094713,1e-05
15,3.9570110897251336,2.017277136243546,1e-05
16,3.9163965594517633,2.0142418146538446,1e-05
17,3.9062556087347877,2.011622269063572,1e-05
18,3.9105320059983595,1.9714686740346317,1e-05
19,3.8829263958057454,2.0051028821262546,1e-05
20,3.8449606952115936,1.9908503354015608,1e-05
21,3.815999582048146,1.9774875009599127,1e-05
22,3.8253202375466495,1.9723282474583577,1e-05
23,3.7954731770111825,1.9817609297556609,1e-05
24,3.77116435186022,1.9692175585825762,1e-05
25,3.7644714682361955,2.0465274303884895,1e-05
26,3.7652936798944636,2.0386874088763314,1e-05
27,3.7671238877511666,1.9677984649488245,1e-05
28,3.737248215905684,1.9873423400493668,1e-05
29,3.711092483923302,1.9377794735358604,1e-05
30,3.6890396419365694,2.0957480550646665,1e-05
31,3.702004863332737,1.8850879568041523,1e-05
32,3.6689668230400136,2.004406434609025,1e-05
33,3.6662535478016958,1.92584781808576,1e-05
34,3.653064213462,1.9982807984230389,1e-05
35,3.6307932876210924,1.931948335754682,1e-05
36,3.621795553901513,1.9864338889052129,1e-05
37,3.6089374412231523,1.997803273410305,1e-05
38,3.5901521072570217,1.9987105302906363,1e-05
39,3.5915821302613598,1.9503510038823908,1e-05
40,3.5902015843845936,2.0389279875091826,1e-05
41,3.54208489451285,2.0102186721595334,1e-05
42,3.536637865045913,1.9371094467680479,1e-05
43,3.5138763655320515,1.9952416606266832,1e-05
44,3.5209489415737893,2.027182380665296,1e-05
45,3.510463869370934,2.022175131455648,1e-05
46,3.480266385941216,2.1116913186131865,1e-05
47,3.4708159702147294,2.0216460610146716,1e-05
48,3.4529518651394033,2.087708098334487,1e-05
49,3.437160914731044,2.0376707777955065,1e-05
50,3.4378474082815558,2.0792340213557075,1e-05
51,3.443682112017255,2.0782619180767132,1e-05
52,3.433729037223922,2.1917189526561702,1e-05
53,3.3791120387260927,2.1687812532135773,1e-05
54,3.3950726238349365,2.1043818904231952,1e-05
55,3.379218488865095,2.085282765179194,1e-05
56,3.380988292913617,2.021176703905243,1e-05
57,3.374702965411968,2.058064409243474,1e-05
58,3.3391250808398225,2.0526707937510658,1e-05
59,3.3321720613630825,2.0727241846704465,1e-05
60,3.319499082629517,2.11831459189253,1e-05
61,3.3042003702222247,2.0313182730332255,1e-05
62,3.300996634027388,2.0977711775513015,1e-05
63,3.294364086931494,2.1582232247625015,1e-05
64,3.248860947423984,2.0590217485495685,1e-05
65,3.260945887069738,2.0428827689181053,1e-05
66,3.2642320951782153,2.097048796976449,1e-05
67,3.2316361370428086,2.137051773872156,1e-05
68,3.224813784100258,2.015822650033536,1e-05
69,3.223322970849161,2.0817355165346774,1e-05
70,3.1943276213397818,2.088539237633046,1e-05
71,3.200618639217898,2.055518738432172,1e-05
72,3.1883526604249535,2.093535046261103,1e-05
73,3.1929294742087904,2.0046015646469066,1e-05
74,3.1762929652065686,2.0283637463448394,1e-05
75,3.174274869439413,2.0852937033814793,1e-05
76,3.1372153204398963,2.1157514610258987,1e-05
77,3.145705898002297,2.1544707503798657,1e-05
78,3.1385716383660966,2.1424602935769372,1e-05
79,3.1062465390232297,2.1190386511828097,1e-05
80,3.1319201611863865,2.1291266893157306,1e-05
81,3.1062539706742673,2.1492122184671594,1e-05
82,3.0900185356782854,2.1136140363689306,1e-05
83,3.0930243429611597,2.1426401467886986,1e-05
84,3.0887798028055915,2.146572103548753,1e-05
85,3.0654288226851016,2.161958802680353,1e-05
86,3.048707959078298,2.114238725102456,1e-05
87,3.037814125662801,2.1226632544407287,1e-05
88,3.009761545084851,2.17748612215809,1e-05
89,3.0283589092034555,2.1542681606038,1e-05
90,3.011365874310631,2.1621364792269913,1e-05
91,2.998261616345487,2.0476098112774967,1e-05
92,2.9998724101463927,2.122555432234532,1e-05
93,2.9624586306837024,2.1655882340319557,1e-05
94,2.9696302442391613,2.109345421985164,1e-05
95,2.934038793793287,2.143509848368565,1e-05
96,2.9420042005120632,2.1590070847560523,1e-05
97,2.9441629617755747,2.115665150343779,1e-05
98,2.9238622869608584,2.093346401466168,1e-05
99,2.936067663028323,2.132653457013696,1e-05
100,2.918226136088661,2.1368787222943917,1e-05
End of training: 2022-12-14 13:16:18

Loss min training: 2.918226136088661

Loss min val: 1.8850879568041523

Best epoch: 31

Correlation: (0.44590621488639326, 0.0)




--> Fold: 2

Format of train data: frames: 127377 , pressures: 127377 

Format of validation data: frames: 39454 , pressures: 39454 

Option shuffle: True

Begin of training: 2022-12-14 13:16:25

Epoch,train_loss,val_loss,lr
1,40.65535680796075,8.581139521536695,1e-05
2,6.462761392380154,2.630772333956831,1e-05
3,5.261956663272545,1.8925232113166075,1e-05
4,4.606088778717262,1.6056423374345614,1e-05
5,4.441347110995542,1.6211959320913791,1e-05
6,4.333479044192714,1.630269028348,1e-05
7,4.277737388326183,1.663806321611635,1e-05
8,4.231368542892992,1.6622969021441614,1e-05
9,4.156987285880177,1.6917883591855685,1e-05
10,4.157345141165231,1.743842873086483,1e-05
11,4.084480167246648,1.8982701824592094,1e-05
12,4.090787403101194,1.9015039638528568,1e-05
13,4.023943833450465,1.7667692577191698,1e-05
14,3.9997589260926296,1.7841940995628887,1e-05
15,3.989935163978906,1.863567332147724,1e-05
16,3.9723974666217963,1.8510086239094294,1e-05
17,3.9447990570911995,1.9170329582674877,1e-05
18,3.926880449609963,1.9239615869273126,1e-05
19,3.917754978109269,1.9740954074384884,1e-05
20,3.8765445707940747,1.8838001211965696,1e-05
21,3.8700441081185275,2.0020815739975135,1e-05
22,3.8652560007688503,1.8703622311110455,1e-05
23,3.831674936369381,2.006708016227333,1e-05
24,3.8208045500930035,2.091843667712946,1e-05
25,3.820407656365022,2.1395491965852687,1e-05
26,3.7816172431918487,1.992904958767518,1e-05
27,3.77880435123872,2.102615050200654,1e-05
28,3.7337681658083026,2.138528860073986,1e-05
29,3.738256077163077,2.101584426858902,1e-05
30,3.736396813016978,2.141048358784388,1e-05
31,3.69077039888194,2.1833832846366126,1e-05
32,3.7083749815684657,2.2000939343144457,1e-05
33,3.683851827342733,2.1590175657184836,1e-05
34,3.6728029408213776,2.1501826069108096,1e-05
35,3.6621469645807636,2.1192717698424466,1e-05
36,3.65623332552938,2.2143733540955224,1e-05
37,3.5901040346981827,2.427959765684298,1e-05
38,3.617960761056992,2.1671667040865836,1e-05
39,3.5861361983193456,2.251782974119018,1e-05
40,3.574393741888549,2.3942590777943003,1e-05
41,3.5814357749242793,2.3834531944751762,1e-05
42,3.5737105721573923,2.336795534045539,1e-05
43,3.53191010993006,2.3409053437302636,1e-05
44,3.547657531876132,2.3169984844093867,1e-05
45,3.521760862941295,2.2236243673433744,1e-05
46,3.5454888429986653,2.378060475941297,1e-05
47,3.494331903046679,2.269120482005658,1e-05
48,3.4784709758656422,2.302443872748032,1e-05
49,3.4793066377695996,2.3973471176160803,1e-05
50,3.456713103549508,2.358480389544706,1e-05
51,3.450253124782752,2.3643476511272215,1e-05
52,3.4450915385341907,2.3562822752960457,1e-05
53,3.431119954045934,2.2339309445020668,1e-05
54,3.4160259646101534,2.220375189327001,1e-05
55,3.417441458432068,2.3528908513977,1e-05
56,3.407825806564721,2.293126682058727,1e-05
57,3.3720028104852258,2.365674335014961,1e-05
58,3.3692908078759407,2.237313898806094,1e-05
59,3.347591676743257,2.1509207797170125,1e-05
60,3.359551461628272,2.3189149889344347,1e-05
61,3.33999585383785,2.1886918835797795,1e-05
62,3.330030577984087,2.2935549047416623,1e-05
63,3.3158425732959134,2.3706932166733767,1e-05
64,3.2794036940366635,2.2154190021103393,1e-05
65,3.2972954217103037,2.4080834488683314,1e-05
66,3.2895166908091418,2.244436577643058,1e-05
67,3.2491566187393346,2.2036678535791903,1e-05
68,3.25713295725151,2.2493621458808812,1e-05
69,3.2458849606339943,2.0648145078192637,1e-05
70,3.236421937334259,2.278268617993162,1e-05
71,3.2172318414031813,2.049964214051713,1e-05
72,3.1985154050635822,2.0924097921758014,1e-05
73,3.206783681339336,2.058497541027037,1e-05
74,3.1899246015557465,2.2468270073371137,1e-05
75,3.1865496700499225,2.2370345291318112,1e-05
76,3.186063162106541,2.490475121988457,1e-05
77,3.1583401528182087,2.1775882159750517,1e-05
78,3.1277540017068266,2.1685222559779658,1e-05
79,3.1360234983071615,2.3281424722494086,1e-05
80,3.1372696461434186,2.0136997817091653,1e-05
81,3.0878194690024885,2.1449208688269445,1e-05
82,3.1246484254929143,2.2558295613591657,1e-05
83,3.084686000605608,2.0454983780132316,1e-05
84,3.0933778055997645,2.23859728707879,1e-05
85,3.0870765251690586,2.0572037778539074,1e-05
86,3.081474650560056,2.159985090381334,1e-05
87,3.0662700692062965,2.300838336788914,1e-05
88,3.0440335854529637,2.1637516626567455,1e-05
89,3.035459746631412,2.2577340303748694,1e-05
90,3.0203809957341727,2.123328163770412,1e-05
91,3.0043158815714492,2.0528578795585184,1e-05
92,3.0058248821916416,2.3048778781116406,1e-05
93,3.0043918502917855,2.189538804953113,1e-05
94,2.971995188789599,2.134659538413107,1e-05
95,2.9759233420218445,2.277491648995931,1e-05
96,2.95087797502664,2.2343133667064414,1e-05
97,2.939583196768941,2.1490740564558735,1e-05
98,2.941407840735603,2.089789342921341,1e-05
99,2.937547218520044,2.157215755286869,1e-05
100,2.921646354933625,2.300806424425239,1e-05
End of training: 2022-12-14 14:02:37

Loss min training: 2.921646354933625

Loss min val: 1.6056423374345614

Best epoch: 4

Correlation: (0.5378306919126639, 0.0)




--> Fold: 3

Format of train data: frames: 125334 , pressures: 125334 

Format of validation data: frames: 41497 , pressures: 41497 

Option shuffle: True

Begin of training: 2022-12-14 14:02:43

Epoch,train_loss,val_loss,lr
1,41.74593144395093,7.831859175043197,1e-05
2,6.755848063092848,2.295735458542066,1e-05
3,5.066140232435894,1.7750479052416528,1e-05
4,4.525961611713638,1.7917502945289958,1e-05
5,4.398077754544301,1.7582688600375749,1e-05
6,4.3191051490154635,1.7653976048199898,1e-05
7,4.22689414824446,1.8220630034563394,1e-05
8,4.189546237721667,1.7094547238772664,1e-05
9,4.141198562701083,1.811711273207838,1e-05
10,4.135344234815474,1.7800974493633221,1e-05
11,4.080630466784963,1.8799701458368399,1e-05
12,4.093110851816398,1.873484646656095,1e-05
13,4.0442463729346825,1.7934229896565956,1e-05
14,4.023837650189563,1.7780354656500825,1e-05
15,3.9961405784228856,1.8989097859011037,1e-05
16,3.9848474741176085,1.8706682568691286,1e-05
17,3.9636059437783926,1.8735508188918795,1e-05
18,3.9501974514989504,1.8803665986574625,1e-05
19,3.916930330648633,1.8983327670881833,1e-05
20,3.9023320447118937,1.9579425870325116,1e-05
21,3.8724385387397158,1.9219380034295428,1e-05
22,3.8705533954645865,1.894369589276126,1e-05
23,3.856713984934708,1.830477769870047,1e-05
24,3.8299716656544396,1.959175935391274,1e-05
25,3.836322410092164,1.9272315186799474,1e-05
26,3.7800345758603715,2.0103375010827444,1e-05
27,3.8191131416362314,1.9623789465662675,1e-05
28,3.7707674403533553,2.0617013175473096,1e-05
29,3.767122109289713,2.0699954621346053,1e-05
30,3.744581949070353,2.0302300531841126,1e-05
31,3.730726315759206,1.983793527427247,1e-05
32,3.693237917038268,2.1082723605034395,1e-05
33,3.6798793380252515,2.0573576539212644,1e-05
34,3.7016317294445833,2.0405621240692695,1e-05
35,3.6786387120826896,2.0672680536752712,1e-05
36,3.667456422467,2.093635926014642,1e-05
37,3.6306337207764545,2.1214408837568532,1e-05
38,3.6547028369006607,2.190743760651593,1e-05
39,3.594840069390253,2.1709441294752723,1e-05
40,3.6178132603832647,2.1456167075675197,1e-05
41,3.612835546350754,2.0967227492380833,1e-05
42,3.5838896799203943,2.22849722492536,1e-05
43,3.5746303612153296,2.1138812578089006,1e-05
44,3.5746336966671683,2.312223736592384,1e-05
45,3.544146012435826,2.220653230541772,1e-05
46,3.5335472657890636,2.169723036374133,1e-05
47,3.512758060954751,2.206411533626668,1e-05
48,3.5073975800710793,2.2462931892183957,1e-05
49,3.492488724976868,2.304283471165742,1e-05
50,3.464219930403396,2.2657561729186257,1e-05
51,3.4591884900241197,2.396287488940825,1e-05
52,3.4704741014224347,2.357299865244452,1e-05
53,3.450951167786011,2.2777802933726647,1e-05
54,3.438387266185735,2.274887514363732,1e-05
55,3.420002082537571,2.34552668363131,1e-05
56,3.417558201280003,2.265204888118429,1e-05
57,3.401078692314519,2.347818372393067,1e-05
58,3.3851987575715023,2.404509542775326,1e-05
59,3.39220141474622,2.271594394737661,1e-05
60,3.390005414169813,2.337901595673176,1e-05
61,3.3472446255372916,2.39418765244738,1e-05
62,3.340600055544712,2.4638086453711816,1e-05
63,3.336034961719736,2.3874837547611762,1e-05
64,3.3143933776929004,2.387647841738963,1e-05
65,3.2927358905624624,2.511865717418384,1e-05
66,3.2936845497282494,2.3256060006684747,1e-05
67,3.2740382821650416,2.3983747266294193,1e-05
68,3.273238959326059,2.504505792543061,1e-05
69,3.280814564652073,2.339884969559992,1e-05
70,3.2469540263157444,2.4438387325454265,1e-05
71,3.2540222399786467,2.3272131153120204,1e-05
72,3.243186694075549,2.480321690169065,1e-05
73,3.2045235232510065,2.45302914634315,1e-05
74,3.2080258038938534,2.487299620698704,1e-05
75,3.192764105186491,2.408070467964932,1e-05
76,3.168796718401159,2.513605858402476,1e-05
77,3.1772810729251093,2.42580645369987,1e-05
78,3.151903048655372,2.4683805574815665,1e-05
79,3.153898174125809,2.4166366268267767,1e-05
80,3.132830891748514,2.5484979256212297,1e-05
81,3.133364221075639,2.5525661578714915,1e-05
82,3.130872141995901,2.52833493492398,1e-05
83,3.0957921169992972,2.5367590495528125,1e-05
84,3.0964589424480424,2.595240649089505,1e-05
85,3.087426077795095,2.560165172002774,1e-05
86,3.0756691657108393,2.652582869568908,1e-05
87,3.080948124910867,2.5429602553937127,1e-05
88,3.060295308949015,2.5757506105196972,1e-05
89,3.046243952620923,2.631353897046051,1e-05
90,3.061064553800666,2.5744162461848266,1e-05
91,3.0424411269109446,2.6450572438098368,1e-05
92,3.0073770279611707,2.702935650351134,1e-05
93,3.001810364876376,2.6417093435092083,1e-05
94,2.9966533255272343,2.5683724018402305,1e-05
95,2.9835281431725367,2.5299876715891774,1e-05
96,2.9697830643134093,2.6008653987254635,1e-05
97,2.9680147867211737,2.4727459366207745,1e-05
98,2.9398185162283488,2.679428563392728,1e-05
99,2.9504830694693958,2.5842478297476474,1e-05
100,2.949617334046538,2.613106779102234,1e-05
End of training: 2022-12-14 14:48:33

Loss min training: 2.9398185162283488

Loss min val: 1.7094547238772664

Best epoch: 8

Correlation: (0.43221123514342996, 0.0)




--> Fold: 4

Format of train data: frames: 127998 , pressures: 127998 

Format of validation data: frames: 38833 , pressures: 38833 

Option shuffle: True

Begin of training: 2022-12-14 14:48:40

Epoch,train_loss,val_loss,lr
1,40.2886244666232,8.652817255265774,1e-05
2,6.53869228554222,2.3480283532525625,1e-05
3,4.986263931165455,1.7259765483347451,1e-05
4,4.490340094549283,1.6562065921703313,1e-05
5,4.349917523214471,1.6482898689693455,1e-05
6,4.258963079217371,1.552372996463834,1e-05
7,4.19481245490409,1.5227532353380433,1e-05
8,4.1457545944306196,1.482834753210937,1e-05
9,4.07109144631452,1.514966076372568,1e-05
10,4.043259525800504,1.4667651574795175,1e-05
11,4.043437990032641,1.414148239273097,1e-05
12,4.003160518263185,1.4833931279560633,1e-05
13,3.9876218025761734,1.4686786334477104,1e-05
14,3.960621294758242,1.430262119553384,1e-05
15,3.947406041990785,1.4644300026169512,1e-05
16,3.897314891231945,1.4774224459610779,1e-05
17,3.914586385474857,1.5154933319567492,1e-05
18,3.878012814349157,1.4299290116231802,1e-05
19,3.8667792652351385,1.4162200065840744,1e-05
20,3.833765742253467,1.493105590452453,1e-05
21,3.81554013485182,1.4036549710427428,1e-05
22,3.7830909969721027,1.424955029713915,1e-05
23,3.7990539140367057,1.5378038900031696,1e-05
24,3.7654022904034266,1.4929076664306513,1e-05
25,3.7668699173836484,1.509791069198004,1e-05
26,3.7451535947870584,1.4647141676511728,1e-05
27,3.7027722018780462,1.5196497198238874,1e-05
28,3.7222791771756185,1.4285663912587496,1e-05
29,3.721261625481847,1.4675372348021931,1e-05
30,3.6996850622626223,1.5666349947420313,1e-05
31,3.6516105057729438,1.5051645009445775,1e-05
32,3.650639291141113,1.527601641046486,1e-05
33,3.6230226614566186,1.4885728515290713,1e-05
34,3.624123808111939,1.451785609045125,1e-05
35,3.643125699243295,1.6010345968981443,1e-05
36,3.598309313245661,1.5301642616983822,1e-05
37,3.5630391651519484,1.5615165404046993,1e-05
38,3.591295162646718,1.47214434835006,1e-05
39,3.549777714032177,1.526563216704066,1e-05
40,3.554026504913664,1.5086129545333553,1e-05
41,3.5524189756070044,1.6246857603649898,1e-05
42,3.518325219320285,1.514857646527692,1e-05
43,3.5303365686788832,1.6291261831362696,1e-05
44,3.499431296064268,1.5322786198948475,1e-05
45,3.500334645396488,1.5352639838705116,1e-05
46,3.4601130350379026,1.557106346383887,1e-05
47,3.4492890984790883,1.563906426725431,1e-05
48,3.4330656260136045,1.528924858300264,1e-05
49,3.436099672200529,1.5945158462835323,1e-05
50,3.4411825759069727,1.5937359737944088,1e-05
51,3.388679995049007,1.5551099742026497,1e-05
52,3.4065957071483166,1.6739778252034498,1e-05
53,3.3953919136594424,1.5928980378902253,1e-05
54,3.372358493848593,1.605794031709725,1e-05
55,3.345928215690325,1.5903391324497285,1e-05
56,3.364644699199946,1.7634634342310993,1e-05
57,3.3276922823863133,1.6059729463547654,1e-05
58,3.334136929295432,1.6116619023140173,1e-05
59,3.309457465032799,1.5641259990136187,1e-05
60,3.297800504404481,1.5639974910372474,1e-05
61,3.3026754736339665,1.6284685347409498,1e-05
62,3.2913628183537518,1.64553493302626,1e-05
63,3.2598096384428654,1.6601240563085047,1e-05
64,3.2574324226298925,1.5753219982009248,1e-05
65,3.2650843638494895,1.6106374303670743,1e-05
66,3.2308855323050607,1.668707086464484,1e-05
67,3.2148473832504414,1.633330071708886,1e-05
68,3.2443585101286936,1.7383721937947947,1e-05
69,3.195890405382629,1.6319366561464888,1e-05
70,3.1923477577677732,1.6135378817036252,1e-05
71,3.1578204030869452,1.7362694574772146,1e-05
72,3.161147509305339,1.6514031122031214,1e-05
73,3.159265675234268,1.6321531715558344,1e-05
74,3.141143782227972,1.643543431604961,1e-05
75,3.151599505232316,1.632712016567226,1e-05
76,3.128429981467817,1.6960641726618542,1e-05
77,3.0934795960107575,1.6884702183420375,1e-05
78,3.1079821796644036,1.6511420796712157,1e-05
79,3.070704019912159,1.6942528673662722,1e-05
80,3.070127983566679,1.653070586815565,1e-05
81,3.062666264248501,1.6385252644055301,1e-05
82,3.066683174943579,1.6985383102208835,1e-05
83,3.0558399416084976,1.684165106912426,1e-05
84,3.049117300211969,1.6088391828785027,1e-05
85,3.05692519911226,1.7203051506501403,1e-05
86,3.009666051310888,1.6563979935763322,1e-05
87,3.0120844519505843,1.6516082260587983,1e-05
88,2.9816576742146523,1.7407476726001447,1e-05
89,2.9759393764470903,1.678395938336691,1e-05
90,2.975005145087764,1.7806660123486955,1e-05
91,2.968857228427189,1.7602946483830728,1e-05
92,2.952274999047956,1.6775871746582984,1e-05
93,2.940317604939981,1.7160955014151584,1e-05
94,2.93554083391153,1.6931266955901048,1e-05
95,2.9285180239933064,1.722174598883782,1e-05
96,2.9196796894676993,1.7163975695216942,1e-05
97,2.917011949233289,1.7600989175752106,1e-05
98,2.8793154640211465,1.726331107857342,1e-05
99,2.8934797214104586,1.6988967600328753,1e-05
100,2.8754327932829655,1.6937611056274209,1e-05
End of training: 2022-12-14 15:34:52

Loss min training: 2.8754327932829655

Loss min val: 1.4036549710427428

Best epoch: 21

Correlation: (0.4584160223249878, 0.0)




--> Fold: 5

Format of train data: frames: 123787 , pressures: 123787 

Format of validation data: frames: 43044 , pressures: 43044 

Option shuffle: True

Begin of training: 2022-12-14 15:34:59

Epoch,train_loss,val_loss,lr
1,41.936098519925665,8.70014613871791,1e-05
2,6.738580378042171,2.5513150677363257,1e-05
3,4.764588422233358,2.4938292227572596,1e-05
4,4.404491354645335,2.4649969210202407,1e-05
5,4.268977672848984,2.393565298112703,1e-05
6,4.203906843727304,2.5616124749194733,1e-05
7,4.112120248575284,2.3313915919757955,1e-05
8,4.0869679864490065,2.239818510164194,1e-05
9,4.008535307899601,2.228556969874566,1e-05
10,4.006080388495093,2.1204453492605513,1e-05
11,3.9929943811931308,2.113926686459387,1e-05
12,3.9619215405579498,2.3543881004311515,1e-05
13,3.914901949650235,2.174509676733975,1e-05
14,3.946452581428028,2.179159643863637,1e-05
15,3.898829639714429,2.224330935599181,1e-05
16,3.862734908538049,2.042064204578029,1e-05
17,3.8727393873114213,2.1081694323891833,1e-05
18,3.8547770077271184,2.1904029353446384,1e-05
19,3.8168547365433483,2.385472290722613,1e-05
20,3.785808966991812,2.333513903886221,1e-05
21,3.8096281656126907,2.1399369424143395,1e-05
22,3.793705122059473,2.1381257681496115,1e-05
23,3.7677306410378173,2.1089920231915134,1e-05
24,3.7464988679443723,2.1828322066725456,1e-05
25,3.725608745331176,2.539543172349585,1e-05
26,3.722677860750803,2.324806135612043,1e-05
27,3.7022600200568054,2.5049368612895435,1e-05
28,3.6985041421012923,2.4430722715979605,1e-05
29,3.677741387865623,2.3613105432859376,1e-05
30,3.65335838264489,2.7621192870092663,1e-05
31,3.6334181195044555,2.530784139302171,1e-05
32,3.635064009177052,2.5257998615733177,1e-05
33,3.617767793298431,2.4906991651184263,1e-05
34,3.6140574323497057,2.5442265558504236,1e-05
35,3.5824469558579426,2.518907546443175,1e-05
36,3.5765112028448836,2.4464163644840458,1e-05
37,3.5690587324513197,2.4080696823971164,1e-05
38,3.5666531561279755,2.440199466079997,1e-05
39,3.546591089845529,2.680127566603632,1e-05
40,3.5244255713182606,2.420237642871703,1e-05
41,3.49347420632336,2.3602524332791477,1e-05
42,3.500630461650676,2.4348024272661695,1e-05
43,3.5001202148975805,2.576271551546693,1e-05
44,3.476478200886112,2.626916082715603,1e-05
45,3.4703014232727765,2.482230306967806,1e-05
46,3.4658678758152757,2.480971778417296,1e-05
47,3.425640931556998,2.6262320861332524,1e-05
48,3.407370072801656,2.4955134401090104,1e-05
49,3.421925784524836,2.4654212908589277,1e-05
50,3.4194997954054838,2.3718476245842197,1e-05
51,3.3898061465277904,2.628089571118787,1e-05
52,3.388486237306256,2.4908505654137834,1e-05
53,3.3631310889838923,2.4978931613287934,1e-05
54,3.368508335037624,2.50478505622985,1e-05
55,3.341657004052879,2.4538556159999376,1e-05
56,3.3307410082473123,2.4774153804471086,1e-05
57,3.3021772363121995,2.6130232688286372,1e-05
58,3.3085698312006873,2.5810043551910544,1e-05
59,3.2834227076253746,2.5443432575242135,1e-05
60,3.3077085905185553,2.5305111202627804,1e-05
61,3.2697500306516614,2.3750382723744923,1e-05
62,3.2706326858019708,2.6022095802259892,1e-05
63,3.2617785040784306,2.55399474985991,1e-05
64,3.2486778564211676,2.419802406310326,1e-05
65,3.227587594385577,2.5511847004528416,1e-05
66,3.200725818888563,2.6070055616643057,1e-05
67,3.2320593253642484,2.480030842711852,1e-05
68,3.17746836881599,2.477716771358341,1e-05
69,3.1878928476550707,2.4539670548815895,1e-05
70,3.2065166138889643,2.5829473515334995,1e-05
71,3.1730614077775536,2.47715194138239,1e-05
72,3.1543502130768593,2.714978231460717,1e-05
73,3.144962553364061,2.49317865856473,1e-05
74,3.1332308696429507,2.49274690635762,1e-05
75,3.1365087539694545,2.4981648337053395,1e-05
76,3.1339952618051488,2.489136146220695,1e-05
77,3.10526664359303,2.52427789790736,1e-05
78,3.097093647565454,2.489093451304525,1e-05
79,3.0946849567158448,2.608672066934489,1e-05
80,3.0495953083662366,2.540310177458738,1e-05
81,3.0776558720224902,2.5223284081647903,1e-05
82,3.0619728904661163,2.522892550635145,1e-05
83,3.0217207516388696,2.515527189769396,1e-05
84,3.016126578911571,2.5119245821365515,1e-05
85,3.0260063225050016,2.5070617903277017,1e-05
86,3.036309326174718,2.494635172929809,1e-05
87,3.0061651378533196,2.427266696252496,1e-05
88,2.999336808336076,2.296444654974305,1e-05
89,2.9818500453059267,2.4832823127189676,1e-05
90,2.9758895920533424,2.3216129290482646,1e-05
91,2.9694059601408815,2.4765617996108054,1e-05
92,2.942439042056262,2.492437688981542,1e-05
93,2.947754977202752,2.2818507477758807,1e-05
94,2.9191221885483465,2.464165825525211,1e-05
95,2.9137640696211267,2.410134998465457,1e-05
96,2.9232259583864,2.490068101869641,1e-05
97,2.8992806976757373,2.419238434151617,1e-05
98,2.9077349017484537,2.380713706598795,1e-05
99,2.889604881703524,2.4368883466512314,1e-05
100,2.8978976376982883,2.381073869063435,1e-05
End of training: 2022-12-14 16:20:32

Loss min training: 2.889604881703524

Loss min val: 2.042064204578029

Best epoch: 16

Correlation: (0.34870813008027546, 0.0)




--> Fold: 6

Format of train data: frames: 125799 , pressures: 125799 

Format of validation data: frames: 41032 , pressures: 41032 

Option shuffle: True

Begin of training: 2022-12-14 16:20:38

Epoch,train_loss,val_loss,lr
1,39.731174129095244,10.430954039735994,1e-05
2,6.432196178110602,2.8420958699341474,1e-05
3,5.008885286628713,2.300534566770313,1e-05
4,4.499087391065946,2.429292988372746,1e-05
5,4.3625569571525675,2.292769087153491,1e-05
6,4.25549795979558,2.256258285587167,1e-05
7,4.212897452562596,2.078069727087049,1e-05
8,4.135905907981713,2.3510837929596047,1e-05
9,4.076687677601057,2.1754411220736474,1e-05
10,4.0729273360217455,2.478765109148284,1e-05
11,4.035472230932709,2.001646408120845,1e-05
12,4.012560386058972,2.4128183934116345,1e-05
13,3.9979047497673585,2.1557061679067147,1e-05
14,3.965499771635472,2.1510823264320034,1e-05
15,3.938596914555183,2.149809630113774,1e-05
16,3.9346671220135208,2.076941987370673,1e-05
17,3.915896459770856,2.2029282605585285,1e-05
18,3.884497442398827,1.9723629466644572,1e-05
19,3.862303445090529,2.143876642343198,1e-05
20,3.8404793811186133,1.9528261727119054,1e-05
21,3.811054996661838,1.7934317087239284,1e-05
22,3.828146798681626,2.181291691088774,1e-05
23,3.798767472415745,1.8776824365096334,1e-05
24,3.776188141029902,2.079848047608078,1e-05
25,3.7688322967345416,2.12843993895931,1e-05
26,3.7573217410817774,1.9560702613139622,1e-05
27,3.751435537779998,1.9422311610379723,1e-05
28,3.7316992096982853,1.9207961261330535,1e-05
29,3.7256348563305344,1.870911174964942,1e-05
30,3.697605225767712,1.8241744266427453,1e-05
31,3.6939081514217804,1.9390229799520158,1e-05
32,3.6607276412216176,2.071159054113192,1e-05
33,3.6544040040813153,2.162203062043178,1e-05
34,3.635224776589854,2.0212310885890323,1e-05
35,3.646235778112497,1.708823050456011,1e-05
36,3.62881046918175,2.6502858570012973,1e-05
37,3.5785569744531456,1.773645172204672,1e-05
38,3.5719461654367612,1.8390314497197435,1e-05
39,3.611686724164857,1.7952496869379513,1e-05
40,3.554676953392613,2.0204988869339617,1e-05
41,3.557583652231278,1.7521628069003718,1e-05
42,3.5302679009596343,2.299851554019755,1e-05
43,3.5275723420963088,1.7996853281936118,1e-05
44,3.5103388196678207,2.148117467450175,1e-05
45,3.5052079189886833,2.4579663509094454,1e-05
46,3.4681082045977276,2.1084451349326847,1e-05
47,3.4592901531397757,1.7829512745624259,1e-05
48,3.45484902781238,1.799097807348344,1e-05
49,3.455883106443076,1.9868083511511703,1e-05
50,3.458877991344657,1.94226934443117,1e-05
51,3.4289633807550812,1.616528651732454,1e-05
52,3.414347435421909,1.9491850329458795,1e-05
53,3.407874519434052,2.07843922457748,1e-05
54,3.3966143057588347,1.7455064380092216,1e-05
55,3.3756586744764103,2.129709946293421,1e-05
56,3.3711413513773665,1.628409210760288,1e-05
57,3.3584366063531363,1.9603929672587055,1e-05
58,3.3530868427127207,2.185545954562042,1e-05
59,3.3542518847282383,1.953410940110788,1e-05
60,3.3097645623747285,2.3445420284256366,1e-05
61,3.3191051726483427,1.7953410800332144,1e-05
62,3.306152089081682,1.8796931409677768,1e-05
63,3.3047236175766206,2.186096810811118,1e-05
64,3.3053923144594592,1.9314682099014537,1e-05
65,3.267709198319782,1.9671363259970178,1e-05
66,3.274080688733041,2.156753964209375,1e-05
67,3.2446097877992384,2.168532154159858,1e-05
68,3.2395206292072296,2.147522169750182,1e-05
69,3.249503458897252,1.9619340858024379,1e-05
70,3.2181072612315904,2.2283439927222926,1e-05
71,3.198593143566834,1.9935418256055684,1e-05
72,3.1817210959014517,1.8577780780282767,1e-05
73,3.1843801365981697,2.175462856374537,1e-05
74,3.1851389228329645,2.0267347407331706,1e-05
75,3.1457088785147476,1.7899391960739788,1e-05
76,3.152806019932554,1.8590449628064822,1e-05
77,3.1474749582537926,1.9733189921742598,1e-05
78,3.129877702144761,1.8786477539641138,1e-05
79,3.1221349212323326,1.9144430307878066,1e-05
80,3.128945502165269,2.0917550682626427,1e-05
81,3.097883396813378,2.046512302866129,1e-05
82,3.1047129725216673,2.079329595838427,1e-05
83,3.0914254902614497,2.075767293081434,1e-05
84,3.060587496447409,1.7639475351515093,1e-05
85,3.0648134739664536,2.2079149444890223,1e-05
86,3.053037273490464,1.8524454766766418,1e-05
87,3.0446496608872318,1.836897447179414,1e-05
88,3.035675495107473,1.9637898117925576,1e-05
89,3.0133728401910274,1.8184047202300226,1e-05
90,3.0058836133143916,1.8273460992620478,1e-05
91,2.9976831659631884,2.065550565231518,1e-05
92,2.9835493448029853,2.3628635034153955,1e-05
93,2.9699397058261177,2.184313859675079,1e-05
94,2.940789780986975,2.4333291689678807,1e-05
95,2.9460937326421175,2.3403461467083213,1e-05
96,2.93988463251527,2.1986113967521774,1e-05
97,2.9364484127627715,1.9586971589849111,1e-05
98,2.9508031144834024,2.1275916200419527,1e-05
99,2.917832326888659,2.241229572219908,1e-05
100,2.918865290802243,2.1166467773191506,1e-05
End of training: 2022-12-14 17:06:34

Loss min training: 2.917832326888659

Loss min val: 1.616528651732454

Best epoch: 51

Correlation: (0.551290583109051, 0.0)




--> Fold: 7

Format of train data: frames: 121714 , pressures: 121714 

Format of validation data: frames: 45117 , pressures: 45117 

Option shuffle: True

Begin of training: 2022-12-14 17:06:40

Epoch,train_loss,val_loss,lr
1,42.707438534186075,8.36606647340658,1e-05
2,6.933148961271154,2.3254920393449816,1e-05
3,5.144773762944256,1.7429562509092933,1e-05
4,4.53844400329536,1.6050638782562436,1e-05
5,4.418420745205323,1.5160618491303528,1e-05
6,4.302698002503759,1.46799222631182,1e-05
7,4.2239716259902,1.426655879499885,1e-05
8,4.185100705866875,1.4044724282404155,1e-05
9,4.12869306451157,1.36692323395263,1e-05
10,4.116497337758401,1.371624936915766,1e-05
11,4.080741844859394,1.3498006357005121,1e-05
12,4.055139931079163,1.313546313779649,1e-05
13,4.034899278931878,1.3548682321562455,1e-05
14,4.010596214640725,1.3411088211410584,1e-05
15,3.9961085725939722,1.3221702403463333,1e-05
16,3.9906915656712116,1.383232410192347,1e-05
17,3.9523170682730746,1.29647557056444,1e-05
18,3.936179282214445,1.2977399733360533,1e-05
19,3.9371768970471637,1.287303055909085,1e-05
20,3.8880654390700116,1.2999315345546525,1e-05
21,3.857180869596749,1.3337763341275302,1e-05
22,3.863268959065249,1.3467891893269104,1e-05
23,3.84421500027927,1.3010612181992354,1e-05
24,3.82124737681926,1.295493238706851,1e-05
25,3.805071478065762,1.309458882273846,1e-05
26,3.8134607327474703,1.2829003530825156,1e-05
27,3.790985275725639,1.3082986241798757,1e-05
28,3.7729004715432244,1.3267875809731005,1e-05
29,3.750046649525234,1.2790680252723872,1e-05
30,3.7419992260033657,1.3171233193609133,1e-05
31,3.73893342215853,1.301391144512969,1e-05
32,3.719439762104885,1.2947628291243978,1e-05
33,3.707175040634082,1.2962318071461998,1e-05
34,3.696775973124264,1.306325780514916,1e-05
35,3.6721521410675755,1.2890148447224532,1e-05
36,3.655882373481324,1.2957126716747613,1e-05
37,3.6638624415469807,1.333438804025073,1e-05
38,3.6096668592160555,1.3272670141403526,1e-05
39,3.6112480041264083,1.293421068356826,1e-05
40,3.626896899096379,1.3038643591924532,1e-05
41,3.584070387457325,1.3282415620543542,1e-05
42,3.5769413020931,1.3213044026167646,1e-05
43,3.5729733710045557,1.2980033971291156,1e-05
44,3.5736596571430885,1.3299895428510984,1e-05
45,3.5588006988036276,1.2855164109174302,1e-05
46,3.5304652574015063,1.3388889619115476,1e-05
47,3.514352473924775,1.337408266589186,1e-05
48,3.5018986103922822,1.2925036171293958,1e-05
49,3.483436379017482,1.2944769341384914,1e-05
50,3.45579914742131,1.3033298282086707,1e-05
51,3.4780246362141285,1.2985161171157744,1e-05
52,3.4771138986834527,1.3224097590424595,1e-05
53,3.453082138269286,1.3012773757745344,1e-05
54,3.4626866985143465,1.3042615217940272,1e-05
55,3.4252049833267297,1.3615076043339098,1e-05
56,3.4235502397759223,1.333885025990771,1e-05
57,3.39665215886352,1.2929358958159602,1e-05
58,3.3791771669781308,1.3179022894156758,1e-05
59,3.389872507141127,1.3156985170302151,1e-05
60,3.374503529878655,1.3153551038752043,1e-05
61,3.3645633590196526,1.3087228054743163,1e-05
62,3.3590254611781103,1.3136853252232021,1e-05
63,3.339022396561122,1.3265931248297587,1e-05
64,3.3147472830942473,1.2951709706486785,1e-05
65,3.306664572188799,1.3307638931039785,1e-05
66,3.3054453126760137,1.3510072183930832,1e-05
67,3.282956636224079,1.333886344543223,1e-05
68,3.2674378153312365,1.3196598713730425,1e-05
69,3.272692458045912,1.347518500737017,1e-05
70,3.2352448596061425,1.3148163288708188,1e-05
71,3.2372480771539127,1.3409383760914935,1e-05
72,3.2241860230149983,1.3622036755030826,1e-05
73,3.2108842778210183,1.3815951869190617,1e-05
74,3.2166769229270957,1.2723964485480705,1e-05
75,3.2128299836729903,1.316110904650567,1e-05
76,3.1948776550344054,1.3351383961338015,1e-05
77,3.205098583070777,1.3242527024422586,1e-05
78,3.1725194512566626,1.3193843924365367,1e-05
79,3.164729451910654,1.2721874364978611,1e-05
80,3.1786784392655134,1.3904997394630656,1e-05
81,3.123599904588452,1.2950570227197926,1e-05
82,3.1521581759271746,1.2974651429100255,1e-05
83,3.1532220671836924,1.3186510153098117,1e-05
84,3.128904165544564,1.2932208461045114,1e-05
85,3.097184139681996,1.3486369662106554,1e-05
86,3.1013824474463467,1.3412393754706553,1e-05
87,3.0692634849235554,1.3005236296148872,1e-05
88,3.081335624185713,1.2859895802385475,1e-05
89,3.0766851292847157,1.350475136334902,1e-05
90,3.052538529116538,1.345645234150268,1e-05
91,3.0574822942859226,1.3456508608541,1e-05
92,3.047817802328123,1.316339388340107,1e-05
93,3.022318114912263,1.3358351044650936,1e-05
94,2.992870878565646,1.3672495243737843,1e-05
95,3.0158666899051583,1.3074104788085814,1e-05
96,3.015153647854018,1.3012034979198863,1e-05
97,2.9851870476315137,1.343678740487812,1e-05
98,3.004281709985438,1.3486638616040674,1e-05
99,2.9667251136364574,1.3013208820683675,1e-05
100,2.938618990645379,1.341542583412161,1e-05
End of training: 2022-12-14 17:51:51

Loss min training: 2.938618990645379

Loss min val: 1.2721874364978611

Best epoch: 79

Correlation: (0.6533505713477546, 0.0)




--> Fold: 8

Format of train data: frames: 132010 , pressures: 132010 

Format of validation data: frames: 46835 , pressures: 46835 

Option shuffle: True

Begin of training: 2022-12-14 17:51:58

Epoch,train_loss,val_loss,lr
1,40.247599431831055,6.9488659532395705,1e-05
2,6.313695540387345,2.3604251723540455,1e-05
3,5.2063821569084,1.9637672696256632,1e-05
4,4.613962634961973,1.742961863116316,1e-05
5,4.413217723135713,1.6217569297668557,1e-05
6,4.3231566442828155,1.5986396594376908,1e-05
7,4.249301285072218,1.509780979339756,1e-05
8,4.17556945924894,1.463597765966122,1e-05
9,4.1167961728346185,1.473273852643481,1e-05
10,4.073336169781283,1.4333141689610045,1e-05
11,4.067497075718376,1.3864990514587463,1e-05
12,4.0564612432136995,1.3831028013101088,1e-05
13,3.993168858461024,1.381085471716484,1e-05
14,3.990027659875445,1.3654090908226062,1e-05
15,3.9660083571326306,1.2972598496147214,1e-05
16,3.9478449494285517,1.3758777354562042,1e-05
17,3.916360255778084,1.3466622974341385,1e-05
18,3.9061290695273363,1.3239205541001882,1e-05
19,3.9007114312114357,1.3574258276527156,1e-05
20,3.865260205537241,1.32229205308353,1e-05
21,3.8433127107967726,1.359400561594767,1e-05
22,3.8332673455772865,1.3344448544139909,1e-05
23,3.8101697653155013,1.3655619373644277,1e-05
24,3.7909531412463453,1.3699809330408481,1e-05
25,3.7527240089192264,1.350053215101942,1e-05
26,3.753812540643965,1.33854039951871,1e-05
27,3.7454247201159996,1.3863109650652092,1e-05
28,3.743134104765759,1.2861349060019498,1e-05
29,3.7033095284507414,1.3386292665150068,1e-05
30,3.669681722562825,1.3707373660389865,1e-05
31,3.6864520131236773,1.3374542849059037,1e-05
32,3.6650445850010525,1.3855459829907515,1e-05
33,3.6502491958104666,1.306749716043803,1e-05
34,3.631020893027282,1.40442503599725,1e-05
35,3.6199172163468383,1.4215733179379721,1e-05
36,3.6251154626935604,1.3447462204974605,1e-05
37,3.6065149488001915,1.3937784596900618,1e-05
38,3.575693387716487,1.3654163306940705,1e-05
39,3.5739883783342044,1.3312021830324507,1e-05
40,3.547454142745684,1.3369158928608378,1e-05
41,3.565575470096116,1.3451993007854373,1e-05
42,3.5079608144981194,1.4304759639220952,1e-05
43,3.522241124791834,1.4197998954733853,1e-05
44,3.487856117803647,1.3509879841956713,1e-05
45,3.469123648983106,1.5139753888151466,1e-05
46,3.4793549097773613,1.433401758423658,1e-05
47,3.444415327733452,1.3586081649751358,1e-05
48,3.4540701493143393,1.3860206464699445,1e-05
49,3.427609925674278,1.4705734788665168,1e-05
50,3.4287827487064484,1.460328372242332,1e-05
51,3.411426350611844,1.4263529909679014,1e-05
52,3.392544085594228,1.4673800141398776,1e-05
53,3.3940541450006205,1.3795911179543865,1e-05
54,3.383651374266117,1.4272379893662008,1e-05
55,3.3588825440824,1.4520894962631297,1e-05
56,3.3746772818850364,1.4240106576481968,1e-05
57,3.34023345900019,1.5097677218566599,1e-05
58,3.323861883279185,1.4391974921286061,1e-05
59,3.3202479431407217,1.4011699436618816,1e-05
60,3.314136148147462,1.490758175593857,1e-05
61,3.2936054197768985,1.4392225489362374,1e-05
62,3.2501908409587363,1.6609638254937997,1e-05
63,3.2766184531001556,1.47045500258365,1e-05
64,3.2328165813988154,1.426265544492763,1e-05
65,3.2477303122274894,1.4899636615082434,1e-05
66,3.232683638892077,1.4360380060685232,1e-05
67,3.211592049116836,1.471545134947854,1e-05
68,3.227009412157076,1.4276106185410133,1e-05
69,3.1793241482721606,1.4164536813057078,1e-05
70,3.19180367765043,1.4334206270817773,1e-05
71,3.1890611490890137,1.507058126284751,1e-05
72,3.157796563864495,1.452776308635949,1e-05
73,3.168381755376041,1.518781822163254,1e-05
74,3.151320021568433,1.408031884781691,1e-05
75,3.120055305427714,1.4438352998081618,1e-05
76,3.1011603091505564,1.4552817029735126,1e-05
77,3.11027434261791,1.5619412573625735,1e-05
78,3.1064635871748214,1.4217570280664769,1e-05
79,3.103113096658501,1.5525892931330454,1e-05
80,3.0739520309206374,1.569955308655989,1e-05
81,3.0670216319507,1.4966952622324956,1e-05
82,3.054423006046325,1.5421552131279588,1e-05
83,3.0549879404462006,1.5248520810359492,1e-05
84,3.024900693729442,1.5625006558559895,1e-05
85,3.0183062176588455,1.5422627081137477,1e-05
86,3.0170489410226717,1.4503326623356048,1e-05
87,3.017014594244583,1.6485972287345114,1e-05
88,2.9837730796966904,1.4493150691308014,1e-05
89,2.9671563044180247,1.5093419288257734,1e-05
90,2.9610311110808394,1.576287869497413,1e-05
91,2.9453149290971976,1.5420407316327618,1e-05
92,2.9614511933220884,1.522337606933922,1e-05
93,2.930672843661618,1.5104008055094709,1e-05
94,2.9414473831233683,1.554957722965956,1e-05
95,2.91456477862941,1.4809108733749063,1e-05
96,2.90684463436175,1.6611124664280983,1e-05
97,2.8928224160412785,1.507177921836603,1e-05
98,2.8747640679780395,1.5621224154501572,1e-05
99,2.8837001767666735,1.458331287334807,1e-05
100,2.856617282034005,1.608014649260295,1e-05
End of training: 2022-12-14 18:40:37

Loss min training: 2.856617282034005

Loss min val: 1.2861349060019498

Best epoch: 28

Correlation: (0.613616949258141, 0.0)




--> Fold: 9

Format of train data: frames: 131637 , pressures: 131637 

Format of validation data: frames: 47208 , pressures: 47208 

Option shuffle: True

Begin of training: 2022-12-14 18:40:44

Epoch,train_loss,val_loss,lr
1,38.22166190164099,10.038004332488926,1e-05
2,6.077368472519129,2.7605131914041503,1e-05
3,4.810551053819128,1.9416158088908886,1e-05
4,4.4153193741849135,1.6451305311991995,1e-05
5,4.306198757414213,1.5018339145387598,1e-05
6,4.1849713222263105,1.5224093327460058,1e-05
7,4.119520009460078,1.4140921865372593,1e-05
8,4.074408440995718,1.3007359270967884,1e-05
9,4.03026302647931,1.3258261072536663,1e-05
10,4.025108558529567,1.300903344089713,1e-05
11,3.9749963123086194,1.34091241665562,1e-05
12,3.9749646888933357,1.2763460522697165,1e-05
13,3.9194565586914916,1.275682285950762,1e-05
14,3.904829715799845,1.2626929071631963,1e-05
15,3.8890094696369255,1.2384603077063134,1e-05
16,3.8805093241066464,1.2326863937066017,1e-05
17,3.8341417625159653,1.362863246717002,1e-05
18,3.8260455810669716,1.1982601815725742,1e-05
19,3.8204241462694104,1.2519775969035503,1e-05
20,3.785708006050437,1.2264370761004935,1e-05
21,3.7779623126217876,1.3029973472988903,1e-05
22,3.7540887572516004,1.3065815856953311,1e-05
23,3.729233434547545,1.2898056486505025,1e-05
24,3.7426981814214417,1.3011391417613738,1e-05
25,3.6815446243899617,1.3930480430902334,1e-05
26,3.7150081297293864,1.336477918375187,1e-05
27,3.6609683132833073,1.2794485767500579,1e-05
28,3.66620288578779,1.4353251198432624,1e-05
29,3.657344599664938,1.451558891726114,1e-05
30,3.612185863055857,1.3797636476336363,1e-05
31,3.6196502988391015,1.3779721862783756,1e-05
32,3.607294761425565,1.3136772081379646,1e-05
33,3.610501348845085,1.2622723458803542,1e-05
34,3.574456537930925,1.420798308787518,1e-05
35,3.544222570729299,1.6243063293055262,1e-05
36,3.5276550319426496,1.2917929290412058,1e-05
37,3.5513969590101953,1.3703966308419855,1e-05
38,3.5285427146761856,1.3764712104068493,1e-05
39,3.484262915527757,1.4250155038458678,1e-05
40,3.4731967085828876,1.307776735366714,1e-05
41,3.483945007398912,1.3947910550811942,1e-05
42,3.458359093152498,1.3268385949609158,1e-05
43,3.4412894680856887,1.3749881117571372,1e-05
44,3.4277669837997764,1.3639854113341712,1e-05
45,3.4186011133096383,1.2905251594180476,1e-05
46,3.3966307194488663,1.26149538927534,1e-05
47,3.4029283633226646,1.4737784200715849,1e-05
48,3.3931062126421927,1.3951544718830449,1e-05
49,3.3652514991997737,1.2953465933558133,1e-05
50,3.380426817181847,1.3579897401323158,1e-05
51,3.374906715395182,1.3180438214854615,1e-05
52,3.349077552946622,1.3912266994851905,1e-05
53,3.3398209623877264,1.415109506463059,1e-05
54,3.294334313728512,1.4982625261653664,1e-05
55,3.289014298791417,1.3471828019936152,1e-05
56,3.295079148387947,1.2696338483255367,1e-05
57,3.2892476505885724,1.544203087892033,1e-05
58,3.2711630592153336,1.3915435071113533,1e-05
59,3.248737200907736,1.4699465882634737,1e-05
60,3.2309283488793135,1.367418380869261,1e-05
61,3.238997716086916,1.3947757174859228,1e-05
62,3.215250521534901,1.3341998851939674,1e-05
63,3.2033385922857582,1.4973468394668157,1e-05
64,3.1962057989765147,1.3855038320810142,1e-05
65,3.188800421977643,1.4061654293624006,1e-05
66,3.1875324003598835,1.352519458278804,1e-05
67,3.1754201873802423,1.4235848027596008,1e-05
68,3.1693090842298077,1.3865884556808303,1e-05
69,3.131758669352433,1.4110430091180108,1e-05
70,3.1335130590540428,1.3434474398737903,1e-05
71,3.138362597159331,1.4716713299409472,1e-05
72,3.1218671775740265,1.3557651591006021,1e-05
73,3.1110863413912484,1.3718746239362056,1e-05
74,3.087247644635028,1.3330985129111865,1e-05
75,3.064828282855627,1.4862877742110057,1e-05
76,3.0662438637228435,1.3992024981921012,1e-05
77,3.0599301449032903,1.4053890927931632,1e-05
78,3.0497357501870046,1.3413596839707618,1e-05
79,3.0255311074728493,1.421442193755496,1e-05
80,3.018527341316235,1.3811806556916282,1e-05
81,3.0270688305211775,1.3597774866818775,1e-05
82,3.004572343455726,1.3746565834301403,1e-05
83,3.0080875701275165,1.2630669633789884,1e-05
84,2.9777736099961145,1.4421457968976736,1e-05
85,2.995165057604571,1.359320413821876,1e-05
86,2.9951656408523,1.3976599797619094,1e-05
87,2.959116102843399,1.3229341462514619,1e-05
88,2.9335482223733185,1.3664403062334627,1e-05
89,2.921763896719363,1.4998133606353952,1e-05
90,2.916172287772351,1.626986474536108,1e-05
91,2.916897058452526,1.353351862384917,1e-05
92,2.9019206064782335,1.3586140444189425,1e-05
93,2.883842819746963,1.3602813108152019,1e-05
94,2.8764575263524153,1.441571170223949,1e-05
95,2.8752745983526125,1.4228937644268411,1e-05
96,2.8626856151270794,1.4460259361643646,1e-05
97,2.8431854443853775,1.5162271472927353,1e-05
98,2.8303484453024392,1.5521179589754928,1e-05
99,2.8543449202176263,1.3285705978194449,1e-05
100,2.815482056316494,1.5426868892002865,1e-05
End of training: 2022-12-14 19:27:44

Loss min training: 2.815482056316494

Loss min val: 1.1982601815725742

Best epoch: 18

Correlation: (0.5337288729860151, 0.0)




Mean validation loss: 1.559490117378111
