
Dispositivo usado pelo Pytorch: cuda

Features usadas: Felipe

*****************************************

-----> GRID 0:   hyperparameters
0             100
1            adam
2              32
3             0.5
4          0.0001
5             0.5

 LSTM =True


 option_overlap=True , option_causal=False ,option_dropout_lstm=0.5



--> Fold: 0

Format of train data: frames: 118655 , pressures: 118655 

Format of validation data: frames: 48176 , pressures: 48176 

Option shuffle: True

Begin of training: 2022-09-03 14:30:54

Epoch,train_loss,val_loss,lr
1,5.2471981190584245,1.9288998764244594,0.0001
2,2.4870894159339763,2.268458140248755,0.0001
3,2.1797129321362556,2.211403328253557,0.0001
4,1.888631110528714,2.441936239535846,0.0001
5,1.5488941954509492,1.9657460827243087,0.0001
6,1.2635205483457683,2.2572737509766436,0.0001
7,1.103808887854503,2.0099364182197625,0.0001
8,1.0441449677555878,2.055937267862179,0.0001
9,1.0124508072475855,2.1333929404037333,0.0001
10,0.9854579862433697,2.123129857770235,0.0001
11,0.9615899200490893,1.969393132375111,0.0001
12,0.9462025286676027,2.12415113076147,0.0001
13,0.9299904651177888,2.128535353357473,0.0001
14,0.9130931602045376,1.9185256293270525,0.0001
15,0.9021510496688478,2.023946965465273,0.0001
16,0.8850624640744161,2.1683301117997438,0.0001
17,0.8796264788448511,2.2052663224197153,0.0001
18,0.8624383770431431,2.394423589521134,0.0001
19,0.8496619321850769,2.0706785330539605,0.0001
20,0.8392331561413915,2.197879369652418,0.0001
21,0.8334104213545412,2.1570066128486576,0.0001
22,0.8232489893391323,2.1231794860900655,0.0001
23,0.8169455937456931,2.0550656603325725,0.0001
24,0.8046549774131503,2.0399842445179694,0.0001
25,0.7971955365404448,2.059865242260629,0.0001
26,0.789383341560703,2.5373292183883955,0.0001
27,0.7816743949459675,2.1983219438199386,0.0001
28,0.7713325084895893,2.473017098459442,0.0001
29,0.7677787469745582,2.1027308418599526,0.0001
30,0.7572684847772571,2.1423325162518267,0.0001
31,0.7489370749691063,1.7880690605368816,0.0001
32,0.7447349867594287,2.158078414108697,0.0001
33,0.7377800284309185,2.054617700130193,0.0001
34,0.7315584711512906,2.3101299183188937,0.0001
35,0.726203997395322,2.6489391252472725,0.0001
36,0.7198348072492832,2.1152265257156,0.0001
37,0.7149195848421122,2.248564045795845,0.0001
38,0.7087810660281629,2.290675988588488,0.0001
39,0.7000581443191735,2.222431451329675,0.0001
40,0.6946516765544892,2.020357669033271,0.0001
41,0.6887749669786039,2.151042641179184,0.0001
42,0.6853470365146958,2.199182423077244,0.0001
43,0.6812826712259796,2.0559441455374206,0.0001
44,0.6754686641168677,2.0677957966334795,0.0001
45,0.6685055377015593,2.417575533902356,0.0001
46,0.6623892794607422,2.2249209437010813,0.0001
47,0.6577507213873878,2.3189305877099597,0.0001
48,0.6537052540691506,2.587311123265495,0.0001
49,0.648327742759811,2.548205095404844,0.0001
50,0.6458272221783542,2.6286674067650235,0.0001
51,0.6358716262170012,2.1004638100177178,0.0001
52,0.6326312778732588,2.1589450017434344,0.0001
53,0.6326346919808957,2.242390049964793,0.0001
54,0.6280963428704357,2.219309667066576,0.0001
55,0.6217844599955332,2.5625397572086643,0.0001
56,0.6214476448612214,2.5637674105598935,0.0001
57,0.6131834125665481,2.680867593061168,0.0001
58,0.6108557742568607,2.1189228561937274,0.0001
59,0.6081878556669108,2.428995824184817,0.0001
60,0.6015205037008118,2.6071080181615294,0.0001
61,0.5980060964595463,2.16353243345915,0.0001
62,0.5952610081732889,2.3736185528676956,0.0001
63,0.5945879447842453,2.7422447261205347,0.0001
64,0.5858492586230022,2.7602383469236687,0.0001
65,0.5887062025381137,2.1552345142218807,0.0001
66,0.5818764002654391,2.6957606860705288,0.0001
67,0.5816030553653023,2.112599134247234,0.0001
68,0.5756679289053939,2.263844950735193,0.0001
69,0.575331449002815,2.227134647340879,0.0001
70,0.5689864630775714,2.3427462484384445,0.0001
71,0.5679902370185719,2.461214706217558,0.0001
72,0.5632536012717171,2.067230960531751,0.0001
73,0.5608787141297953,2.9112026718358828,0.0001
74,0.5567449586620815,2.650426237181705,0.0001
75,0.5534620323523143,2.936416042559727,0.0001
76,0.5519052616248143,2.8976257944851374,0.0001
77,0.5506596753140235,2.7799436863139397,0.0001
78,0.546113765315066,2.5711087990503936,0.0001
79,0.5425276536625258,2.348022959193531,0.0001
80,0.5433013095643626,2.6599543401071375,0.0001
81,0.5361570636273978,2.6155734711095606,0.0001
82,0.5339718830399113,2.4553907879243773,0.0001
83,0.5339077426311134,3.1138569280896142,0.0001
84,0.5316364239184063,2.305007181465329,0.0001
85,0.5257943314952609,2.175764175397302,0.0001
86,0.5259945290353184,2.3107427440977144,0.0001
87,0.5237317030328167,2.598117326510305,0.0001
88,0.5219850179021938,2.6805501616068432,0.0001
89,0.5232938735942504,2.2166556203852297,0.0001
90,0.517301898935261,2.4891940498621272,0.0001
91,0.5137808694449062,2.420251838316042,0.0001
92,0.5151859356386412,2.6420366637376564,0.0001
93,0.5131691479797454,2.2836235517760284,0.0001
94,0.5085422617506726,2.488571561103404,0.0001
95,0.507536562342021,2.2519651215482654,0.0001
96,0.5070226417194249,2.5508203988691296,0.0001
97,0.5013096351638806,2.818867451880945,0.0001
98,0.5006250490200294,2.482364872292956,0.0001
99,0.49803654425545363,2.5783606380055963,0.0001
100,0.49777767724667543,2.6039020809292674,0.0001
End of training: 2022-09-03 15:07:12

Loss min training: 0.49777767724667543

Loss min val: 1.7880690605368816

Best epoch: 31

Correlação: (0.5123876524406514, 0.0)




--> Fold: 1

Format of train data: frames: 122682 , pressures: 122682 

Format of validation data: frames: 44149 , pressures: 44149 

Option shuffle: True

Begin of training: 2022-09-03 15:07:21

Epoch,train_loss,val_loss,lr
1,5.245664188154882,1.9599855058598068,0.0001
2,2.4629511351891744,2.201757538113152,0.0001
3,2.1793838463492516,2.2375916431205547,0.0001
4,1.8845027533940761,2.348103167673246,0.0001
5,1.5430669062091857,2.3595059816881974,0.0001
6,1.2555082693026283,2.442272342010928,0.0001
7,1.1147517581472726,2.3149530402493315,0.0001
8,1.0545249330533193,2.607070456599025,0.0001
9,1.0207065239458073,2.2795562821257147,0.0001
10,0.9934626667071337,2.5716178928939817,0.0001
11,0.9747664034760144,2.4247900335383,0.0001
12,0.9575625566890438,2.5079239641068307,0.0001
13,0.9384989517306938,2.3603605404156984,0.0001
14,0.9212709028197968,2.464143943628932,0.0001
15,0.9084834484817234,2.230605369813175,0.0001
16,0.8964189996799583,2.0898634299364858,0.0001
17,0.8856663196733371,2.47751362988972,0.0001
18,0.8755669864301326,2.317650473388654,0.0001
19,0.8641861332257511,2.2544844762777108,0.0001
20,0.8522293405370097,2.241061709108551,0.0001
21,0.8445594379847898,2.524683546551751,0.0001
22,0.8344509614030693,1.9881627113325695,0.0001
23,0.827085449577196,2.234759225540543,0.0001
24,0.8158403559883974,2.030724754622197,0.0001
25,0.8160043965226929,2.258891526773947,0.0001
26,0.8015329323695529,2.2092433638954927,0.0001
27,0.7986254320725571,2.1437366981247563,0.0001
28,0.7858812123208145,2.407801045758848,0.0001
29,0.7816065303720526,2.4812201685526247,0.0001
30,0.7753176759615155,2.3510903486425376,0.0001
31,0.7643872060192508,2.18822825712921,0.0001
32,0.7600885388683685,2.1535613096978925,0.0001
33,0.7522324161546565,2.2062341530257306,0.0001
34,0.744536115023398,2.225013875883539,0.0001
35,0.7381145610497568,2.0652787706131503,0.0001
36,0.7331987873935111,2.2855365153803486,0.0001
37,0.7242653791409586,2.2896129989810876,0.0001
38,0.7215862680580686,2.253591244789225,0.0001
39,0.7138587301828535,2.2631742939565287,0.0001
40,0.7110036328463852,2.1976311459255427,0.0001
41,0.7058839648225963,2.178379286666449,0.0001
42,0.6998423922682054,2.23412574532375,0.0001
43,0.6924622302360198,2.492816469839938,0.0001
44,0.6848674347138852,2.2684384488328244,0.0001
45,0.6835271850891733,2.3342144682268646,0.0001
46,0.6784977175154336,2.3808689371624543,0.0001
47,0.674497879631909,2.182076021581034,0.0001
48,0.6716691081879262,2.2256516968950946,0.0001
49,0.6575829203041634,2.3498805925803925,0.0001
50,0.6586109799880572,2.215049828029591,0.0001
51,0.6535662081295983,2.3202321771646632,0.0001
52,0.6499202356717306,2.486264159019008,0.0001
53,0.6453022122221816,2.3806609119271935,0.0001
54,0.6419835588455169,2.2495008275642214,0.0001
55,0.6366380132207996,2.2420020005654857,0.0001
56,0.6325353480419647,2.4253617204051885,0.0001
57,0.6315323656677794,2.612710688226979,0.0001
58,0.6259242997936977,2.4450523185120825,0.0001
59,0.6226638229047469,2.3744211449823243,0.0001
60,0.620389325353938,2.2796072411767763,0.0001
61,0.6160200331320931,2.433409388882028,0.0001
62,0.6086467554946805,2.3430804938173106,0.0001
63,0.6108362591050334,2.3176239323066814,0.0001
64,0.600706251976132,2.439592547966331,0.0001
65,0.6015428536119892,2.4358407970020117,0.0001
66,0.5924122150964856,2.5817529381802538,0.0001
67,0.5938824104546813,2.677253842475328,0.0001
68,0.5891760148537858,2.8236166626068497,0.0001
69,0.587969483453106,3.0930261476120515,0.0001
70,0.5816879268758786,2.8065542538829367,0.0001
71,0.5810723976324711,2.3063369812885792,0.0001
72,0.5772414780524395,2.5298133334497024,0.0001
73,0.5740879632926011,2.691400989054737,0.0001
74,0.5685854032347825,2.4544495547888934,0.0001
75,0.5653025977760133,2.925599041356433,0.0001
76,0.5671012774876264,2.610236056472181,0.0001
77,0.5644613859311087,2.7330652815928023,0.0001
78,0.5610874688299236,2.6604445106772734,0.0001
79,0.5563395242943797,2.6733006600785596,0.0001
80,0.5517328816638403,2.572737397330839,0.0001
81,0.5481304464004626,2.6734797841962723,0.0001
82,0.5475349042217432,2.7339991186993013,0.0001
83,0.5455934146438571,2.693282978610681,0.0001
84,0.5416269145983829,2.7511178572592794,0.0001
85,0.5369873416147642,3.051474794217902,0.0001
86,0.5375658135536674,3.0712318698742473,0.0001
87,0.5334602430834753,2.9047442250900994,0.0001
88,0.5311191027294394,3.1641610749767075,0.0001
89,0.5282074889054486,2.771621817610818,0.0001
90,0.5296845638733133,2.947697767447436,0.0001
91,0.5254361941108157,3.3620526654098892,0.0001
92,0.5219192389047242,3.329799964804944,0.0001
93,0.5209399997406777,3.3865996198574897,0.0001
94,0.5173000506974726,2.951304529339069,0.0001
95,0.5180097560890459,2.9538997555916358,0.0001
96,0.514730002961194,2.9703848307263785,0.0001
97,0.513740951441896,3.0710310300545864,0.0001
98,0.5089640936455284,3.098195010315519,0.0001
99,0.505974669159513,2.8954903678841766,0.0001
100,0.5044881828834133,2.8350844606596843,0.0001
End of training: 2022-09-03 15:44:22

Loss min training: 0.5044881828834133

Loss min val: 1.9599855058598068

Best epoch: 1

Correlação: (0.3780718954926828, 0.0)




--> Fold: 2

Format of train data: frames: 127377 , pressures: 127377 

Format of validation data: frames: 39454 , pressures: 39454 

Option shuffle: True

Begin of training: 2022-09-03 15:44:33

Epoch,train_loss,val_loss,lr
1,5.160907271504004,2.232583056981815,0.0001
2,2.5256509814818715,2.071132735152889,0.0001
3,2.219636948799332,2.5048429884030488,0.0001
4,1.902728719633888,2.4414354761753767,0.0001
5,1.5606310980556024,2.612611465678416,0.0001
6,1.2816049198121,3.0274829811928283,0.0001
7,1.1543482028765217,2.796823987911505,0.0001
8,1.1048844217869445,3.5283439449575806,0.0001
9,1.0691852542832694,3.3850066327176105,0.0001
10,1.0450102913813635,3.480032779988306,0.0001
11,1.0217459439296381,3.3727002379051507,0.0001
12,1.0020486078300364,4.032446847332046,0.0001
13,0.9856727372709332,3.5091417042816406,0.0001
14,0.9684079476700782,3.800082802754393,0.0001
15,0.9540375399029135,3.6893512598734737,0.0001
16,0.9419822827061913,3.9777992565620868,0.0001
17,0.9316272211827088,4.394211174876484,0.0001
18,0.9220916785601774,4.231919403511748,0.0001
19,0.9079693593781749,4.1340607181300975,0.0001
20,0.8973394430250734,3.7156099860882223,0.0001
21,0.8886879078062188,3.6869140918349,0.0001
22,0.8818791532413158,3.211888294995402,0.0001
23,0.870179475197484,3.74187564842602,0.0001
24,0.8621672066730143,3.517526042112717,0.0001
25,0.8570043550724576,3.849603952309796,0.0001
26,0.8449986906818568,4.176963602601591,0.0001
27,0.8377123915718729,3.6027963034203965,0.0001
28,0.82807587632502,3.4441410727995714,0.0001
29,0.8245225320104609,3.0370136557235945,0.0001
30,0.8170926548096694,4.28663034703043,0.0001
31,0.8085664044959332,3.2094266187306526,0.0001
32,0.7999227840665685,3.447641668809423,0.0001
33,0.7901269405518954,2.9696678002002592,0.0001
34,0.7871760259163936,3.675742383541541,0.0001
35,0.7810188356595082,3.108794390100748,0.0001
36,0.7678853974017821,3.568964001495126,0.0001
37,0.7683022936805688,3.0959099088648423,0.0001
38,0.7640013842252824,2.8907078814021885,0.0001
39,0.7564892752715974,3.78451512747845,0.0001
40,0.7490284165032512,3.4121179342596215,0.0001
41,0.7439094968377312,3.510015470666035,0.0001
42,0.7358012521194033,3.267912908967802,0.0001
43,0.7340451061514576,3.258226180454888,0.0001
44,0.7307364769602308,2.9733727029304506,0.0001
45,0.7233343317405059,2.70939522199988,0.0001
46,0.7193066770738039,2.973644051747852,0.0001
47,0.7163432832367937,3.216377940513664,0.0001
48,0.7106174156266875,2.913670033746745,0.0001
49,0.705542049232613,3.2962587003731576,0.0001
50,0.695996668918608,2.8042716749502326,0.0001
51,0.6935780295128546,3.3687748461939084,0.0001
52,0.6900371525810728,3.3437914167649665,0.0001
53,0.6830345079985628,2.9868039862579137,0.0001
54,0.6784367398287046,3.2725115392721387,0.0001
55,0.6783198735145076,2.3416113069683875,0.0001
56,0.6717260821662793,2.7814560066688596,0.0001
57,0.664429896301669,3.292540555223411,0.0001
58,0.6598349005287828,2.6825054782495767,0.0001
59,0.6594539172192563,2.7933996374308445,0.0001
60,0.6556524740361112,3.0303703184370008,0.0001
61,0.6529031489854401,2.3735898443983845,0.0001
62,0.6434803721203352,2.3938458982637725,0.0001
63,0.6441420041562171,2.237139013853318,0.0001
64,0.6384011387845602,2.5084120375329206,0.0001
65,0.637384700168417,2.587214834734691,0.0001
66,0.6363298651619023,2.3568636156188414,0.0001
67,0.6308217795538569,2.0808613416045993,0.0001
68,0.6259027801358901,2.277710162312791,0.0001
69,0.6197700289948562,1.8535671158714835,0.0001
70,0.6214838976922357,1.8662589211093374,0.0001
71,0.6188861253531062,2.4500252152441626,0.0001
72,0.6177539412085684,2.1864826125997596,0.0001
73,0.6132243369922711,2.328062926314319,0.0001
74,0.6089213336026555,2.141240439992926,0.0001
75,0.605387699444748,2.530743252157216,0.0001
76,0.5984206501777722,2.1170945355356414,0.0001
77,0.5943863331893481,2.096036918298541,0.0001
78,0.5946397170697855,2.0825377859285865,0.0001
79,0.5896248448621478,2.117761122785785,0.0001
80,0.5892257513354614,1.8853982661797355,0.0001
81,0.5859206992364328,2.4410367216154802,0.0001
82,0.5789284874316336,2.1954034437741416,0.0001
83,0.5844294770813795,2.3054075099079525,0.0001
84,0.5770561619835595,2.8692275457521914,0.0001
85,0.5783259158314074,2.1640030769338088,0.0001
86,0.5718207763304277,2.3196779412832167,0.0001
87,0.5656659800289603,2.0466320633725084,0.0001
88,0.5667173028262718,2.271641675050679,0.0001
89,0.5636702617380088,2.5611631887069177,0.0001
90,0.5626494539659821,2.100337355396839,0.0001
91,0.556294647017964,2.09001525138681,0.0001
92,0.5580838281966222,1.907734803833891,0.0001
93,0.5541213824249478,2.442726772301775,0.0001
94,0.5495049652281222,2.0892113152716343,0.0001
95,0.5491814840641234,2.4162386556703104,0.0001
96,0.5462140055139327,1.9230136450869377,0.0001
97,0.5424088039420055,2.201749775385164,0.0001
98,0.5417039875199852,2.143806284739483,0.0001
99,0.5413519092432876,2.040529040501799,0.0001
100,0.5370923124269952,2.4964415595783698,0.0001
End of training: 2022-09-03 16:22:24

Loss min training: 0.5370923124269952

Loss min val: 1.8535671158714835

Best epoch: 69

Correlação: (0.5296409866826619, 0.0)




--> Fold: 3

Format of train data: frames: 125334 , pressures: 125334 

Format of validation data: frames: 41497 , pressures: 41497 

Option shuffle: True

Begin of training: 2022-09-03 16:22:33

Epoch,train_loss,val_loss,lr
1,5.480189943879713,2.2460928028237777,0.0001
2,2.534615864081006,2.0344653835749833,0.0001
3,2.2368996461704267,2.114632442324616,0.0001
4,1.9390708629759361,2.0709341688121885,0.0001
5,1.597935798749629,2.025654294624281,0.0001
6,1.291883436751662,2.151183409843341,0.0001
7,1.142594370716887,2.1349304479142397,0.0001
8,1.087299395034032,3.4886581361628464,0.0001
9,1.0531141321965771,2.429472726126862,0.0001
10,1.0291483218017756,2.2565098106796477,0.0001
11,1.0074295076561561,1.99205518344984,0.0001
12,0.9936593013355932,2.821887514926004,0.0001
13,0.98119771889167,2.3245561952421108,0.0001
14,0.9639525034191876,2.8051859802529506,0.0001
15,0.9487105587175663,2.187139246148753,0.0001
16,0.9333905872691518,2.294023786173828,0.0001
17,0.9266260699050458,2.1845374464267655,0.0001
18,0.9129836326401255,2.3894201845255982,0.0001
19,0.9019650600896117,2.6479539707355833,0.0001
20,0.893030144040375,2.489586148252946,0.0001
21,0.8838708815572439,2.520553048560139,0.0001
22,0.8743306595685219,2.653519477718298,0.0001
23,0.8632923209005408,3.0298336582373206,0.0001
24,0.8556845216180267,2.453266780474164,0.0001
25,0.8477427016869445,2.9923694442288746,0.0001
26,0.8384932257796337,2.779639877238716,0.0001
27,0.8311175229786545,2.7190228214142573,0.0001
28,0.8265414107861095,2.465223097544387,0.0001
29,0.8169520929374198,2.1561156217542345,0.0001
30,0.8096641887978091,2.5342246844837066,0.0001
31,0.8078191296800566,2.514255847632605,0.0001
32,0.7975266712253306,2.8111940616957725,0.0001
33,0.7870788395177495,2.295419742030506,0.0001
34,0.7830353276936208,2.3722404530988497,0.0001
35,0.7775239430142409,2.3676043628574774,0.0001
36,0.7717695859264676,2.5150032390309325,0.0001
37,0.7627309004277415,2.3083602328798833,0.0001
38,0.7610835126104237,2.4277423897815,0.0001
39,0.7510151951410833,2.489181314614502,0.0001
40,0.7443961522845396,2.4491448069226642,0.0001
41,0.7417094090964674,2.8763308273061665,0.0001
42,0.7378087675770989,2.18299399774833,0.0001
43,0.7275579087530718,2.411729420024573,0.0001
44,0.7211430029336674,2.4632674791549927,0.0001
45,0.7190646697367499,2.509689076721236,0.0001
46,0.709905889114661,2.5543891580937284,0.0001
47,0.7077928780358529,2.8325857505466945,0.0001
48,0.7009935084272237,2.9206646482987635,0.0001
49,0.6923306638173314,3.19510271325325,0.0001
50,0.6937121445322637,2.5374822249500903,0.0001
51,0.6854119487083616,2.8827701754767308,0.0001
52,0.6805043484564021,2.771067146850235,0.0001
53,0.6763151092004043,2.7073830725540726,0.0001
54,0.6746388156270944,2.828148751401682,0.0001
55,0.6723646998404506,2.5602699875369095,0.0001
56,0.6700678080078295,2.66666483106902,0.0001
57,0.6611532348554089,2.522916289755565,0.0001
58,0.6597841809332634,2.640943280604356,0.0001
59,0.6548255837549362,2.3427198584787523,0.0001
60,0.649380326048492,2.453167959342828,0.0001
61,0.6427854989611222,2.7384543722301036,0.0001
62,0.6408816296180733,3.1159029192191037,0.0001
63,0.637659291063008,2.645865717787287,0.0001
64,0.6340871550833407,2.7825952411677535,0.0001
65,0.6290447405946107,3.048792736000057,0.0001
66,0.6290164705463566,2.70415063129809,0.0001
67,0.6251302981237021,2.7837769380204,0.0001
68,0.6189673916315062,2.669396020726824,0.0001
69,0.6172178606012507,2.6225318871575856,0.0001
70,0.6143931759965158,2.5218114995622036,0.0001
71,0.6093150167158793,2.569164345786523,0.0001
72,0.6040854328495742,2.5282332301671286,0.0001
73,0.604915042578435,2.7983303840417135,0.0001
74,0.6057196902892439,2.7337518532362277,0.0001
75,0.5962707441981581,2.510062752558409,0.0001
76,0.5974159097106345,2.6335226146761794,0.0001
77,0.5917881640941364,2.7665313398774556,0.0001
78,0.5877527915697343,2.1216391989658328,0.0001
79,0.5847803717443888,2.656572966778781,0.0001
80,0.5838364501505986,2.745526281521085,0.0001
81,0.5837742838914229,2.622118247535788,0.0001
82,0.5753819120505322,2.6832190481907494,0.0001
83,0.5766843760776579,2.5720117956936397,0.0001
84,0.56952257955571,2.9574445611577893,0.0001
85,0.5708005010495798,2.5180851137861877,0.0001
86,0.5668841177934373,2.8004845018217006,0.0001
87,0.5628172456642735,3.066089961351646,0.0001
88,0.5619988289580874,2.6472250890693894,0.0001
89,0.5594027502475672,2.778390550347964,0.0001
90,0.5518575328997378,2.8691627205712344,0.0001
91,0.5535918984237644,2.442737425873474,0.0001
92,0.5570268592860039,2.4991409635533484,0.0001
93,0.5523163894375696,2.7584206247156198,0.0001
94,0.5498631254452258,2.76447551637758,0.0001
95,0.5425297569252334,2.5660041618436797,0.0001
96,0.5455263044272513,2.581391137206509,0.0001
97,0.5403642605454624,2.5231929431666114,0.0001
98,0.53683691180709,2.9146904219092296,0.0001
99,0.538522746914896,2.4877998007203646,0.0001
100,0.534171531377586,2.5656019885916277,0.0001
End of training: 2022-09-03 17:00:08

Loss min training: 0.534171531377586

Loss min val: 1.99205518344984

Best epoch: 11

Correlação: (0.5364331226510796, 0.0)




--> Fold: 4

Format of train data: frames: 127998 , pressures: 127998 

Format of validation data: frames: 38833 , pressures: 38833 

Option shuffle: True

Begin of training: 2022-09-03 17:00:16

Epoch,train_loss,val_loss,lr
1,5.2037294624831505,1.7611234891922078,0.0001
2,2.4762881280377527,1.6007766499292306,0.0001
3,2.171745319389105,1.4525614442708175,0.0001
4,1.855001431311195,1.8120037872939316,0.0001
5,1.5050759120431474,1.8043686988299517,0.0001
6,1.2311650100530174,1.7597889755988623,0.0001
7,1.1081502967354737,1.7840670663678753,0.0001
8,1.0628844666958608,2.134255813870199,0.0001
9,1.0329469135771372,1.8783548019291691,0.0001
10,1.0083638078210972,2.006124322028157,0.0001
11,0.9821191032252578,1.891184933348338,0.0001
12,0.9661823293954466,1.825479004046208,0.0001
13,0.9475399675906682,2.103676574295826,0.0001
14,0.9341680596883574,2.167160340293352,0.0001
15,0.923138355706438,2.0030442070752867,0.0001
16,0.9089886091959085,2.1166971937054857,0.0001
17,0.8965667638054627,1.9201077661620374,0.0001
18,0.8913731798197836,2.0488149618484224,0.0001
19,0.8790835291373081,2.1162430193312916,0.0001
20,0.8662650700930452,2.151398592168621,0.0001
21,0.8598181868097193,2.1029263255899027,0.0001
22,0.8535624338903677,2.0913605948970218,0.0001
23,0.8409027489088974,1.9070045500821053,0.0001
24,0.8349276753272427,2.1690969712715864,0.0001
25,0.8241164184623972,2.12772013837603,0.0001
26,0.8207716089604145,2.0655929135941022,0.0001
27,0.8080861979543136,2.3059819558569115,0.0001
28,0.8055560426057566,1.940870981858877,0.0001
29,0.7977395599362522,1.7474869113758242,0.0001
30,0.7888714381256268,2.3084166126517927,0.0001
31,0.7820953763938159,2.245245608813032,0.0001
32,0.7768808872648066,2.339990304137898,0.0001
33,0.7679375905067012,2.154639363948885,0.0001
34,0.7645852129266296,2.214439330110714,0.0001
35,0.7569291881937413,2.8859693360998504,0.0001
36,0.7505367091675155,2.3689145618177223,0.0001
37,0.7463366054393706,2.0823163239601588,0.0001
38,0.7408577339735144,1.9878728789703382,0.0001
39,0.7349622091387721,2.2904647285526356,0.0001
40,0.7282818468835708,2.156875528357379,0.0001
41,0.7235583341964161,2.2078139242834776,0.0001
42,0.7173077201215168,2.3308829697984765,0.0001
43,0.7142346083263853,2.5434224032368467,0.0001
44,0.7087318763721511,2.3922838624634424,0.0001
45,0.7010950220735948,2.1685874793419795,0.0001
46,0.7004005558364204,2.1018033319279303,0.0001
47,0.6917687523609776,2.199800573609612,0.0001
48,0.6894438312203403,2.021260494333432,0.0001
49,0.6844998436232362,1.870485651917625,0.0001
50,0.6807715673219707,1.9711603758997145,0.0001
51,0.6747559115471554,2.057436612087487,0.0001
52,0.6697192745105622,2.3174127453991225,0.0001
53,0.6666158833193253,2.3849197183910142,0.0001
54,0.6582215615551118,2.273401258945453,0.0001
55,0.6573131893829982,2.092590098027034,0.0001
56,0.6564423437146396,2.0615534976359218,0.0001
57,0.6504001438763927,2.256942817255737,0.0001
58,0.6437498701537229,2.04182545841853,0.0001
59,0.6424401999684068,2.082750380918711,0.0001
60,0.6365635957796537,2.3582377346963095,0.0001
61,0.6357040557668131,2.4694030921126986,0.0001
62,0.6330220411163909,2.195036106639097,0.0001
63,0.6310181782630054,2.26915032645723,0.0001
64,0.6220427877728005,2.31276885733721,0.0001
65,0.6232290379444017,2.648562415925086,0.0001
66,0.617598453652261,2.337766028585157,0.0001
67,0.6120402080405233,2.318370962457291,0.0001
68,0.6086035388224099,2.452402700345313,0.0001
69,0.6055914114377624,2.168002748828285,0.0001
70,0.6031506731827971,2.4710488531335515,0.0001
71,0.5998807712763305,2.2758145248438972,0.0001
72,0.5956287045007862,2.4347995766050383,0.0001
73,0.5952722974288396,2.420475883680722,0.0001
74,0.5894970852070767,2.2651323668327388,0.0001
75,0.5844750984301539,2.5393366190737177,0.0001
76,0.5853297567281498,2.528071487554363,0.0001
77,0.5823937578106968,2.159002301111728,0.0001
78,0.5761667403009292,2.6477765984555233,0.0001
79,0.5752922101231965,2.2222595924211626,0.0001
80,0.5723000313679157,2.4791913485142087,0.0001
81,0.5678755929213796,2.437725805196835,0.0001
82,0.5659208657681978,2.8406739386080946,0.0001
83,0.5603369709471188,2.256885175894301,0.0001
84,0.5602266638602582,2.4051720536722447,0.0001
85,0.5599077037297986,2.3444215037761142,0.0001
86,0.5585556568763251,2.8379426189391466,0.0001
87,0.5577639241244943,2.6282559412260573,0.0001
88,0.5525570104367252,2.777403516809685,0.0001
89,0.5515229450562765,2.2942767448033954,0.0001
90,0.5461192123782708,2.8481221658276747,0.0001
91,0.5449906412025033,2.6256469239091578,0.0001
92,0.5406637765559952,2.5356099839478565,0.0001
93,0.5360104982451604,2.5006395506551233,0.0001
94,0.5410347274658142,2.4103760953524556,0.0001
95,0.5337208074482812,2.5908636493207413,0.0001
96,0.5313387300340858,2.641370504745339,0.0001
97,0.5302065498799197,2.657034016790113,0.0001
98,0.5271985803120367,2.744189944737688,0.0001
99,0.5274359213219753,2.602713245092185,0.0001
100,0.5221301036002377,2.5867645680095497,0.0001
End of training: 2022-09-03 17:38:13

Loss min training: 0.5221301036002377

Loss min val: 1.4525614442708175

Best epoch: 3

Correlação: (0.30030070323620617, 0.0)




--> Fold: 5

Format of train data: frames: 123787 , pressures: 123787 

Format of validation data: frames: 43044 , pressures: 43044 

Option shuffle: True

Begin of training: 2022-09-03 17:38:21

Epoch,train_loss,val_loss,lr
1,5.0758749676277315,2.372595256162104,0.0001
2,2.4481385221322385,2.210332633106142,0.0001
3,2.1402894726805877,2.570670425243819,0.0001
4,1.8441745791240365,2.2642839707447333,0.0001
5,1.4985381035758638,2.2617859702030088,0.0001
6,1.2091786607471446,2.540608176399857,0.0001
7,1.0714819793872128,2.0313189764823094,0.0001
8,1.0181985567116627,2.4622361422936585,0.0001
9,0.9828020038115292,2.797343717721656,0.0001
10,0.9585761426141083,2.6177474183560347,0.0001
11,0.9423194326639062,2.460103748434262,0.0001
12,0.9203964881158067,3.105439052939825,0.0001
13,0.9033905357960007,2.5066324088134992,0.0001
14,0.8899186183926177,3.2719738732238604,0.0001
15,0.8760832611197586,3.192012421161576,0.0001
16,0.8649322125292626,3.231701924271128,0.0001
17,0.8481142965390986,3.3605954984497064,0.0001
18,0.8431970324234478,2.9743837583088295,0.0001
19,0.8303807623979873,3.6393143623338933,0.0001
20,0.819696089508135,3.3875386074411082,0.0001
21,0.8119399707004775,3.3572821840013827,0.0001
22,0.801534544471389,4.03338813276586,0.0001
23,0.7928233834407826,3.171539947297779,0.0001
24,0.783739587317219,3.6100591216075375,0.0001
25,0.776365889567414,3.501854216982669,0.0001
26,0.765043355816395,3.6476136160521646,0.0001
27,0.7610836441728239,3.070106579904917,0.0001
28,0.7518308851652589,4.883015643330647,0.0001
29,0.7455702411587906,3.3267871204245414,0.0001
30,0.7352322657938025,3.4177235190326227,0.0001
31,0.7283052155297933,3.640377951248817,0.0001
32,0.7210477713134029,3.343092745137629,0.0001
33,0.7149322525789787,3.4343444294960968,0.0001
34,0.7090535210826593,3.113913832915205,0.0001
35,0.7043723480279952,3.882603223123755,0.0001
36,0.6954241395165172,3.6532531443520466,0.0001
37,0.6880616332748768,3.3691783356806146,0.0001
38,0.6852565466579035,3.854436212130588,0.0001
39,0.6783699960322331,3.662681169751829,0.0001
40,0.6750242790910858,3.1415310103635607,0.0001
41,0.6679057754963882,3.5539345822362205,0.0001
42,0.6641454049944372,3.5278386355316025,0.0001
43,0.653421015217128,3.5163319716388415,0.0001
44,0.6480319990730217,3.648138721019581,0.0001
45,0.6419839907650902,3.6515799249351804,0.0001
46,0.6404470442840571,3.720166225591099,0.0001
47,0.6364225848264657,3.4482469944226763,0.0001
48,0.6322826580313031,3.7569871439320948,0.0001
49,0.6250512099249584,3.127213027882494,0.0001
50,0.6182308955693028,3.2341798411992255,0.0001
51,0.6186338260301455,3.721041547843331,0.0001
52,0.6097153723468616,3.510783061674565,0.0001
53,0.6049937942134613,3.0559453713208167,0.0001
54,0.6032585358142417,3.323571067994749,0.0001
55,0.594823317647012,3.914257364704666,0.0001
56,0.5932250401366868,4.822288861206922,0.0001
57,0.5914071109756043,3.5215571083529333,0.0001
58,0.5863126050264821,4.181712625594113,0.0001
59,0.581812992912164,4.460582335679219,0.0001
60,0.5769302791938848,3.0407656734067925,0.0001
61,0.5747129848438152,4.066958522256029,0.0001
62,0.5742096973210941,3.920103372289904,0.0001
63,0.5631696907735929,4.013628384845649,0.0001
64,0.5614901708128615,3.582119980617013,0.0001
65,0.5609005041524526,3.9151189241940156,0.0001
66,0.5558408094635331,3.3326848995817406,0.0001
67,0.5531821065996532,3.4864880594441954,0.0001
68,0.5502003414771904,3.6847231301684413,0.0001
69,0.5440483190310005,4.421614905558447,0.0001
70,0.5393191727592921,3.6550167491805783,0.0001
71,0.5377809433865924,3.6673288299474405,0.0001
72,0.5365701820680746,4.42721240631921,0.0001
73,0.5355657030342401,4.559030391128408,0.0001
74,0.5286378748695965,4.093283110530765,0.0001
75,0.528025541532468,5.135020086395509,0.0001
76,0.5267131535444158,4.396273335962089,0.0001
77,0.525125014846426,4.013395176845771,0.0001
78,0.5240456070955443,4.083792616583005,0.0001
79,0.5156889283531978,3.637217642106417,0.0001
80,0.5110583556244715,4.318173108740307,0.0001
81,0.5097384117267733,3.234975406687318,0.0001
82,0.511345003174269,4.038170241210643,0.0001
83,0.5049992560193376,3.707694981180373,0.0001
84,0.5027267011052304,3.4762586371715423,0.0001
85,0.5002550549477557,3.343111603092321,0.0001
86,0.49947130072611556,4.120693079169693,0.0001
87,0.4974874220334355,4.430704545890539,0.0001
88,0.49272139118792413,3.9300075497461977,0.0001
89,0.49225379297139643,4.114081197174472,0.0001
90,0.49045041281936774,3.6384234213051374,0.0001
91,0.4904676897093565,3.6499266489300295,0.0001
92,0.48426823215334697,3.527097450779579,0.0001
93,0.4823475407241674,4.250189339712466,0.0001
94,0.48392470783754227,3.691352884007945,0.0001
95,0.4799583055101193,4.458560738485106,0.0001
96,0.47620422595395906,3.847237394020223,0.0001
97,0.4751474275464336,4.186936591972306,0.0001
98,0.46949213251973615,4.206490338086838,0.0001
99,0.474480510088552,4.120656859557897,0.0001
100,0.47049612837890176,3.4841200050927927,0.0001
End of training: 2022-09-03 18:15:47

Loss min training: 0.46949213251973615

Loss min val: 2.0313189764823094

Best epoch: 7

Correlação: (0.38351155118908475, 0.0)




--> Fold: 6

Format of train data: frames: 125799 , pressures: 125799 

Format of validation data: frames: 41032 , pressures: 41032 

Option shuffle: True

Begin of training: 2022-09-03 18:15:56

Epoch,train_loss,val_loss,lr
1,5.192217596369505,1.4490405937272175,0.0001
2,2.48888870380612,1.4227186709171755,0.0001
3,2.185287102970556,1.4318403995950497,0.0001
4,1.8763128441742145,1.590073510112528,0.0001
5,1.5449578629089544,1.4547466526465658,0.0001
6,1.2724085018404885,1.566760975799962,0.0001
7,1.1538974335303955,1.5872656730304895,0.0001
8,1.107149253803224,1.8059144358022283,0.0001
9,1.0716844960224048,1.8553280631429991,0.0001
10,1.0518936822704446,1.8096966404132988,0.0001
11,1.0309340364319015,1.7128113683935586,0.0001
12,1.019061648358313,1.6098761018151357,0.0001
13,1.0037720640715495,2.4610235200659947,0.0001
14,0.9857440964148544,1.813972427636286,0.0001
15,0.9739009023328895,2.063128748561095,0.0001
16,0.9612465493131919,1.5986839845924727,0.0001
17,0.9488295570712051,2.26746707972227,0.0001
18,0.9395915984790918,1.5410057648066355,0.0001
19,0.9308990738598154,1.7650256928562722,0.0001
20,0.9162613598368631,1.9161124526001738,0.0001
21,0.9064563727636408,2.332644282086455,0.0001
22,0.9015377661997239,2.7221334063302565,0.0001
23,0.8895698780162491,2.3765326540566347,0.0001
24,0.8816229385518832,1.8377900700002974,0.0001
25,0.877048880170518,1.926732332728764,0.0001
26,0.8668456297932206,2.598213919563167,0.0001
27,0.8572702950219803,1.7580581977600287,0.0001
28,0.8490377174922784,1.9388536049576386,0.0001
29,0.8437720622274582,1.8021591937339754,0.0001
30,0.8375489102434173,2.120707328195436,0.0001
31,0.8273562768989917,2.229783929795823,0.0001
32,0.8218013152950026,2.7412526105481714,0.0001
33,0.8125007073317627,2.346964354007466,0.0001
34,0.8083482596642928,1.7375053086692676,0.0001
35,0.8060317283921666,1.9262571578649639,0.0001
36,0.7967641270974962,1.5812244063861005,0.0001
37,0.7921754333070591,1.7141589005106397,0.0001
38,0.7837105436317834,2.1403582766870004,0.0001
39,0.7759680646131211,1.9037638813414102,0.0001
40,0.7707669082750225,1.8390602358230306,0.0001
41,0.7649980724499417,2.346798248796766,0.0001
42,0.7584685531607993,1.6982800630733828,0.0001
43,0.7579526143435684,1.822886887338571,0.0001
44,0.7488535095109666,1.7903303351056439,0.0001
45,0.7439421062171021,2.2265326252548894,0.0001
46,0.7382506825184608,1.602406891867254,0.0001
47,0.7349186659916793,1.8814003754949729,0.0001
48,0.723058076854605,1.6969293444494589,0.0001
49,0.7238056518956019,2.1409104514433457,0.0001
50,0.7176720157277153,2.3142488402775516,0.0001
51,0.7140491438957778,1.7626168244553022,0.0001
52,0.710179102197264,2.2790151753372605,0.0001
53,0.7040678788183232,1.870006003931127,0.0001
54,0.7034094108561181,1.9206355584018713,0.0001
55,0.7000482812911062,2.3252053590145323,0.0001
56,0.6942246662566782,2.334806946756129,0.0001
57,0.6882113459784035,2.0008053046775203,0.0001
58,0.6829578083614618,2.1180600380892876,0.0001
59,0.6819602733522651,2.1003070072859065,0.0001
60,0.6796173585248777,2.1663310054125295,0.0001
61,0.6713962580706827,2.357717314248058,0.0001
62,0.6695757648001672,2.1316161324903966,0.0001
63,0.6668900522009055,1.9688975077480526,0.0001
64,0.6613667293759873,2.055790604811055,0.0001
65,0.6563729760160674,2.0234323196370227,0.0001
66,0.6541414337602295,2.2448020164532885,0.0001
67,0.650449158784569,2.2725318570098905,0.0001
68,0.6487266232159458,1.888012470825301,0.0001
69,0.6415632951752279,2.29343670668205,0.0001
70,0.6431105962880777,2.479561181532335,0.0001
71,0.6384092627326413,1.8982066690491803,0.0001
72,0.6340754916485684,2.1860059482308944,0.0001
73,0.628509129722389,2.221455762529959,0.0001
74,0.6270004473825317,2.52451203064185,0.0001
75,0.6242317512631061,2.1720635234833137,0.0001
76,0.6225560130234375,2.0885453884725704,0.0001
77,0.6171632903965129,2.0646384239057323,0.0001
78,0.6175845591572525,1.9358642270026278,0.0001
79,0.6097543081182716,2.190844954373335,0.0001
80,0.6058487188580682,2.4405583933236934,0.0001
81,0.6048335494665366,1.9212893124188242,0.0001
82,0.6035227027439468,1.7411156328223234,0.0001
83,0.5997501274542676,2.14656096258738,0.0001
84,0.6016135419174774,1.9963261681380247,0.0001
85,0.5941861122310015,2.13847758161508,0.0001
86,0.5924251133937152,1.960025038117669,0.0001
87,0.5919266041127759,2.043773239828918,0.0001
88,0.5862556856540264,2.031895182476241,0.0001
89,0.5854247069793592,2.095117094317336,0.0001
90,0.5799657674116969,2.0009582142868014,0.0001
91,0.5839954169586151,1.8783555324952907,0.0001
92,0.57540015272436,2.3288386985557916,0.0001
93,0.5764118120014927,1.972014041201695,0.0001
94,0.5735770119934767,1.8616071027676528,0.0001
95,0.5658794706330716,2.0772159951638236,0.0001
96,0.5681025979086284,1.869788723350803,0.0001
97,0.5647291518797378,2.378062659245203,0.0001
98,0.5612557758883108,2.050576741617775,0.0001
99,0.5616196716758242,1.9247357667387288,0.0001
100,0.5586522659335941,2.1168753232470636,0.0001
End of training: 2022-09-03 18:53:36

Loss min training: 0.5586522659335941

Loss min val: 1.4227186709171755

Best epoch: 2

Correlação: (0.5491619471434727, 0.0)




--> Fold: 7

Format of train data: frames: 121714 , pressures: 121714 

Format of validation data: frames: 45117 , pressures: 45117 

Option shuffle: True

Begin of training: 2022-09-03 18:53:43

Epoch,train_loss,val_loss,lr
1,5.377758200405198,1.831604981791279,0.0001
2,2.5239123317459877,2.0642820052026574,0.0001
3,2.218887991821139,1.684507492076506,0.0001
4,1.9244438874814964,1.7613220659318929,0.0001
5,1.5690996087788223,1.9141064706464754,0.0001
6,1.2755129776757559,2.1175027292274713,0.0001
7,1.1337277642927241,2.376991256468077,0.0001
8,1.0788729199220057,1.9109348422244372,0.0001
9,1.0416781928072014,2.258417048358002,0.0001
10,1.0183384293905153,2.65183601737786,0.0001
11,0.9944265096155898,2.182084962200167,0.0001
12,0.9764891170516314,2.2453423455100925,0.0001
13,0.9572695641110827,2.009450159568135,0.0001
14,0.9484514490504257,2.081590965619749,0.0001
15,0.9276679870916078,1.9985558788391213,0.0001
16,0.9200151495345723,2.235574468837197,0.0001
17,0.9084061419803016,2.2983477837196475,0.0001
18,0.8984614201175933,1.8119253759427276,0.0001
19,0.8866304100330589,1.7703993794559616,0.0001
20,0.879004756943255,2.0077242775689674,0.0001
21,0.8673564060551143,1.8663677272954742,0.0001
22,0.8542045468926138,1.9390530920378517,0.0001
23,0.8477921352650605,2.0232969282377162,0.0001
24,0.8384464258777972,1.6871698115801355,0.0001
25,0.8311648241510674,1.966621400212545,0.0001
26,0.820452480309933,2.523659791618141,0.0001
27,0.8176076776555462,1.778332675573692,0.0001
28,0.8080284750639637,1.636350824242273,0.0001
29,0.804036075542498,1.8772040447619223,0.0001
30,0.791079545874329,1.60997772136209,0.0001
31,0.7886253238186591,1.8937152291130566,0.0001
32,0.7771184980743927,1.9390287833277537,0.0001
33,0.7691575838286723,1.9271837735050845,0.0001
34,0.7611819008654784,1.7201302186482648,0.0001
35,0.7562161501060759,1.6183528603107489,0.0001
36,0.7525087742643524,1.6520391384739401,0.0001
37,0.741549791725313,1.8220473395664938,0.0001
38,0.7355903102611464,1.696206138914886,0.0001
39,0.7317631864123836,1.8255625700283196,0.0001
40,0.724908218491212,1.8683141504964933,0.0001
41,0.7196085869194474,1.7420793069202427,0.0001
42,0.7151182524055922,1.7973392735343083,0.0001
43,0.7072381702427217,1.8530653894752158,0.0001
44,0.7023302016771731,1.551429247751508,0.0001
45,0.7000176784628147,1.7903590600831998,0.0001
46,0.6948559272403281,1.7634219198829144,0.0001
47,0.6872031465631872,1.9344722312755016,0.0001
48,0.6834939337339705,1.8544535589658864,0.0001
49,0.6799188988606455,1.9642029477869478,0.0001
50,0.6757467871555014,1.8504611377975848,0.0001
51,0.6664231100066257,1.855699483370198,0.0001
52,0.6649805381461942,1.8228641167852127,0.0001
53,0.6591847504540987,1.906925909690993,0.0001
54,0.6553060803982024,1.7874204831826501,0.0001
55,0.6508219977406317,2.0434516177605575,0.0001
56,0.6436499008549512,1.479264644033206,0.0001
57,0.6447336288872955,1.600453022633852,0.0001
58,0.6388607100552134,1.6911595393178902,0.0001
59,0.6336290806530437,1.7341398753936397,0.0001
60,0.6305378230793731,1.7552220991143606,0.0001
61,0.6271727362211412,1.754892088798993,0.0001
62,0.6250566705080228,2.0222013781467414,0.0001
63,0.6192751512092289,1.6812386380460116,0.0001
64,0.6186035200651088,1.9409804540230382,0.0001
65,0.6149354825005028,1.7010559569220647,0.0001
66,0.611121345015312,2.0437658327988206,0.0001
67,0.6065742771111557,1.5330179023766983,0.0001
68,0.6008979332388874,1.6563736047955495,0.0001
69,0.6010074721789805,1.8756254188747623,0.0001
70,0.5977782110521724,1.926270421632446,0.0001
71,0.594968439860527,1.9773166406941223,0.0001
72,0.5896495836693957,1.616755910999035,0.0001
73,0.584650674349636,1.9017527510881673,0.0001
74,0.5876874545620033,1.6806424116230652,0.0001
75,0.5790845660416658,1.6628852079535936,0.0001
76,0.5785197143870492,1.589181694105209,0.0001
77,0.5700305305516968,1.547355588489616,0.0001
78,0.5747819285047261,1.7536213489664962,0.0001
79,0.5662243260390494,1.693900413902859,0.0001
80,0.5640096259389014,1.9251475944944336,0.0001
81,0.5633823022655025,1.4940550780350228,0.0001
82,0.5600218454057153,1.7568205236492895,0.0001
83,0.5585864489476597,1.8925223784853935,0.0001
84,0.5545680939828985,1.6434775331984925,0.0001
85,0.5552219838035709,1.752716860481697,0.0001
86,0.5527156779062741,1.6488124559007908,0.0001
87,0.5484254225234714,1.5732730316677703,0.0001
88,0.5457732577382444,1.7868300751569985,0.0001
89,0.5467146765847468,1.6784688435006254,0.0001
90,0.5436379631653545,1.7537514916611343,0.0001
91,0.539450040342641,1.7587135784760815,0.0001
92,0.5404733687432088,1.5305166181357646,0.0001
93,0.5356670909973783,1.948886911362323,0.0001
94,0.5334835813118645,1.705873545838958,0.0001
95,0.5271843172029377,1.7005990526525412,0.0001
96,0.5269727358009914,1.7341116776314072,0.0001
97,0.5259333965607227,1.9026050566675752,0.0001
98,0.5227961648291519,1.6410348035792635,0.0001
99,0.5239129535566035,1.6443686080369464,0.0001
100,0.5183863752704956,1.5618604734349415,0.0001
End of training: 2022-09-03 19:31:00

Loss min training: 0.5183863752704956

Loss min val: 1.479264644033206

Best epoch: 56

Correlação: (0.6296071781958268, 0.0)




--> Fold: 8

Format of train data: frames: 132010 , pressures: 132010 

Format of validation data: frames: 46835 , pressures: 46835 

Option shuffle: True

Begin of training: 2022-09-03 19:31:07

Epoch,train_loss,val_loss,lr
1,5.027437294158924,1.5872657929360707,0.0001
2,2.484883134067623,1.4896692543436016,0.0001
3,2.156657818860786,1.579044226713314,0.0001
4,1.8118356539872404,1.6124369064148099,0.0001
5,1.4425227843598067,1.853270141523778,0.0001
6,1.1857065059697842,1.5084978193894159,0.0001
7,1.0804983121465077,1.6799102331628104,0.0001
8,1.0360878974070613,1.6798194896962302,0.0001
9,1.0053841719843386,1.6015277759438584,0.0001
10,0.9817548955302285,1.638742732892261,0.0001
11,0.9619070179597345,1.8763263776855432,0.0001
12,0.9447439076548119,1.444656716798583,0.0001
13,0.9253862219401882,1.5276566096630932,0.0001
14,0.9144979991151405,2.0616493671391174,0.0001
15,0.8939800268447307,1.4797930847482366,0.0001
16,0.8895973502429234,1.746071363892794,0.0001
17,0.8731757574610236,1.7448750334538403,0.0001
18,0.8645811926432698,1.4749980063146724,0.0001
19,0.8538149273275435,1.630137194184187,0.0001
20,0.8473077429333344,1.8224072746269933,0.0001
21,0.8343233281929794,1.6933734699134015,0.0001
22,0.8271440652706128,1.6375087544212248,0.0001
23,0.8177351675397672,1.9605043612384765,0.0001
24,0.8097898732901577,1.9222337412607635,0.0001
25,0.8014399844555681,1.6951298374827826,0.0001
26,0.793019778634028,1.8607445320935951,0.0001
27,0.7890704722207981,1.986206588827076,0.0001
28,0.7806781729625288,1.7836353407122987,0.0001
29,0.7740216935320285,1.598151434326905,0.0001
30,0.7648924239990648,1.6880991423538556,0.0001
31,0.7560542924631166,1.7813873888474716,0.0001
32,0.749572476759326,1.835205767808073,0.0001
33,0.7450580906880624,1.7132734968706296,0.0001
34,0.7400839603359921,1.8477571216631918,0.0001
35,0.7346740723423827,1.7396030699136455,0.0001
36,0.7295901138433389,1.7717031165147725,0.0001
37,0.7239096551460801,1.88545100086461,0.0001
38,0.7149852315489248,1.9674424626268037,0.0001
39,0.7127240293559302,1.732511842188464,0.0001
40,0.7075221354623119,1.7998980945337921,0.0001
41,0.7033652272181803,1.8542439070813899,0.0001
42,0.6950019817859437,2.0988047891178825,0.0001
43,0.6915457315277344,2.0324715790148415,0.0001
44,0.6872798532728408,1.8207998943135415,0.0001
45,0.6815884254762742,1.8122161502604985,0.0001
46,0.6772398912800992,1.840818387044078,0.0001
47,0.6714492599435056,2.204665781882245,0.0001
48,0.6673257649974311,2.0137509247606866,0.0001
49,0.6637822046156914,2.060810478759115,0.0001
50,0.6578455164959716,2.1739423840560335,0.0001
51,0.6539464889823573,2.0169500806816005,0.0001
52,0.6534298180919752,1.9837980930433847,0.0001
53,0.6474305382019443,2.4281775221850608,0.0001
54,0.64636667127429,1.8741298098567711,0.0001
55,0.6411684504567416,2.0634780800354013,0.0001
56,0.6351488394476629,2.0661290600140245,0.0001
57,0.6358067133572777,2.18416619730235,0.0001
58,0.6258788517840603,2.0681717434929237,0.0001
59,0.6247743477262192,2.111440647769613,0.0001
60,0.6236154826335244,2.047860512395443,0.0001
61,0.613999284315214,2.234018567332059,0.0001
62,0.6156526014663696,2.346284732302416,0.0001
63,0.6136598309019589,2.0795289712081,0.0001
64,0.6098505924185265,2.0707177901301095,0.0001
65,0.6078605900270615,1.948742831416378,0.0001
66,0.6040143965977213,2.206415861928375,0.0001
67,0.5997344618150298,1.92413427597738,0.0001
68,0.5931072731662289,1.9813282040517817,0.0001
69,0.5900223773651507,2.256290095310857,0.0001
70,0.5874105347150131,2.0003107635267545,0.0001
71,0.5870176911232156,2.0648230660721474,0.0001
72,0.5831302025708075,2.1931300028851566,0.0001
73,0.5802641203638984,2.0421397770610525,0.0001
74,0.57543175841866,2.210427667680514,0.0001
75,0.5724782953855351,2.2937281650222707,0.0001
76,0.5704959275699747,2.1459369130967914,0.0001
77,0.5675044303238008,2.1891035140407014,0.0001
78,0.56405210258649,1.9775756953734147,0.0001
79,0.5604324702629221,2.236089079507555,0.0001
80,0.5610965276945632,2.031072070054671,0.0001
81,0.5575003408031585,2.0235236039878948,0.0001
82,0.553596663991571,2.00888176958551,0.0001
83,0.5527128598724529,2.214760952727879,0.0001
84,0.5477900970649037,2.437556897612688,0.0001
85,0.5469503414675139,2.1639462506998894,0.0001
86,0.5431438206064096,2.3143502057088634,0.0001
87,0.5419796191885673,2.1629933074862797,0.0001
88,0.5367266927264096,2.042550234681605,0.0001
89,0.5352822283796899,2.1027090913192863,0.0001
90,0.5353717869939646,2.162161161989416,0.0001
91,0.5341522936120773,1.993247350109569,0.0001
92,0.5309114537772496,1.885555058331478,0.0001
93,0.531172014915684,2.101644280978248,0.0001
94,0.521418274558545,2.0216429711049964,0.0001
95,0.5239938768760046,2.075298096956229,0.0001
96,0.5217398952728022,1.9571154846355527,0.0001
97,0.5183573872674985,2.2624056973629907,0.0001
98,0.5196167282557526,2.0434155088791,0.0001
99,0.5135771237393327,2.295383438924543,0.0001
100,0.514105311817007,2.1903668342232767,0.0001
End of training: 2022-09-03 20:11:09

Loss min training: 0.5135771237393327

Loss min val: 1.444656716798583

Best epoch: 12

Correlação: (0.5484124097699988, 0.0)




--> Fold: 9

Format of train data: frames: 131637 , pressures: 131637 

Format of validation data: frames: 47208 , pressures: 47208 

Option shuffle: True

Begin of training: 2022-09-03 20:11:17

Epoch,train_loss,val_loss,lr
1,4.927666231895793,1.367371668898035,0.0001
2,2.4457773051313376,1.3707598619512775,0.0001
3,2.1445732621231164,1.4671300330155583,0.0001
4,1.847225040170431,1.4445744104818496,0.0001
5,1.4965036886005358,1.4056270826955788,0.0001
6,1.2371571049967756,1.3594885966955979,0.0001
7,1.1364971087666202,1.3929483767304052,0.0001
8,1.0871932092552217,1.4461393660255417,0.0001
9,1.0562970239941865,1.499002897826277,0.0001
10,1.0330265885067305,1.409378450879645,0.0001
11,1.0130198726144242,1.3513656845942854,0.0001
12,0.9895216475755665,1.4989434712681806,0.0001
13,0.9742497076275484,1.358922825185268,0.0001
14,0.9617054604574433,1.4281065162410778,0.0001
15,0.9460993114527277,1.388385222738344,0.0001
16,0.9377248180988681,1.4378706921492366,0.0001
17,0.9202817427792991,1.3587163614834836,0.0001
18,0.9110528408833098,1.3862633774228428,0.0001
19,0.8962366182897004,1.4070278927140913,0.0001
20,0.8941904547434802,1.376754335822988,0.0001
21,0.8800847891016628,1.604505349247966,0.0001
22,0.8693279632029203,1.3219262143955899,0.0001
23,0.8612701762456727,1.3372269820266003,0.0001
24,0.8529566190302844,1.3400989696345598,0.0001
25,0.8445063484156352,1.2729195267280227,0.0001
26,0.839228310847109,1.3141952638928314,0.0001
27,0.8326467127727432,1.2820299283526062,0.0001
28,0.8207558406478153,1.3700196341202837,0.0001
29,0.8164417311933271,1.3419469966461772,0.0001
30,0.8077684960476538,1.2980867173485464,0.0001
31,0.801364290785534,1.369800605161415,0.0001
32,0.794636620618585,1.4568661016602573,0.0001
33,0.7866973912248536,1.5772813768472496,0.0001
34,0.7809747718205825,1.3401342661294708,0.0001
35,0.7782515359715265,1.3510234279968723,0.0001
36,0.7655315109471343,1.6264297838151263,0.0001
37,0.7608374104894148,1.3195949519459342,0.0001
38,0.7563382246230911,1.3415056506247263,0.0001
39,0.7515051817884383,1.3502639114018355,0.0001
40,0.7434409189321323,1.3535910194919303,0.0001
41,0.738870071437663,1.272127121904102,0.0001
42,0.7309083385148925,1.4376651590667606,0.0001
43,0.7268059049404869,1.3081671450425358,0.0001
44,0.7207448521462899,1.4030513095766826,0.0001
45,0.7178802198018254,1.4868864639192048,0.0001
46,0.7116381513659197,1.561518700814534,0.0001
47,0.7101990205974621,1.398087388700276,0.0001
48,0.7009767050443787,1.409899431817553,0.0001
49,0.6968653428481816,1.5300341337298038,0.0001
50,0.6926559483728678,1.3593928968678126,0.0001
51,0.6894306057528432,1.4051553737589957,0.0001
52,0.6836520247259023,1.2874647813254627,0.0001
53,0.6795351276599688,1.4649368026179392,0.0001
54,0.6779173983262079,1.4901966977737613,0.0001
55,0.6697306752180444,1.4785078075493296,0.0001
56,0.6657195648412454,1.5003981751984325,0.0001
57,0.6624671463964577,1.5585913113306546,0.0001
58,0.6556760350960037,1.3668030976562293,0.0001
59,0.6534364495936349,1.272266053008015,0.0001
60,0.6536047781007401,1.4958369923009647,0.0001
61,0.644247761080117,1.576419857069105,0.0001
62,0.6404432663971008,1.6039837027046564,0.0001
63,0.6387746954052619,1.3588495163205638,0.0001
64,0.6325733518359938,1.547717522774848,0.0001
65,0.6282516335207987,1.4947505959250769,0.0001
66,0.6288828865581461,1.585765688222579,0.0001
67,0.6237354419836657,1.4451935300785008,0.0001
68,0.6221075961106717,1.4248976154340323,0.0001
69,0.6185479464967675,1.4440500360891952,0.0001
70,0.6140063656225245,1.7791233502026635,0.0001
71,0.6102628520700072,1.5416585351628502,0.0001
72,0.6061210163295973,1.5529803091581544,0.0001
73,0.6007445708860273,1.4501543711694778,0.0001
74,0.6010363854419363,1.3838702080876437,0.0001
75,0.5963737180666744,1.5419298072443879,0.0001
76,0.5973056101917281,1.4548092150441712,0.0001
77,0.592272149834781,1.457544330943744,0.0001
78,0.5902761277209962,1.5128260202840957,0.0001
79,0.5859676898574009,1.6095541309368973,0.0001
80,0.5820181071611111,1.479291020157256,0.0001
81,0.5786850210077874,1.3431672334590214,0.0001
82,0.5805143138717409,1.6518664136617351,0.0001
83,0.5753073266390609,1.3083731195337185,0.0001
84,0.5737992682064541,1.5533389839110303,0.0001
85,0.5673033031169067,1.5946501594865712,0.0001
86,0.567107695374119,1.5693426571787665,0.0001
87,0.5653302160551279,1.4634323884947504,0.0001
88,0.5601576271536874,1.5959654677582886,0.0001
89,0.5606467311358766,1.6850109584370703,0.0001
90,0.5557253560202456,1.518305794543441,0.0001
91,0.5548194070245503,1.3881485765615857,0.0001
92,0.5531964730690554,1.564624150179944,0.0001
93,0.5488871777560794,1.4949361774158203,0.0001
94,0.5494722459279251,1.5614788122569843,0.0001
95,0.5476755993187677,1.4220967793985861,0.0001
96,0.5435771669727827,1.6075650462052151,0.0001
97,0.5407456455846732,1.5074304686807167,0.0001
98,0.5386745411640695,1.4146445813451334,0.0001
99,0.5346238270539039,1.3128808957048441,0.0001
100,0.5365611146272496,1.5981092533809091,0.0001
End of training: 2022-09-03 20:51:17

Loss min training: 0.5346238270539039

Loss min val: 1.272127121904102

Best epoch: 41

Correlação: (0.5344693654479836, 0.0)


