
Dispositivo usado pelo Pytorch: cuda

*****************************************

-----> GRID 0:   hyperparameters
0             100
1            adam
2              32
3             0.5
4          0.0001
5             0.2

 LSTM =True


 option_overlap=True , option_causal=False ,option_dropout_lstm=0.2



--> Fold: 0

Format of train data: frames: 118655 , pressures: 118655 

Format of validation data: frames: 48176 , pressures: 48176 

Option shuffle: True

Begin of training: 2022-08-01 17:58:55

Epoch,train_loss,val_loss,lr
1,8.410339816118642,1.6932174293989362,0.0001
2,2.5750189784574706,1.4785437058151383,0.0001
3,2.3702237733219893,1.5370320840279392,0.0001
4,2.2969431135427496,1.4652897313717235,0.0001
5,2.2220264499233986,1.5004967074978592,0.0001
6,2.1687015555369196,1.5422257751137345,0.0001
7,2.1121118909404126,1.590829732053029,0.0001
8,2.0592175092986893,1.8594158220750396,0.0001
9,2.0089550455684213,1.5886366590634804,0.0001
10,1.9653554846577264,1.7808574971785303,0.0001
11,1.9429020989584684,1.652753960448854,0.0001
12,1.9032693059851018,1.6098667064880223,0.0001
13,1.8547013479088679,1.8349590534310292,0.0001
14,1.8161037610336812,1.7491875979164755,0.0001
15,1.7816075788507328,1.618987022048807,0.0001
16,1.7369339578979854,1.7751682036067908,0.0001
17,1.710486530485037,1.7694171584353262,0.0001
18,1.6670335028547387,1.6990847163563034,0.0001
19,1.6477914989926432,2.121454649096666,0.0001
20,1.6081295475235007,1.8299229741294454,0.0001
21,1.5708281602908123,1.842565187066546,0.0001
22,1.5559264388901612,1.819154250190251,0.0001
23,1.5286414580451448,1.884254677158699,0.0001
24,1.485737410031118,2.0784319676025804,0.0001
25,1.4660727297349,1.8519323413374416,0.0001
26,1.433187865267551,1.8194082687163187,0.0001
27,1.4054848599165652,1.6862210466077026,0.0001
28,1.3816312638794315,1.8197896677724787,0.0001
29,1.3607911515334359,1.824076098625306,0.0001
30,1.310108753043558,2.229078917398836,0.0001
31,1.2944855425171051,1.9446350335283005,0.0001
32,1.2678898276855126,1.9432322418757033,0.0001
33,1.2441176100851417,2.151929866551007,0.0001
34,1.2214316036059116,1.8651877355828945,0.0001
35,1.1843264688860173,1.899213582445561,0.0001
36,1.1699553808316605,2.266815104978657,0.0001
37,1.1417893297431854,2.0907777280991198,0.0001
38,1.107512225162254,2.1268044012165355,0.0001
39,1.0919010366301818,2.0682141240432546,0.0001
40,1.0720291223574627,2.046443239393839,0.0001
41,1.0389745708964857,1.9228397215849853,0.0001
42,1.0173412966630757,2.2494863395237994,0.0001
43,0.9988672159855497,1.9639850373839824,0.0001
44,0.9767566579356014,2.030045253618418,0.0001
45,0.9550779113355204,2.0703193207430073,0.0001
46,0.9305936432754811,2.285523523527378,0.0001
47,0.9122405018754617,2.111091424760847,0.0001
48,0.8863466602617357,2.1335178107488435,0.0001
49,0.8682117507983779,2.2034460662686914,0.0001
50,0.8516725521926346,2.0174433958170144,0.0001
51,0.8324339030824386,2.0351951688834893,0.0001
52,0.8093546522672859,2.0075677182736964,0.0001
53,0.7918785071685439,2.0896244511498203,0.0001
54,0.7725800148234456,2.194239613385107,0.0001
55,0.7601539106647514,2.0690291558575766,0.0001
56,0.7315371513246138,2.2440966653570467,0.0001
57,0.7190844727835418,2.131724071399748,0.0001
58,0.7006663897437265,2.1418394345613225,0.0001
59,0.68819851726011,2.2274479180307174,0.0001
60,0.6600591479584127,2.2339004035092636,0.0001
61,0.6517561060690779,2.3185569139383673,0.0001
62,0.6336222377178476,2.3339169451819033,0.0001
63,0.6216872813565396,2.130683337719644,0.0001
64,0.6085506786840372,2.193331332786342,0.0001
65,0.5908597559268021,2.2209479402601024,0.0001
66,0.5748098128009529,2.2036777798894316,0.0001
67,0.5648200292029889,2.2765738917363123,0.0001
68,0.5473415843811837,2.3398123759045153,0.0001
69,0.5399247553957272,2.2407343253785297,0.0001
70,0.5239261207842384,2.0894394065802455,0.0001
71,0.5070364314917241,1.9583934330536417,0.0001
72,0.4970877546013484,2.10277101661786,0.0001
73,0.48438842222480705,2.16893322952401,0.0001
74,0.46956213622623466,2.3143035630695215,0.0001
75,0.46149949611305796,2.172129185284463,0.0001
76,0.4532902564804923,2.121215964583058,0.0001
77,0.43661301304525363,2.3354195532154223,0.0001
78,0.4314492905965261,2.206048541946373,0.0001
79,0.4177480674185316,2.0844219561155275,0.0001
80,0.4096661473484971,2.081923783993412,0.0001
81,0.395422315630186,1.9822437166969706,0.0001
82,0.3881440932264642,2.4089204714330714,0.0001
83,0.37834695679344443,2.119320560277637,0.0001
84,0.37206260040317646,2.0494868887377433,0.0001
85,0.36346400415272967,2.192752506082852,0.0001
86,0.3542464028467326,2.0043764043511523,0.0001
87,0.3469171449498719,2.137581064312294,0.0001
88,0.3368681000149168,2.155940670937013,0.0001
89,0.33043296035022984,2.170927398230934,0.0001
90,0.3243614599193465,2.0257567755212342,0.0001
91,0.318340820024099,2.028276359448992,0.0001
92,0.3086584204347691,2.172339939073406,0.0001
93,0.30475568797282826,2.0216795118573256,0.0001
94,0.2989522131996055,1.990986409594315,0.0001
95,0.2905829342606848,2.1308688367177226,0.0001
96,0.28721548895443855,2.008695841548214,0.0001
97,0.2793129881202112,2.1647960585401287,0.0001
98,0.27245545542941907,1.9405823573841283,0.0001
99,0.2669463104958792,2.0375120155995807,0.0001
100,0.2646178872741975,2.0580278655216566,0.0001
End of training: 2022-08-01 18:36:20

Loss min training: 0.2646178872741975

Loss min val: 1.4652897313717235

Best epoch: 4

Correlação: (0.47890300687796405, 0.0)




--> Fold: 1

Format of train data: frames: 122682 , pressures: 122682 

Format of validation data: frames: 44149 , pressures: 44149 

Option shuffle: True

Begin of training: 2022-08-01 18:36:26

Epoch,train_loss,val_loss,lr
1,8.148263309211847,2.381942316798295,0.0001
2,2.558095866650738,1.8834317511817078,0.0001
3,2.3830322771931676,1.894089323318289,0.0001
4,2.3258102009456203,1.8067244513258556,0.0001
5,2.240787027245235,1.7304967759476342,0.0001
6,2.189616799152441,1.6637971832821405,0.0001
7,2.1377376296211974,1.834777571903398,0.0001
8,2.06699848592877,1.596028182075292,0.0001
9,2.0268385527417325,1.5457513827683984,0.0001
10,2.009042572389033,1.5251922590734897,0.0001
11,1.9541459277779205,1.8346418025806894,0.0001
12,1.9073388237697515,1.6236357181152539,0.0001
13,1.866312805603233,1.5741819042093355,0.0001
14,1.8464392419393179,1.9210293028977787,0.0001
15,1.7948835091786697,1.853310288571591,0.0001
16,1.7594425155890236,1.5578491460556336,0.0001
17,1.733985383751453,2.009574071070695,0.0001
18,1.7013303318954331,1.6785232586651015,0.0001
19,1.6615516146607083,1.7905977490712472,0.0001
20,1.6219006632027375,1.891021892010211,0.0001
21,1.5979962148613678,1.608492728659336,0.0001
22,1.5733297349102984,1.8084286331425692,0.0001
23,1.5352016475291954,1.7406039794397699,0.0001
24,1.505149771647894,1.6039862185011213,0.0001
25,1.4842576725074323,1.8992568180135467,0.0001
26,1.4572042618908536,1.7360962045138986,0.0001
27,1.4265916357959083,1.916082819562992,0.0001
28,1.384184653597002,1.6887722657492008,0.0001
29,1.3661568704853764,1.742538143404235,0.0001
30,1.3410212098400698,2.0412084234619754,0.0001
31,1.3102285942444643,1.8677569234429778,0.0001
32,1.2894699612850995,1.610758822343204,0.0001
33,1.2558228413629313,1.8480403018528593,0.0001
34,1.2278718107732864,1.8917340740114947,0.0001
35,1.2131390511524152,2.0828608857667033,0.0001
36,1.1821093460269014,1.7848166803635488,0.0001
37,1.161190515284267,1.8303660910062962,0.0001
38,1.1349395085114926,2.125995671439407,0.0001
39,1.1050132615093506,2.2145086909861185,0.0001
40,1.0809351348849356,2.044577100396618,0.0001
41,1.0690152092081504,1.71739821383096,0.0001
42,1.0426529172199834,2.0269826591567046,0.0001
43,1.0148900880664113,2.08439181794904,0.0001
44,0.9949718836456102,1.8553612980260112,0.0001
45,0.9742591939680099,1.8621683619230767,0.0001
46,0.9527505687646941,2.1266971275343027,0.0001
47,0.9236126835406739,1.8520709951400929,0.0001
48,0.91154946411568,2.140926529941085,0.0001
49,0.8871423256725486,2.138530609445633,0.0001
50,0.8681243379170357,2.182990576557272,0.0001
51,0.8468770388072837,1.9768106127468958,0.0001
52,0.8317595633324578,1.9981717120027183,0.0001
53,0.8098046958336701,1.747230787964844,0.0001
54,0.7871883153862934,2.007589412069274,0.0001
55,0.7741047206736702,2.0537273062323416,0.0001
56,0.7538757224911684,2.361297788532294,0.0001
57,0.733855475323708,1.9463808892248398,0.0001
58,0.7208056340020764,2.2448288999075485,0.0001
59,0.6984857885047879,2.191626738545017,0.0001
60,0.685753547902468,1.9472709231372436,0.0001
61,0.6663111858949886,2.0207060543002324,0.0001
62,0.648977329293298,2.060363550591613,0.0001
63,0.6310074526455076,1.8988420765149736,0.0001
64,0.6195594332619713,2.07300738382805,0.0001
65,0.6014352317040307,2.0559384009233757,0.0001
66,0.5885406146569783,1.9429781244722897,0.0001
67,0.571455947189619,1.9743923515627513,0.0001
68,0.5606152754726945,1.9559389953070658,0.0001
69,0.547747123681796,1.8597730291764862,0.0001
70,0.5334581242156518,1.901209225330367,0.0001
71,0.5186500820224526,1.9266469959505375,0.0001
72,0.5107686624400501,1.9455599112849173,0.0001
73,0.48743580236769357,1.8354388254086114,0.0001
74,0.4831402100599212,1.7797950941637857,0.0001
75,0.4706363469287924,1.8401873810363816,0.0001
76,0.4579877438402738,1.9247246843256058,0.0001
77,0.44776361096591516,1.8771600651536895,0.0001
78,0.43586545965507556,1.9074178652605784,0.0001
79,0.4313428304112072,1.9529349292352565,0.0001
80,0.4168192286043327,1.9197545302878443,0.0001
81,0.4021527115286871,1.9397844377575288,0.0001
82,0.39401744253761806,1.9013664048348102,0.0001
83,0.38428321171023766,1.9038137227601273,0.0001
84,0.37605118826540607,1.8946673283342268,0.0001
85,0.3675433259259185,1.8913090074423358,0.0001
86,0.3617823731454032,1.968985808384659,0.0001
87,0.35341007863157053,1.968903130797957,0.0001
88,0.34582480710738345,1.8489964164778472,0.0001
89,0.3380403673768741,1.8378383261141802,0.0001
90,0.32768316832289296,1.9366666447584642,0.0001
91,0.3210512095698616,1.8437676814845114,0.0001
92,0.3168725821177087,1.784007131368885,0.0001
93,0.3064733614740893,1.8053471666059693,0.0001
94,0.30036682387071584,1.8830331035015573,0.0001
95,0.29670928516364387,1.8012823857127906,0.0001
96,0.290223655423887,1.89808846670557,0.0001
97,0.2856550524419821,1.9386643307047384,0.0001
98,0.27972618738227206,1.8494225131223019,0.0001
99,0.2737762344512006,1.9003021373125366,0.0001
100,0.2698630269666216,1.89454070634325,0.0001
End of training: 2022-08-01 19:14:39

Loss min training: 0.2698630269666216

Loss min val: 1.5251922590734897

Best epoch: 10

Correlação: (0.5688691845018345, 0.0)




--> Fold: 2

Format of train data: frames: 127377 , pressures: 127377 

Format of validation data: frames: 39454 , pressures: 39454 

Option shuffle: True

Begin of training: 2022-08-01 19:14:44

Epoch,train_loss,val_loss,lr
1,7.930545627590258,1.7350138735286535,0.0001
2,2.6199215140720393,1.8555924444945033,0.0001
3,2.4218711599460647,1.9909882255409554,0.0001
4,2.338236145029953,2.439661123256226,0.0001
5,2.2450532579380442,2.447263452251013,0.0001
6,2.1827045902346023,2.311261724542241,0.0001
7,2.1232456611889,3.236655341163025,0.0001
8,2.082391314019987,2.7571555597406143,0.0001
9,2.0259168976610704,2.853778089126753,0.0001
10,1.9833857359199198,2.362219270995368,0.0001
11,1.932779375547924,2.4652856755330377,0.0001
12,1.8904904942523106,3.442861714063126,0.0001
13,1.86367733281338,2.6783477597974596,0.0001
14,1.8277042975310758,2.064961435561935,0.0001
15,1.782029129249547,2.289871382750784,0.0001
16,1.7423298974256802,2.324692501700063,0.0001
17,1.7097226024751206,2.1548286365497042,0.0001
18,1.666048955413669,2.264909597165188,0.0001
19,1.6419670430139934,2.1189469074026985,0.0001
20,1.6165326546925265,2.189873146764251,0.0001
21,1.583194438037688,2.2426011645256696,0.0001
22,1.5464690834511012,2.0700045735823824,0.0001
23,1.5261543651610445,2.1468320756541823,0.0001
24,1.4862321891256234,2.172033488179399,0.0001
25,1.4591025494250391,2.12638550195183,0.0001
26,1.4171834540381913,2.1156421088287676,0.0001
27,1.3916439566165306,2.076707768816118,0.0001
28,1.3708612833515754,2.0188700091417644,0.0001
29,1.341824169645199,2.1167774898883702,0.0001
30,1.3185623885913706,2.1162584354192564,0.0001
31,1.279006693267674,2.1063353083587764,0.0001
32,1.251832151332572,2.28873500297271,0.0001
33,1.2314896779132165,2.2983082599053,0.0001
34,1.2056007459085296,2.2389058813512395,0.0001
35,1.1722831991199003,2.1882895539618725,0.0001
36,1.1547344798042305,2.4060111313298402,0.0001
37,1.124232719962167,2.2388920166346584,0.0001
38,1.1039762617639026,2.2012986687487004,0.0001
39,1.0739135465467191,2.1225224991930522,0.0001
40,1.0540565721052444,2.282817232884958,0.0001
41,1.0237603773280073,2.07299552240815,0.0001
42,1.0042312487273044,2.203210720029962,0.0001
43,0.9816340768999945,2.5442099311441573,0.0001
44,0.9613868663195274,2.1303375284459194,0.0001
45,0.9290384915425383,2.0686946345117683,0.0001
46,0.9179205296814058,2.257577692410294,0.0001
47,0.8862819818942683,1.979326174209271,0.0001
48,0.8702100924444748,2.2310153093703975,0.0001
49,0.8504215538484425,2.297130680642597,0.0001
50,0.8283311326767372,2.318657345771064,0.0001
51,0.8108838292224332,2.167387098265823,0.0001
52,0.7888945684380799,1.9232386448406658,0.0001
53,0.7706907612487817,2.0859863808968804,0.0001
54,0.7490260991253215,1.9593445796070261,0.0001
55,0.7251049883241515,1.8904858203897994,0.0001
56,0.7136649589892635,2.143349740003291,0.0001
57,0.6911044311908832,2.0531446620721487,0.0001
58,0.6769433279038112,2.015511780338207,0.0001
59,0.6591538457941161,1.8709146642597918,0.0001
60,0.6389122571257845,1.814723258779422,0.0001
61,0.6278934958385372,1.8612369230468304,0.0001
62,0.6121713156914057,2.0390414971868274,0.0001
63,0.5984357166446762,1.943577437802795,0.0001
64,0.5799532826524787,1.8967410182544377,0.0001
65,0.56599748206816,1.8758860687806589,0.0001
66,0.5536318303719329,1.8970307670773487,0.0001
67,0.5387980253791415,1.984898428538159,0.0001
68,0.5289442568362998,1.8803318408508831,0.0001
69,0.5177344572529404,1.7537159475823607,0.0001
70,0.5010820033414523,1.7160860906595055,0.0001
71,0.4840940002205505,1.6846701130524007,0.0001
72,0.476928170999609,1.7533404299507889,0.0001
73,0.4657594916106021,1.7982880787883992,0.0001
74,0.44908801143951255,1.795507794193485,0.0001
75,0.44356726114438655,1.9409058351333501,0.0001
76,0.4272689088679865,2.0279434896937953,0.0001
77,0.42396090915860696,1.9208967551122949,0.0001
78,0.4089576202294502,1.6909409549683838,0.0001
79,0.4012197275987356,1.865113716876748,0.0001
80,0.388802902275706,1.895761839616025,0.0001
81,0.38203275961824235,1.833845209687421,0.0001
82,0.3757140452331218,1.9666452297734351,0.0001
83,0.36117219930928074,1.8372798699194632,0.0001
84,0.3593357120904574,1.840563856184244,0.0001
85,0.3510265865603284,1.8045862571523708,0.0001
86,0.3392097226435948,1.740468304929667,0.0001
87,0.3330263197512106,1.947667396146527,0.0001
88,0.3286130614682548,1.8267348935553698,0.0001
89,0.3217284877320552,1.926142552786424,0.0001
90,0.3156102931275479,1.9647255853946255,0.0001
91,0.30896792854698946,1.9120497495493451,0.0001
92,0.2964969709994858,1.9033643378919913,0.0001
93,0.29717721846818734,1.900780305996822,0.0001
94,0.29018314416879826,1.8501740948514678,0.0001
95,0.2860301257943237,1.92386083963186,0.0001
96,0.2803633560408247,2.05773904183744,0.0001
97,0.27454897151363244,1.877208494974499,0.0001
98,0.27051208687580874,2.1824721284854633,0.0001
99,0.2658237183537958,2.0420829580469153,0.0001
100,0.26215008000523427,2.0341190540307728,0.0001
End of training: 2022-08-01 19:53:59

Loss min training: 0.26215008000523427

Loss min val: 1.6846701130524007

Best epoch: 71

Correlação: (0.5335146891603358, 0.0)




--> Fold: 3

Format of train data: frames: 125334 , pressures: 125334 

Format of validation data: frames: 41497 , pressures: 41497 

Option shuffle: True

Begin of training: 2022-08-01 19:54:04

Epoch,train_loss,val_loss,lr
1,7.847905505730175,1.5485481120570412,0.0001
2,2.5684600589829567,1.884788336580218,0.0001
3,2.4337571707349683,1.5870795289381419,0.0001
4,2.34664816401134,1.5737858738764672,0.0001
5,2.2921952437172806,1.5477757401290215,0.0001
6,2.2147363231544555,1.5199800066411657,0.0001
7,2.1629767324164058,1.5817271351489652,0.0001
8,2.120664208305172,1.7625982868219539,0.0001
9,2.0692600489408406,1.6073589226187035,0.0001
10,2.022991149922797,1.5236118031883337,0.0001
11,1.9521138659195745,1.7273740691098978,0.0001
12,1.9335713138822594,1.5703727104268734,0.0001
13,1.8847313162670507,1.4759438536863894,0.0001
14,1.83975934142069,1.507349647200044,0.0001
15,1.8000616754250507,1.905288551173578,0.0001
16,1.7705233192494068,1.5214675285530241,0.0001
17,1.7333294104058954,1.5379403300936527,0.0001
18,1.7128075318564986,1.71276735938003,0.0001
19,1.663018831159795,1.9864612920061866,0.0001
20,1.6239309986255483,1.643905327001629,0.0001
21,1.6029021619184862,1.6663671892189211,0.0001
22,1.56911423612387,1.5745099506128362,0.0001
23,1.5449435517731893,1.7565541071647832,0.0001
24,1.5031994628626997,1.5804025582883188,0.0001
25,1.4814502268210217,1.8451331133416962,0.0001
26,1.4390775606368844,1.7092502529220035,0.0001
27,1.4158898117979142,1.6795392127187234,0.0001
28,1.3813797407586876,1.693023405126897,0.0001
29,1.3671215652976267,1.7989564078754525,0.0001
30,1.3387707723707523,1.7825816559682977,0.0001
31,1.3054976142690975,1.7618813482391364,0.0001
32,1.272611797661536,1.6366564754428905,0.0001
33,1.2482258810745834,1.7651987015909438,0.0001
34,1.2195488378582244,1.8008251455854754,0.0001
35,1.1930221272935504,1.8543097403697728,0.0001
36,1.1694220045419559,1.9488037576686217,0.0001
37,1.1331353639824724,1.8070477692280045,0.0001
38,1.1214820495740576,1.7615363695168922,0.0001
39,1.1024890409927488,1.7736839123064314,0.0001
40,1.0699563257458402,1.751680344544994,0.0001
41,1.0441530347032115,1.7270869461660499,0.0001
42,1.018391118774461,1.772432847724184,0.0001
43,0.9986460913187705,1.977785977742257,0.0001
44,0.9704635955052928,1.704066995046459,0.0001
45,0.9599384142984344,1.8591860367205728,0.0001
46,0.9328476024736997,1.7436896442410388,0.0001
47,0.9113713974679114,1.7098087458092641,0.0001
48,0.8875214316344758,1.8941570118823379,0.0001
49,0.869463297814273,1.8190353690111387,0.0001
50,0.851014429441823,1.8393234256968733,0.0001
51,0.8312193791977053,1.9391875380099095,0.0001
52,0.8096405809309544,1.7940105351981857,0.0001
53,0.7896294928638347,1.8682761784849142,0.0001
54,0.7706495351316729,1.6917837686641195,0.0001
55,0.756870644672028,1.8294142240972022,0.0001
56,0.7374616620516536,1.9910494127879588,0.0001
57,0.7206637181300868,1.739613309137407,0.0001
58,0.6991853095890794,1.964023992527329,0.0001
59,0.6848264718779727,1.9505754936102526,0.0001
60,0.6671296768037285,1.952214853669987,0.0001
61,0.6517450111575491,2.0949983569855637,0.0001
62,0.6342658918960076,1.9567437669606165,0.0001
63,0.6175495682858096,2.1788305369797083,0.0001
64,0.6094434377655085,1.7755361498529734,0.0001
65,0.5912691761855486,1.9697891696980538,0.0001
66,0.5773289782845683,2.135555041268104,0.0001
67,0.562143412673582,1.8640691287477846,0.0001
68,0.5472295823905996,1.9174442376292298,0.0001
69,0.5343982997767451,1.8250019217260252,0.0001
70,0.5191705931763755,1.8656655371233644,0.0001
71,0.509574189213603,1.9403449240157606,0.0001
72,0.49882806343659214,1.8519413590267468,0.0001
73,0.4797885423977926,2.005596636214779,0.0001
74,0.4714423207592625,2.0714632698428814,0.0001
75,0.45937169805067574,1.7648201383883533,0.0001
76,0.44730060632371865,2.2988125866233986,0.0001
77,0.43812529951277407,1.8807073897171167,0.0001
78,0.4274402216505098,1.8661797603452097,0.0001
79,0.4169543221720593,2.0306995009291238,0.0001
80,0.4073373550365135,1.8683873652481104,0.0001
81,0.3985384348737413,1.9525135238391766,0.0001
82,0.38957254352366344,2.0880351368225027,0.0001
83,0.38315794784348917,1.7636859737787114,0.0001
84,0.3745805466516726,1.7865752160332273,0.0001
85,0.36512528376035464,1.9350204341000274,0.0001
86,0.3575754232742328,1.8114125870347215,0.0001
87,0.3505566058666475,1.847351103170029,0.0001
88,0.34054328064630746,1.8630769050767382,0.0001
89,0.33678444331136126,2.0765668623481375,0.0001
90,0.32930954739137297,1.8166015177636956,0.0001
91,0.32256699891191365,1.8780899931644075,0.0001
92,0.3193852949933228,1.9449434419377734,0.0001
93,0.3113982281812213,2.062457837727994,0.0001
94,0.3039381210425092,2.3859686968536105,0.0001
95,0.2994098928475016,1.9808283296123104,0.0001
96,0.2971485756969076,1.9341632433361866,0.0001
97,0.28895673309868136,2.0812815661705795,0.0001
98,0.2839105585495635,2.144467585686704,0.0001
99,0.2818834994034703,2.0949262364484014,0.0001
100,0.27366461498247274,1.9351994062350808,0.0001
End of training: 2022-08-01 20:33:01

Loss min training: 0.27366461498247274

Loss min val: 1.4759438536863894

Best epoch: 13

Correlação: (0.5297155237806602, 0.0)




--> Fold: 4

Format of train data: frames: 127998 , pressures: 127998 

Format of validation data: frames: 38833 , pressures: 38833 

Option shuffle: True

Begin of training: 2022-08-01 20:33:06

Epoch,train_loss,val_loss,lr
1,7.769039322073403,1.65338163050395,0.0001
2,2.555941706778573,1.619878061069503,0.0001
3,2.36904275902182,1.5338704064348352,0.0001
4,2.300453625458639,1.5439500413541307,0.0001
5,2.2180323633924646,1.5169319448603562,0.0001
6,2.1650878362900468,1.5092227059420238,0.0001
7,2.123918231441579,1.7018381608977453,0.0001
8,2.0489902570993874,1.5428873823599127,0.0001
9,2.0041276005112056,1.719282471593046,0.0001
10,1.968111793034397,1.580361210679491,0.0001
11,1.9227932304976056,1.6433407427510494,0.0001
12,1.8842041012404436,1.6668173836368747,0.0001
13,1.8503966459280015,1.5390562784987052,0.0001
14,1.8019621832415202,1.5663792237470973,0.0001
15,1.7711598400335822,1.6167419320511769,0.0001
16,1.7270499442908522,1.6754822127465974,0.0001
17,1.6911225212251964,1.5876970792342875,0.0001
18,1.6614091114015563,1.846963190652983,0.0001
19,1.6353974104501316,1.5066813327612094,0.0001
20,1.59760030911627,1.4924335100340553,0.0001
21,1.5725044229797696,1.6060437237676424,0.0001
22,1.5311414126811616,1.6394838518250707,0.0001
23,1.5056119064578477,1.7722719232897226,0.0001
24,1.4718513729538805,1.8907315166267982,0.0001
25,1.4417455301472697,1.6393231612990193,0.0001
26,1.411674551808161,1.8064941615468704,0.0001
27,1.3867761803078658,2.024127264510065,0.0001
28,1.3611704278963448,1.7133456538542746,0.0001
29,1.3343264323387014,1.7571283669124609,0.0001
30,1.3046487670970799,1.6610082064030287,0.0001
31,1.2803004800860764,1.743854446773737,0.0001
32,1.2447619466633049,1.6276506792521879,0.0001
33,1.2204889564019137,1.6702789681658874,0.0001
34,1.1927482007706518,1.629149430537885,0.0001
35,1.1627479128119413,1.7480083332641836,0.0001
36,1.1393812001985517,1.704935923000388,0.0001
37,1.1231377538095166,1.9197703645332056,0.0001
38,1.0887269064248297,1.6375245776527145,0.0001
39,1.0725448133014166,1.6760481918444148,0.0001
40,1.0459046648065344,1.71955970782407,0.0001
41,1.0221193694671982,1.9311172799029197,0.0001
42,1.0074274467377722,1.7144478843173632,0.0001
43,0.9844685886019433,1.7552668246632763,0.0001
44,0.9532764181777607,1.6332481006318234,0.0001
45,0.9436308067262813,1.7305963413667413,0.0001
46,0.9150944406102323,1.8486010448497903,0.0001
47,0.8908027412714471,1.5762585953821575,0.0001
48,0.871591029556437,1.978413312995633,0.0001
49,0.8476726106651932,1.6989377059020006,0.0001
50,0.8285683525588565,1.7373757108186825,0.0001
51,0.807583326836035,1.8103136412713596,0.0001
52,0.7920079810712227,1.7215424026587196,0.0001
53,0.7758780216334002,1.6496680433540853,0.0001
54,0.7503955050534324,1.6010737875760195,0.0001
55,0.7303137972804948,1.6929941630807357,0.0001
56,0.7137446871816979,1.5834742762029235,0.0001
57,0.6993550189623737,1.6211109506651973,0.0001
58,0.6775493509721122,1.6472267841778903,0.0001
59,0.6619607849280091,1.741534053943185,0.0001
60,0.6472772851780293,1.6914101787523719,0.0001
61,0.630601941453276,1.7572507583529853,0.0001
62,0.6164462199698992,1.6830291569906761,0.0001
63,0.6015472391191543,1.7864884553204772,0.0001
64,0.5837590259912154,1.6182623904987825,0.0001
65,0.5703499764527665,1.5718831680800462,0.0001
66,0.5551865478210459,1.6750156321827765,0.0001
67,0.5443157043914728,1.6501539286118687,0.0001
68,0.527998125835885,1.7287033958641103,0.0001
69,0.5169841098739578,1.7348518807216422,0.0001
70,0.500982385339859,1.6557370065964336,0.0001
71,0.49064865725813706,1.7630959002402449,0.0001
72,0.47919367990025646,1.8016802068687783,0.0001
73,0.46434527731176095,1.722858485749327,0.0001
74,0.45709192556675254,1.888063452839529,0.0001
75,0.4431658277332929,1.6689113370850297,0.0001
76,0.4313408912297355,1.9136956416031514,0.0001
77,0.41932632716173796,1.7317146279148599,0.0001
78,0.4081116754913068,1.8383147867985827,0.0001
79,0.4024318684594542,1.8898561151243853,0.0001
80,0.39410130073935573,1.9851978351787865,0.0001
81,0.380366144041957,1.751003421108412,0.0001
82,0.3748725245961152,1.7737159985700035,0.0001
83,0.36150451152611046,1.8333947113282103,0.0001
84,0.3570140129623101,1.8877997573600276,0.0001
85,0.34897920446050607,1.7200375761658047,0.0001
86,0.3414181304231476,1.7379906679646868,0.0001
87,0.33209345220246334,1.8671303843775322,0.0001
88,0.3248926471766257,1.6643807716552343,0.0001
89,0.32166877879489425,1.8218742593859267,0.0001
90,0.31057761305775405,1.861134042367318,0.0001
91,0.30521969875280136,1.6757620357912697,0.0001
92,0.30759025092942577,1.7008072169113837,0.0001
93,0.29528941119134805,1.805499761929069,0.0001
94,0.29035747735306133,1.728305374004592,0.0001
95,0.28483368261364966,1.667406530177397,0.0001
96,0.2757156981190871,1.6921932326127416,0.0001
97,0.2716877458763748,1.8116449233606622,0.0001
98,0.2685486655551647,1.7051433232566549,0.0001
99,0.26042282305444003,1.8009282216697167,0.0001
100,0.2577356873217943,1.7678854302632077,0.0001
End of training: 2022-08-01 21:13:24

Loss min training: 0.2577356873217943

Loss min val: 1.4924335100340553

Best epoch: 20

Correlação: (0.4745409478606928, 0.0)




--> Fold: 5

Format of train data: frames: 123787 , pressures: 123787 

Format of validation data: frames: 43044 , pressures: 43044 

Option shuffle: True

Begin of training: 2022-08-01 21:13:30

Epoch,train_loss,val_loss,lr
1,8.016244338579488,2.7630977162241592,0.0001
2,2.4915749824006546,2.6347782122868386,0.0001
3,2.3618822785066045,2.5854391305710944,0.0001
4,2.2786338734255236,2.535103649956156,0.0001
5,2.220792384369023,2.7438156977205868,0.0001
6,2.1689775850067794,2.672724616238424,0.0001
7,2.126654873496213,2.7022768687043155,0.0001
8,2.073824240608631,2.5582821741610164,0.0001
9,2.04521657236877,2.5344268585290513,0.0001
10,1.9885267241671565,2.5789682604369037,0.0001
11,1.9574050609801612,2.7964767518179556,0.0001
12,1.9056194197313283,2.5133641940179716,0.0001
13,1.8780127366040393,2.7192785982726266,0.0001
14,1.8445927794036443,2.635296910084509,0.0001
15,1.7970077250345822,2.51302955487594,0.0001
16,1.7752176410236806,2.470282889444936,0.0001
17,1.7129337979634993,2.722733233300918,0.0001
18,1.6929374497977263,2.760564028336073,0.0001
19,1.663246933025255,2.546200794930374,0.0001
20,1.628378849528308,2.736475480798119,0.0001
21,1.59449968852111,2.4977417392321275,0.0001
22,1.5569472201139947,2.331604419549085,0.0001
23,1.534066377059016,2.5521422888574388,0.0001
24,1.4996912111604244,3.276147757461884,0.0001
25,1.4681876117660198,2.646435358767815,0.0001
26,1.4377850225488393,3.0940922152740162,0.0001
27,1.397965245023197,2.870062628085701,0.0001
28,1.3869899544315882,2.824352572104067,0.0001
29,1.3557949360008237,2.878907186968842,0.0001
30,1.3154840588273995,2.648031183273284,0.0001
31,1.301187943629104,3.1929787861548684,0.0001
32,1.2606365185952964,2.813369444207336,0.0001
33,1.23547416586303,3.1527213234959475,0.0001
34,1.2134549035930238,2.5332297595523676,0.0001
35,1.1901986976645476,2.4602017057350762,0.0001
36,1.172359530728351,2.6575257875431695,0.0001
37,1.1377816728308807,2.573889087228214,0.0001
38,1.121155515344567,2.7975430373431647,0.0001
39,1.0915384505160193,2.6288034641746028,0.0001
40,1.064654127370648,2.7753809905497517,0.0001
41,1.0408117430374617,2.758165637929027,0.0001
42,1.0171655458298137,2.6635841844294794,0.0001
43,0.9988566179643463,2.7816965174756962,0.0001
44,0.9703880384648302,2.626918841855099,0.0001
45,0.9540117440211405,3.0917650526667293,0.0001
46,0.9294839768394918,3.2369390763837425,0.0001
47,0.9044290796362018,2.505730448043011,0.0001
48,0.8856766370922021,2.5514001390125527,0.0001
49,0.859989764072391,2.768046205210626,0.0001
50,0.8541556384458342,2.539103695810334,0.0001
51,0.8218989720009374,2.464402139458268,0.0001
52,0.8128791812234957,2.5031788683482654,0.0001
53,0.7858936986829651,2.4689885677596517,0.0001
54,0.7730714487159585,2.6830946743327684,0.0001
55,0.753039266483509,2.371584052590231,0.0001
56,0.7297796798330962,2.5983768638741647,0.0001
57,0.7173318781973254,2.5213160204650324,0.0001
58,0.698012419310825,2.383283356576258,0.0001
59,0.6804527616728272,2.277148411958792,0.0001
60,0.660742412713271,2.137134474013532,0.0001
61,0.6491308066272078,2.2170632129851664,0.0001
62,0.6262193850012666,2.39712408412933,0.0001
63,0.6127648753549939,2.4892546716492787,0.0001
64,0.6015792769800882,2.378992008765206,0.0001
65,0.5847299217128585,2.336198355393631,0.0001
66,0.5690939634660631,2.2855409210515436,0.0001
67,0.5538379204761764,2.517665606472929,0.0001
68,0.5415097926972836,2.399627763225115,0.0001
69,0.5310446423401511,2.2350971960864117,0.0001
70,0.5175337801502813,2.4124506994778643,0.0001
71,0.5052226589120824,2.504514254443365,0.0001
72,0.4917082700242217,2.4525645840025097,0.0001
73,0.47810027057506266,2.3083795961222786,0.0001
74,0.4665109795419156,2.393095234182397,0.0001
75,0.4576434129346877,2.457877872557614,0.0001
76,0.44293291155240366,2.341860852956262,0.0001
77,0.43577734475583146,2.3221646179752757,0.0001
78,0.42298109153325963,2.541593896263694,0.0001
79,0.4130617621839632,2.4389202141283213,0.0001
80,0.4021710780381326,2.2510989638755627,0.0001
81,0.3948380434322029,2.318376208712051,0.0001
82,0.3888245292787788,2.4963903328973824,0.0001
83,0.3768129304735263,2.302471911460757,0.0001
84,0.3685541936931389,2.34638286892028,0.0001
85,0.36140956527988205,2.319784131172853,0.0001
86,0.35574263774157505,2.3236593659200384,0.0001
87,0.34408025278769255,2.2616842521543052,0.0001
88,0.3406692431381797,2.2591209485399912,0.0001
89,0.33005536181970235,2.494197646967929,0.0001
90,0.323131732609607,2.3225641209857524,0.0001
91,0.3202058757551971,2.285452744894539,0.0001
92,0.3151352851684916,2.5122721902212573,0.0001
93,0.30757146679918923,2.0567138225114343,0.0001
94,0.3002445595977618,2.2286294464971506,0.0001
95,0.2974017228591814,2.1290305575167046,0.0001
96,0.28903724905827965,2.0846404040705018,0.0001
97,0.2837723021337791,2.1662827878401143,0.0001
98,0.2784263216743873,2.2650949001400877,0.0001
99,0.2763246336169293,2.1975788001333534,0.0001
100,0.2709310806213505,2.190074176884043,0.0001
End of training: 2022-08-01 21:53:18

Loss min training: 0.2709310806213505

Loss min val: 2.0567138225114343

Best epoch: 93

Correlação: (0.42667327214736267, 0.0)




--> Fold: 6

Format of train data: frames: 125799 , pressures: 125799 

Format of validation data: frames: 41032 , pressures: 41032 

Option shuffle: True

Begin of training: 2022-08-01 21:53:24

Epoch,train_loss,val_loss,lr
1,7.495348353661834,1.6691098027955396,0.0001
2,2.5895876058905865,1.6483267106422326,0.0001
3,2.4418019463208043,2.1223468025610632,0.0001
4,2.3438161189080855,1.5264126090748684,0.0001
5,2.2757091605133297,2.2717407340077447,0.0001
6,2.2193492079203008,2.5545804157989673,0.0001
7,2.176397140703127,2.389632033474335,0.0001
8,2.094882510795492,2.267088151554495,0.0001
9,2.0688394822902176,3.026595435613869,0.0001
10,2.0156014679323495,2.5869869727050845,0.0001
11,1.982026101387277,2.165442146202537,0.0001
12,1.9279638806636772,2.7880535623580536,0.0001
13,1.8978257310050373,2.3577000586743426,0.0001
14,1.8435144099462653,3.2164945025545366,0.0001
15,1.8048415671323639,2.4324907628293855,0.0001
16,1.7903914497809672,3.4835710469731396,0.0001
17,1.7473535425630833,3.037038651491657,0.0001
18,1.7083681707038254,3.0995892869447683,0.0001
19,1.6881353281673064,2.1122035495392133,0.0001
20,1.6526603982712376,3.480743555837636,0.0001
21,1.6231833902618966,3.156773792137805,0.0001
22,1.5802914018273693,3.0117452339392514,0.0001
23,1.5454924125209102,3.119934728954893,0.0001
24,1.5173565227769952,2.8754895394902222,0.0001
25,1.495477873414947,3.4349128599867855,0.0001
26,1.449666095725785,2.795589139015732,0.0001
27,1.421873844926716,3.5451755565052774,0.0001
28,1.398076296766164,2.6109352395371355,0.0001
29,1.3654089625585313,3.0533151916649683,0.0001
30,1.3528514994232292,2.690298936268953,0.0001
31,1.3090517601849998,3.544082079976826,0.0001
32,1.290267420151207,3.278098151753069,0.0001
33,1.2618685455111667,3.7269603475350155,0.0001
34,1.243462895093159,3.1715597447700077,0.0001
35,1.2074548214097607,4.394791309632249,0.0001
36,1.182365594879137,2.8580829369949767,0.0001
37,1.15978817790357,3.94187727363097,0.0001
38,1.1346579092147946,3.873259807288426,0.0001
39,1.1096466832822804,2.893503437732065,0.0001
40,1.085397794762291,3.4830641138969654,0.0001
41,1.0622663157180632,3.142811672383987,0.0001
42,1.0388064128442724,2.85415715928616,0.0001
43,1.0178026038269121,4.00685089344308,0.0001
44,0.9920880635865608,3.647967357853045,0.0001
45,0.972211596400991,3.817553424212314,0.0001
46,0.9472990574963257,3.4191035251911215,0.0001
47,0.9246614327077188,3.7967094766115164,0.0001
48,0.9069727736370976,3.844287222648229,0.0001
49,0.8826669880438469,3.5768026508860107,0.0001
50,0.8627975811608567,3.1552729839980196,0.0001
51,0.8428048347444898,3.487727034507985,0.0001
52,0.8247262154881346,3.8111710413596067,0.0001
53,0.7938939790864856,3.979598490019062,0.0001
54,0.7877745873000883,3.870848821371149,0.0001
55,0.7683677358825712,3.980882392986682,0.0001
56,0.7403284647224835,4.235594762745227,0.0001
57,0.7256981567977946,4.28059736040048,0.0001
58,0.7124395021248575,3.700722955778854,0.0001
59,0.6913233372905275,3.9947471063860815,0.0001
60,0.6786562348185554,4.180587621385021,0.0001
61,0.6622269891333873,3.6426485880329076,0.0001
62,0.6460195460088604,4.22926716089574,0.0001
63,0.6294981079278426,4.224495922061848,0.0001
64,0.6123326723566628,4.709678931365493,0.0001
65,0.5956715619954759,4.064204612840893,0.0001
66,0.5803321908627661,4.436524998725657,0.0001
67,0.5746163648811692,3.568573554279419,0.0001
68,0.5563473203049384,3.6985153024204527,0.0001
69,0.5446905930848367,3.800044488618657,0.0001
70,0.5271343164102297,4.24072453273298,0.0001
71,0.5202995233903385,3.9655545596421917,0.0001
72,0.500990174025801,4.065923749831109,0.0001
73,0.49277560668349496,3.677639746019821,0.0001
74,0.4799602840541642,4.1704935791386015,0.0001
75,0.46673049116042914,3.742745042195862,0.0001
76,0.45461008128769237,3.745696998474588,0.0001
77,0.444841738599773,3.8190642056769155,0.0001
78,0.4340206727909435,3.659470946125455,0.0001
79,0.4216881266494697,3.8965181846045964,0.0001
80,0.4117427884599924,3.6779621711458743,0.0001
81,0.4047008138745643,3.9218214760284065,0.0001
82,0.3946788291628237,4.113761394617502,0.0001
83,0.3838957999902556,3.7692260226675307,0.0001
84,0.3785242495396064,3.9011090449316272,0.0001
85,0.3676350369764836,3.538694328070849,0.0001
86,0.36174449715026114,3.5622559857196476,0.0001
87,0.35409072854306456,3.73092452065246,0.0001
88,0.34663132403423547,3.4013071616366726,0.0001
89,0.33878911912209325,3.401905082591818,0.0001
90,0.33173388781512975,3.47149040099821,0.0001
91,0.3252923959087536,3.6810859232809743,0.0001
92,0.32039248494395234,3.511862597053663,0.0001
93,0.3128111340652605,3.3231324442043295,0.0001
94,0.30335511019170114,3.3222983615118107,0.0001
95,0.29959131092692365,3.3168070772326836,0.0001
96,0.2993267212402706,3.7697004111195707,0.0001
97,0.2878595354630023,3.3929522402408785,0.0001
98,0.2862770026249939,3.289457187942651,0.0001
99,0.27843543180144903,3.204850525669151,0.0001
100,0.27246636482204056,3.283416141518191,0.0001
End of training: 2022-08-01 22:33:01

Loss min training: 0.27246636482204056

Loss min val: 1.5264126090748684

Best epoch: 4

Correlação: (0.5486364410168072, 0.0)




--> Fold: 7

Format of train data: frames: 121714 , pressures: 121714 

Format of validation data: frames: 45117 , pressures: 45117 

Option shuffle: True

Begin of training: 2022-08-01 22:33:06

Epoch,train_loss,val_loss,lr
1,8.17625006087472,1.7436514420931777,0.0001
2,2.5863229646491086,1.8249795974948362,0.0001
3,2.423869857551928,1.710318413607144,0.0001
4,2.320573708706948,1.9712422042038116,0.0001
5,2.2548252298274964,1.8030070338363455,0.0001
6,2.206854429066662,1.803693398036974,0.0001
7,2.1584867679287485,1.7726034951854197,0.0001
8,2.100387177720507,2.1123187901568565,0.0001
9,2.0555292078849177,1.822694707424645,0.0001
10,2.00659974654227,1.781597389635746,0.0001
11,1.9734131291679828,1.8998897942540853,0.0001
12,1.9356219759983615,1.950389132483947,0.0001
13,1.876395794121108,1.9637729181085948,0.0001
14,1.8609123777006877,1.9907998473814892,0.0001
15,1.8101635056387273,1.8917108161690879,0.0001
16,1.7788079934920404,1.9744203754659002,0.0001
17,1.728481358898233,2.0084465050323717,0.0001
18,1.7189831619111315,1.868350213376766,0.0001
19,1.6805994885024649,2.0687553750751824,0.0001
20,1.6485534336050691,2.1994873817569913,0.0001
21,1.5977430982132292,2.1437323491492006,0.0001
22,1.578513481505829,1.9727844179401897,0.0001
23,1.5512734549705731,1.9817130673604646,0.0001
24,1.5219488430577937,2.176685097528444,0.0001
25,1.485766151284898,1.9252019791954293,0.0001
26,1.453417404503992,1.9392084094003008,0.0001
27,1.4278600252365927,1.9286529902387528,0.0001
28,1.408770542113669,1.9878997911911134,0.0001
29,1.3791498826706463,2.1803576023223474,0.0001
30,1.3481406177565445,2.2863714158525754,0.0001
31,1.321592003157511,1.9932404959072607,0.0001
32,1.3003410698834443,2.09738643667674,0.0001
33,1.2664440472933796,1.9264197918393076,0.0001
34,1.2474136454320528,2.0126721003372796,0.0001
35,1.2123487347084017,2.1343103000547354,0.0001
36,1.1891419416734885,2.107624109996682,0.0001
37,1.1664618310886503,2.1586540758412927,0.0001
38,1.1366337258650008,2.1477413632005873,0.0001
39,1.1240421424241995,2.088275008599307,0.0001
40,1.0874664487898216,2.267225400504801,0.0001
41,1.065536734909233,2.1647496270639857,0.0001
42,1.0441249003632787,2.3291000426337423,0.0001
43,1.0204047409998065,2.1201786586128946,0.0001
44,0.9935278178401399,2.1283438763175737,0.0001
45,0.9768602608799932,2.2582467379932414,0.0001
46,0.955323253050176,2.1066830919775885,0.0001
47,0.9279534725939791,2.213628515254036,0.0001
48,0.9058939690847062,2.0242072559511164,0.0001
49,0.8872672877946842,2.292554521522621,0.0001
50,0.8649544985804973,2.354548057020774,0.0001
51,0.8427761932067515,2.322978847711214,0.0001
52,0.8395864199122517,2.254620782607735,0.0001
53,0.808991834842299,2.106846096477766,0.0001
54,0.7952639317528967,2.3933433441679606,0.0001
55,0.7706989959480514,2.2391527588280744,0.0001
56,0.7574698784020814,2.4498704736145087,0.0001
57,0.7316298654300905,2.1381229721601756,0.0001
58,0.716832735687864,2.40108413862168,0.0001
59,0.6993740586369316,2.2772053304519586,0.0001
60,0.6830697665873572,2.1668731902384795,0.0001
61,0.6624242581014149,2.3333795804658446,0.0001
62,0.649812971604204,2.1058495230324596,0.0001
63,0.6362254610587712,2.100704719924804,0.0001
64,0.6131097500757584,2.2361771308733966,0.0001
65,0.6008783951542502,2.381722420927644,0.0001
66,0.5814943039869955,2.1258046472685863,0.0001
67,0.5666166748297247,2.2182150811150496,0.0001
68,0.5561106290044419,2.345653068407114,0.0001
69,0.544767465197625,2.272150282160458,0.0001
70,0.5295904966563622,2.256470007346523,0.0001
71,0.5185607638476522,2.336288672621021,0.0001
72,0.5044630420330992,2.192554112917238,0.0001
73,0.4946113954659314,2.2639598339075397,0.0001
74,0.48115457714496224,2.5650185935291243,0.0001
75,0.4673031219515323,2.174175928899719,0.0001
76,0.4556508872894973,2.144907355406295,0.0001
77,0.4488179737396769,2.0523313685247926,0.0001
78,0.435320760811919,2.2987078617583894,0.0001
79,0.4214157431645361,2.494046386987665,0.0001
80,0.4151025101434002,2.086531304841737,0.0001
81,0.406161209863585,2.262646293202584,0.0001
82,0.39412741298823,2.2883917690631326,0.0001
83,0.3846649058157167,2.333298588059596,0.0001
84,0.37948454127039116,2.2853774946679786,0.0001
85,0.37030211685697234,2.1818954100419536,0.0001
86,0.3625520945392586,2.3279411555113363,0.0001
87,0.3522109927426136,2.347439108163982,0.0001
88,0.34478279050986665,2.2556328692170835,0.0001
89,0.33881678475871646,2.161902917724268,0.0001
90,0.33031578517593635,2.195650857631642,0.0001
91,0.32575366107014625,2.0199358196316886,0.0001
92,0.31609231566698,2.321203715677002,0.0001
93,0.31005482146290286,2.2453164365360982,0.0001
94,0.30317290365570587,2.4727391581650857,0.0001
95,0.30140037447454576,2.4169813001568303,0.0001
96,0.29217182703363104,2.2021625381646186,0.0001
97,0.28816318740878144,2.4070465914822665,0.0001
98,0.2846459686404277,2.2167161557655226,0.0001
99,0.28199641525658226,2.173231034027647,0.0001
100,0.27218090597247724,2.3222318179673396,0.0001
End of training: 2022-08-01 23:11:53

Loss min training: 0.27218090597247724

Loss min val: 1.710318413607144

Best epoch: 3

Correlação: (0.48336613370247966, 0.0)




--> Fold: 8

Format of train data: frames: 132010 , pressures: 132010 

Format of validation data: frames: 46835 , pressures: 46835 

Option shuffle: True

Begin of training: 2022-08-01 23:11:59

Epoch,train_loss,val_loss,lr
1,7.947636667543014,1.713835515723458,0.0001
2,2.640240409052577,1.6526610704474736,0.0001
3,2.423566266961391,1.7996711986352785,0.0001
4,2.3184705710521243,1.6916884845153517,0.0001
5,2.2376482043245707,2.0347966209679185,0.0001
6,2.183257597976088,1.7474705918310953,0.0001
7,2.109695554142621,1.9890542565000926,0.0001
8,2.051303776440571,1.7992613179866692,0.0001
9,2.018959380852328,1.7681915547100193,0.0001
10,1.9660952065751531,1.9134826656440107,0.0001
11,1.9171139490188103,1.8371396394909618,0.0001
12,1.8783968340275043,1.7071428172754048,0.0001
13,1.8336377455911694,1.5892595347694338,0.0001
14,1.8031168425049748,1.6547156394374298,0.0001
15,1.754021203860163,1.6716376022568658,0.0001
16,1.7257466333371727,1.5212977955024958,0.0001
17,1.6945114260757974,1.3214636793510248,0.0001
18,1.6519997002577098,1.5682264557996555,0.0001
19,1.6161978842986189,1.4370232607952569,0.0001
20,1.5659694501355095,1.459280751422692,0.0001
21,1.5513072674982964,1.429803984374161,0.0001
22,1.5193891709125924,1.4300168662897434,0.0001
23,1.495228529999576,1.3479675931941741,0.0001
24,1.4605713666835416,1.4525439262568307,0.0001
25,1.43587394417005,1.4812200054970166,0.0001
26,1.4022736301567327,1.6171569022524506,0.0001
27,1.3653931371073553,1.5815808333288686,0.0001
28,1.333468191802127,1.3986165136706552,0.0001
29,1.3112627848306666,1.582314150436744,0.0001
30,1.2783646639770887,1.5938492135481326,0.0001
31,1.2410981905441394,1.5888018789878837,0.0001
32,1.2269818449280459,1.6298625302006777,0.0001
33,1.1965517135553583,1.4760598956755924,0.0001
34,1.1727186772021623,1.5376467484171494,0.0001
35,1.1418178316553689,1.511904975789403,0.0001
36,1.1138356923352641,1.4937088683128255,0.0001
37,1.0913141394905876,1.6637411318709048,0.0001
38,1.0722906476606449,1.6644827022870143,0.0001
39,1.048863067138232,1.6955143134596764,0.0001
40,1.0297179203188407,1.7861630147353835,0.0001
41,0.9971206919621919,1.6764993079102917,0.0001
42,0.9746476240839329,1.699299676015892,0.0001
43,0.9547863701637672,1.634300135583675,0.0001
44,0.9257393092659782,1.7934676789137856,0.0001
45,0.9104317569974678,1.687035419262116,0.0001
46,0.8853719127005713,1.7283105528518816,0.0001
47,0.8636716855113212,1.6512407201578818,0.0001
48,0.8423987234643838,1.7294789928349943,0.0001
49,0.8233657954615288,1.6385180466633489,0.0001
50,0.8055528947245252,1.892209312609602,0.0001
51,0.784402149225327,1.6399916343937386,0.0001
52,0.7674756724205389,1.7113872888389337,0.0001
53,0.7466443902258169,1.617074843627406,0.0001
54,0.7311545539268913,1.7271654237941858,0.0001
55,0.7061406272711622,1.7979240604229387,0.0001
56,0.6888546238161561,1.6967035362302296,0.0001
57,0.6750325076995984,1.6471030257460122,0.0001
58,0.6605516072241034,1.8431612678865645,0.0001
59,0.6403381465944447,1.8734374144065338,0.0001
60,0.6240708329787571,1.8230722415303426,0.0001
61,0.6036203973208059,1.8438633144837224,0.0001
62,0.5958548320298321,1.814930031790071,0.0001
63,0.5789012179931143,1.8304611422583656,0.0001
64,0.5644899095931601,1.8103427600107185,0.0001
65,0.5458388576583604,1.7043339209710826,0.0001
66,0.5362379392171736,1.8753304581842212,0.0001
67,0.521419243392064,1.654037286836411,0.0001
68,0.5053985529203829,1.9184180764081933,0.0001
69,0.49657131225247697,1.7693701664971557,0.0001
70,0.48160614068016355,1.753762515843252,0.0001
71,0.4705952321008411,1.8119086993011706,0.0001
72,0.46268953277110947,1.7801816544334752,0.0001
73,0.44866173068516796,1.8447779671262878,0.0001
74,0.4367599367363942,1.7724758569161105,0.0001
75,0.42459263520009244,1.8390848374320945,0.0001
76,0.41924851039405775,1.7186855433602413,0.0001
77,0.40711919990428225,1.8909036980553933,0.0001
78,0.3999886451002486,1.9180616208019767,0.0001
79,0.3904358086969968,1.7514871531773928,0.0001
80,0.37648824341964854,1.8003200095860772,0.0001
81,0.3709846691293849,1.826287614809254,0.0001
82,0.36115910221853814,1.86015770701572,0.0001
83,0.3559392289229121,1.8765234447917856,0.0001
84,0.3487524738594688,1.8428637249105524,0.0001
85,0.34062456030929983,1.7321391112167832,0.0001
86,0.3322750583876896,1.7968939443274472,0.0001
87,0.3249362544799951,1.8640627745008016,0.0001
88,0.3191692185044316,1.8676509812991267,0.0001
89,0.3151967715484682,1.6634645803539503,0.0001
90,0.3097867794298203,1.738473190863715,0.0001
91,0.3029395219291054,1.727166358170011,0.0001
92,0.2949088362981565,1.7095849483871175,0.0001
93,0.2886941215916977,1.798418121963017,0.0001
94,0.2871150370317285,1.657730864526572,0.0001
95,0.28071216228884033,1.7073688299994185,0.0001
96,0.2776434787168041,1.7440332549300712,0.0001
97,0.27416806389107756,1.8735968752987575,0.0001
98,0.2697677412278525,1.6072095438422802,0.0001
99,0.2645633241223364,1.6643119903184491,0.0001
100,0.2594842484427008,1.8509776865263892,0.0001
End of training: 2022-08-01 23:53:49

Loss min training: 0.2594842484427008

Loss min val: 1.3214636793510248

Best epoch: 17

Correlação: (0.5238788660739928, 0.0)




--> Fold: 9

Format of train data: frames: 131637 , pressures: 131637 

Format of validation data: frames: 47208 , pressures: 47208 

Option shuffle: True

Begin of training: 2022-08-01 23:53:55

Epoch,train_loss,val_loss,lr
1,7.3547191316817,1.7598555667625406,0.0001
2,2.5455707435986015,1.442028470290675,0.0001
3,2.3928388866376324,1.5223396456942602,0.0001
4,2.300627247646785,1.5163515352370516,0.0001
5,2.2416863488503687,1.5434906187552029,0.0001
6,2.1891005093505274,1.6638427996025351,0.0001
7,2.13304595887877,1.4546711791311153,0.0001
8,2.0700396432665187,1.4214367017243357,0.0001
9,2.0130266454321117,1.8381887055558483,0.0001
10,1.9722371867907886,1.6049439948285118,0.0001
11,1.930928011151627,1.512332629478699,0.0001
12,1.8784403037768438,2.1146206082256946,0.0001
13,1.8507045572896208,1.7188925572804041,0.0001
14,1.8251918854314761,1.873273216956875,0.0001
15,1.7674075841642876,1.506319364376582,0.0001
16,1.7301507753654535,1.6597855127861774,0.0001
17,1.7055766898662545,1.5050963868409613,0.0001
18,1.6644307750738287,1.7373719025700602,0.0001
19,1.6296042630119627,1.8207095081857494,0.0001
20,1.598915482784135,1.8832947561001903,0.0001
21,1.5614142940116795,1.8589868799263574,0.0001
22,1.548598065124129,1.9070924242721374,0.0001
23,1.5012126168960058,1.8097730529366904,0.0001
24,1.4651283149055911,1.7038004678339296,0.0001
25,1.4431666942760153,2.131477124709999,0.0001
26,1.4114337924188987,2.0146642490840123,0.0001
27,1.3820185505119573,2.190634751800682,0.0001
28,1.3530668826776862,1.9360967545039856,0.0001
29,1.338155604294391,1.8241437375596006,0.0001
30,1.2973451195403654,2.126842134424315,0.0001
31,1.2673252671337818,1.8863059284120995,0.0001
32,1.2302346975868923,1.5874595721683913,0.0001
33,1.2171085851006664,1.6557501350958617,0.0001
34,1.1844795914450539,1.875105553411908,0.0001
35,1.1620980011802577,1.8622911916084561,0.0001
36,1.1353788387491337,2.150263018616982,0.0001
37,1.1055447858536733,1.7530965983231297,0.0001
38,1.0848058628730948,1.8591323915002225,0.0001
39,1.0527664543749458,2.195287503341238,0.0001
40,1.0342246810815252,1.8401189793814765,0.0001
41,1.0063658167239555,1.690808461290601,0.0001
42,0.9858316461726994,1.8446123094967595,0.0001
43,0.9627826561126311,1.6135608009151878,0.0001
44,0.9440013045759763,1.8275832196975679,0.0001
45,0.9159665554337391,1.8562640620174902,0.0001
46,0.9054296020080026,1.784788301932046,0.0001
47,0.8718579280870615,1.7383505990799757,0.0001
48,0.8523920673712834,1.7006498780458221,0.0001
49,0.8240740296652975,1.6354735733957295,0.0001
50,0.8093820332283643,1.6261101472662618,0.0001
51,0.7905456317347984,1.6209105343924521,0.0001
52,0.7717528275879044,1.8008301316267594,0.0001
53,0.7516006208677263,1.746318966993698,0.0001
54,0.7322621572859598,1.7233334386415389,0.0001
55,0.715404873702998,1.5001409322482977,0.0001
56,0.6936739634149713,1.6124205307684962,0.0001
57,0.6794770550515755,1.5450683391977016,0.0001
58,0.660809403826489,1.7808225597290444,0.0001
59,0.6412144302334745,1.784648877243898,0.0001
60,0.6261113102009062,1.5740541522835416,0.0001
61,0.601656813992433,1.6426963830192176,0.0001
62,0.5962453944419258,1.4564741648489934,0.0001
63,0.5799922950389395,1.7346301796759132,0.0001
64,0.5641127457043174,1.7285558994978771,0.0001
65,0.5487665029741092,1.7092660355216425,0.0001
66,0.5388373532252356,1.6649783961329696,0.0001
67,0.5226525613108167,1.7047070357541354,0.0001
68,0.511480882222206,1.581999468492302,0.0001
69,0.49427212233900636,1.7465838788020733,0.0001
70,0.4854284658478699,1.8627360265470323,0.0001
71,0.47093712389222375,1.555361604997615,0.0001
72,0.4577390765109976,1.6755350855846887,0.0001
73,0.4530942137280286,1.656111981581478,0.0001
74,0.43649020806969535,1.665139395187435,0.0001
75,0.42840357954643815,1.7278758730247574,0.0001
76,0.4183284372361386,1.5474211945006089,0.0001
77,0.4032321803612103,1.6645398064399852,0.0001
78,0.3949105396148099,1.5128841790036214,0.0001
79,0.3905160932732535,1.649057940050134,0.0001
80,0.37764318685572296,1.6200897277684319,0.0001
81,0.3723153844380093,1.6449175437533883,0.0001
82,0.36305091583622023,1.62903314846044,0.0001
83,0.352774173783145,1.6129804993257586,0.0001
84,0.34505878042798743,1.60184502633946,0.0001
85,0.33761747124759517,1.5960139438795289,0.0001
86,0.33167927431361305,1.5668416786468589,0.0001
87,0.3259741847425924,1.6690184421972427,0.0001
88,0.31784342296470597,1.6288571081976024,0.0001
89,0.3152922139688899,1.6392867930398878,0.0001
90,0.30461305246496634,1.7106817089850732,0.0001
91,0.3031647985233083,1.6214049637186347,0.0001
92,0.29470906642609734,1.5876089242368892,0.0001
93,0.289205015004503,1.6709476079077785,0.0001
94,0.2828738752143844,1.6518326527717617,0.0001
95,0.27931407753249415,1.616078987462584,0.0001
96,0.27499760269149276,1.6885123220748204,0.0001
97,0.27167193356786257,1.5603430482658809,0.0001
98,0.2660543355601397,1.666429317834882,0.0001
99,0.26201917633267224,1.6244077573002769,0.0001
100,0.258503590091992,1.674823302694184,0.0001
End of training: 2022-08-02 00:35:44

Loss min training: 0.258503590091992

Loss min val: 1.4214367017243357

Best epoch: 8

Correlação: (0.4812252030808939, 0.0)


