
Dispositivo usado pelo Pytorch: cuda

*****************************************

-----> GRID 1:   hyperparameters
0             100
1            adam
2              32
3             0.2
4          0.0001
5             0.5

 LSTM =True


 option_overlap=True , option_causal=False ,option_dropout_lstm=0.5



--> Fold: 0

Format of train data: frames: 118655 , pressures: 118655 

Format of validation data: frames: 48176 , pressures: 48176 

Option shuffle: True

Begin of training: 2022-07-03 02:37:23

Epoch,train_loss,val_loss,lr
1,7.287772404461864,1.7156394043660805,0.0001
2,1.490966906982971,1.961647632469651,0.0001
3,1.3539161267300068,1.8583454062320275,0.0001
4,1.2878191891986859,1.843606168785906,0.0001
5,1.2395226251370215,1.9183253271165617,0.0001
6,1.1891410079136404,2.0277935447426816,0.0001
7,1.157919992572624,1.735564647382852,0.0001
8,1.120112168579436,1.8796863540071698,0.0001
9,1.096666280537408,1.919825329569953,0.0001
10,1.0661447879291657,1.8383190909401201,0.0001
11,1.0467238975944615,1.8777633079537044,0.0001
12,1.0226127334226978,1.9801019966226208,0.0001
13,0.9969525791084584,2.301145651973153,0.0001
14,0.976663777479696,2.3769690781010224,0.0001
15,0.9576770367807637,2.3153369475424546,0.0001
16,0.938489080428836,2.3257180082564415,0.0001
17,0.9237571307377178,2.536778962283545,0.0001
18,0.8972313920283437,2.3069679651178028,0.0001
19,0.8868624400300849,2.5251039961808863,0.0001
20,0.8702409705080509,2.3083233994845336,0.0001
21,0.852589025964006,2.1431637587479204,0.0001
22,0.8446084515725228,2.6674384181185125,0.0001
23,0.8239089435122718,2.451894867424156,0.0001
24,0.81457932920644,2.447462230297229,0.0001
25,0.8014124478021306,2.192799151438647,0.0001
26,0.7885138882898881,3.065265586272461,0.0001
27,0.7760028345345457,2.76191371380392,0.0001
28,0.7597765212419497,2.877503172656857,0.0001
29,0.7471886248605842,2.6164490636976323,0.0001
30,0.7356925497539908,2.995182788478936,0.0001
31,0.7243867162360911,2.8202755134076383,0.0001
32,0.709038349408767,2.647417875826458,0.0001
33,0.7023936795663916,2.775279351778895,0.0001
34,0.6875045372147681,2.6843250446721827,0.0001
35,0.6752627625657687,2.82049658717368,0.0001
36,0.6625985423124403,2.610577400322176,0.0001
37,0.6528447554318544,2.9314142392347597,0.0001
38,0.6415677064865932,2.533118222766206,0.0001
39,0.6354916267909211,2.438521545418708,0.0001
40,0.625801952636165,2.648243595381109,0.0001
41,0.6163485617602169,2.4509181555067334,0.0001
42,0.60784980983018,2.6060132464076626,0.0001
43,0.6025284390765795,2.3953808184993974,0.0001
44,0.595337155893948,2.7093672654985865,0.0001
45,0.5812509211099011,2.612786337134451,0.0001
46,0.569771389871626,2.5771806390528584,0.0001
47,0.567440763836609,2.4728756715830915,0.0001
48,0.5618192670268047,2.6908143826078947,0.0001
49,0.5495520221220548,2.5837752791347395,0.0001
50,0.5377715175728306,2.8069133068073313,0.0001
51,0.5353188852660851,2.699219594639981,0.0001
52,0.5263376804980189,2.5501386103777346,0.0001
53,0.519289575616326,2.5066792596340655,0.0001
54,0.512801324711362,2.5480355973340316,0.0001
55,0.5048082453151362,2.3926654017989084,0.0001
56,0.5056462535662344,2.5198406339364765,0.0001
57,0.48994438845892985,2.466550453918315,0.0001
58,0.4911192703980983,2.4888860285381114,0.0001
59,0.48698530767319714,2.5501871564308303,0.0001
60,0.4706290011477578,2.5880812199477616,0.0001
61,0.4693543446332243,2.4526888976576955,0.0001
62,0.4613133727984263,2.42233946449295,0.0001
63,0.4577030457820288,2.3782975525208303,0.0001
64,0.45159491786894096,2.5168994615260885,0.0001
65,0.44032991663086785,2.533743383400625,0.0001
66,0.43722183256192293,2.4890576991398286,0.0001
67,0.4341881754731796,2.5221809255288945,0.0001
68,0.4301198100431856,2.403785669577949,0.0001
69,0.42222324047919085,2.3463953851426176,0.0001
70,0.4237857798562832,2.4636580866462405,0.0001
71,0.41360933174777936,2.423857852178173,0.0001
72,0.40871124345339693,2.0862164072165337,0.0001
73,0.4016731762016002,2.371467946732571,0.0001
74,0.399556307026903,2.6827326064805024,0.0001
75,0.39415037019415233,2.478478469946819,0.0001
76,0.3865772621547029,2.276853128985605,0.0001
77,0.38795448044379105,2.582238542404099,0.0001
78,0.38164543508327964,2.457380138968598,0.0001
79,0.3757702438299155,2.371542763805041,0.0001
80,0.3731690648653872,2.2486934631775877,0.0001
81,0.3680753917815607,2.3419579523657297,0.0001
82,0.36474400779238586,2.3545272546288025,0.0001
83,0.35822433042926105,2.3316267159879107,0.0001
84,0.3559616160625845,2.536141197295808,0.0001
85,0.35483510046851985,2.3194631526178,0.0001
86,0.34874930968729073,2.22185979638532,0.0001
87,0.3406406907199191,2.2834928625249975,0.0001
88,0.34076870216073896,2.364055342113643,0.0001
89,0.33485017003379514,2.2420767201652008,0.0001
90,0.3291890750617124,2.2153316457894743,0.0001
91,0.3303815729247047,2.2461376944794997,0.0001
92,0.3257133679682112,2.2861781926774296,0.0001
93,0.3216582815212404,2.2978237384341953,0.0001
94,0.317295700783354,2.255605134208588,0.0001
95,0.3132650280022891,2.3788613988014204,0.0001
96,0.3121320749639254,2.207728097740498,0.0001
97,0.3051186033172506,2.0365485087536928,0.0001
98,0.30364688527071193,2.222135426039238,0.0001
99,0.3002453955608475,2.2215605662614157,0.0001
100,0.29788477735670915,2.316858855722276,0.0001
End of training: 2022-07-03 03:13:15

Loss min training: 0.29788477735670915

Loss min val: 1.7156394043660805

Best epoch: 1

Correlação: (0.5003256042512123, 0.0)




--> Fold: 1

Format of train data: frames: 122682 , pressures: 122682 

Format of validation data: frames: 44149 , pressures: 44149 

Option shuffle: True

Begin of training: 2022-07-03 03:13:22

Epoch,train_loss,val_loss,lr
1,7.369473417627203,2.3682191422572694,0.0001
2,1.5104525297594982,1.9710601661188496,0.0001
3,1.3733544447617105,2.0899236501957565,0.0001
4,1.3012183954690038,2.0391459001976706,0.0001
5,1.2339196880990786,1.95155473623155,0.0001
6,1.2041787938223871,2.0133908819014437,0.0001
7,1.159094514661558,1.8507844855332878,0.0001
8,1.1226208728846578,1.9410585623618692,0.0001
9,1.1083226954911134,1.927298877508649,0.0001
10,1.072600040524254,1.9184212725349734,0.0001
11,1.0472614896209809,1.9299653036310496,0.0001
12,1.025990477792343,1.8936580937376768,0.0001
13,1.0013842928810108,2.1451278320241562,0.0001
14,0.9782300361906245,1.702745775263367,0.0001
15,0.9632193166593455,1.9174025595429804,0.0001
16,0.9403457918597341,1.7071502419700089,0.0001
17,0.9322873431008558,1.8950428566648299,0.0001
18,0.9113981467938529,1.8071368033193258,0.0001
19,0.8959562832790562,2.1701123717579205,0.0001
20,0.8776247385314232,1.7823447942539352,0.0001
21,0.8640105009421015,1.8594189241827892,0.0001
22,0.8473194403864559,1.8327681680058199,0.0001
23,0.8305551860932062,1.8679655016490608,0.0001
24,0.820888826898032,1.8252195873822996,0.0001
25,0.8005570352997677,1.8763983733613683,0.0001
26,0.7872718422538532,1.877788187091263,0.0001
27,0.7793553065407123,1.8349591018108689,0.0001
28,0.7662703333119282,2.0136569998872336,0.0001
29,0.7559161855705296,1.9569934573799204,0.0001
30,0.7451671916730997,1.7872206252272902,0.0001
31,0.7311084150560613,1.9864397485106768,0.0001
32,0.7190685020470471,1.891457319097634,0.0001
33,0.7080836368356098,2.2465940741559067,0.0001
34,0.699363197641893,2.041977705692294,0.0001
35,0.6812761229097185,1.9691830398909553,0.0001
36,0.6744888782271901,1.940348190090395,0.0001
37,0.6621251420371815,2.1198445345883505,0.0001
38,0.6562860107756526,1.8740969354529762,0.0001
39,0.6442802806237635,1.9912158738970338,0.0001
40,0.6338376242729564,1.9984423330857364,0.0001
41,0.6274878398414516,1.849793147009581,0.0001
42,0.6150499260475513,1.9409836084430259,0.0001
43,0.6063973724971307,1.7300113847796872,0.0001
44,0.5984859263002401,2.314616972891028,0.0001
45,0.5890721245893001,1.8998571194004787,0.0001
46,0.5783101491265328,1.9689373563711914,0.0001
47,0.5738195782973609,2.183953918752731,0.0001
48,0.5621557047870006,2.0246528012854763,0.0001
49,0.5602998853165116,2.1056884831271248,0.0001
50,0.5527821231361776,2.216660713565701,0.0001
51,0.5413392993301978,1.9170868953963704,0.0001
52,0.5342510039293584,2.02796869156825,0.0001
53,0.5280410665922466,1.9475436418760528,0.0001
54,0.5219437298781171,2.1615684933591024,0.0001
55,0.5105567156575707,2.285651436769889,0.0001
56,0.5068992947561771,1.94440737983325,0.0001
57,0.5025762342078955,1.9981430818568584,0.0001
58,0.4905632941113929,2.113781975318428,0.0001
59,0.48854589221980493,1.9499047869731325,0.0001
60,0.48403248073547844,1.9675363928640563,0.0001
61,0.47375355723030876,1.8668486356476015,0.0001
62,0.46790844643239016,1.8828587580646308,0.0001
63,0.4600430556968377,2.066648290732128,0.0001
64,0.4601726496559339,1.8274922476135813,0.0001
65,0.45190605664964123,1.9974928325255483,0.0001
66,0.44523061313323803,2.061761390717616,0.0001
67,0.43900548313468635,1.9479393971911665,0.0001
68,0.43451994830380736,2.055974307153451,0.0001
69,0.4321164343835198,1.9404325823613333,0.0001
70,0.4246838955303308,1.983122692391347,0.0001
71,0.416133556196931,1.9701048548260633,0.0001
72,0.4162362022624344,1.9733670566864452,0.0001
73,0.41141218176520206,2.0580031325688632,0.0001
74,0.40329435921160756,2.0934452374428782,0.0001
75,0.4017341638399044,1.8869532819523185,0.0001
76,0.3966747552389169,1.985895334941193,0.0001
77,0.39124595066655926,2.109891160633041,0.0001
78,0.3862883819734204,2.0133633953644363,0.0001
79,0.3838944135410517,2.1597849616577984,0.0001
80,0.37453542082592794,2.0083046451981534,0.0001
81,0.37378934543725634,1.9226405040958967,0.0001
82,0.37226009562312057,2.306737350865089,0.0001
83,0.36415697335983127,2.0586560966663474,0.0001
84,0.3589389076960281,2.0496200438968653,0.0001
85,0.35793603745526104,2.0239662039727895,0.0001
86,0.35085265897071694,2.0190250500241786,0.0001
87,0.35300663069624927,2.0204502032074174,0.0001
88,0.34364662117103056,1.9737871255649764,0.0001
89,0.3416406873142507,2.1352011528303296,0.0001
90,0.33789416228705965,2.1421489881203883,0.0001
91,0.3328003425329841,2.0508771492440223,0.0001
92,0.33142265905581403,2.126680889373517,0.0001
93,0.32665035046582525,1.9576621053523906,0.0001
94,0.3230143124885503,2.0368494701055,0.0001
95,0.31997296974988215,2.030555695908945,0.0001
96,0.31758548805599424,2.086306267495998,0.0001
97,0.31284996488948213,2.014827317604406,0.0001
98,0.31156829113061724,2.0566501707022895,0.0001
99,0.3058957688154414,2.149847294067094,0.0001
100,0.3014878061592605,2.1968910582065746,0.0001
End of training: 2022-07-03 03:49:30

Loss min training: 0.3014878061592605

Loss min val: 1.702745775263367

Best epoch: 14

Correlação: (0.511752474405055, 0.0)




--> Fold: 2

Format of train data: frames: 127377 , pressures: 127377 

Format of validation data: frames: 39454 , pressures: 39454 

Option shuffle: True

Begin of training: 2022-07-03 03:49:36

Epoch,train_loss,val_loss,lr
1,7.30604173771805,1.5332194471308491,0.0001
2,1.588172819206424,1.4702731678814245,0.0001
3,1.425206920470902,1.7537170717887474,0.0001
4,1.3529851470418892,1.9564450212563627,0.0001
5,1.291640011081321,2.3198130230839085,0.0001
6,1.243169692249643,1.8293611172783264,0.0001
7,1.2040053610862453,2.172610134658324,0.0001
8,1.1743390170488122,2.3897263760343606,0.0001
9,1.1374086869399647,2.2319326466262424,0.0001
10,1.1077404501353407,2.071407693817569,0.0001
11,1.0793667582845576,2.3386548495591186,0.0001
12,1.051153165903631,2.1727748724755234,0.0001
13,1.0291799015563545,2.228803302027459,0.0001
14,1.0086292389367064,2.264452458225648,0.0001
15,0.9941846043997102,2.293015357695923,0.0001
16,0.9733364498249243,2.1605894321567924,0.0001
17,0.9469395492824584,2.115468879571983,0.0001
18,0.9334271915011718,2.468467713610934,0.0001
19,0.916802774181149,2.264591380091913,0.0001
20,0.9015446229604575,2.251154319661227,0.0001
21,0.8814846869567952,2.440035939319344,0.0001
22,0.8654261344857817,2.263264316090485,0.0001
23,0.8491711196222812,2.3149853042384607,0.0001
24,0.8354763988573427,1.955549478990148,0.0001
25,0.8207826828796475,2.4090587251141775,0.0001
26,0.8119835470215431,2.484873186661504,0.0001
27,0.7963972667501615,2.4022163964444276,0.0001
28,0.7828347661362183,2.0502260147229023,0.0001
29,0.7766602877045937,2.521262867002206,0.0001
30,0.7639611663972742,2.10903894648076,0.0001
31,0.7504337404895387,2.2081808792376667,0.0001
32,0.7331297172539626,2.4500310208821987,0.0001
33,0.7264457002641402,2.4123281743780627,0.0001
34,0.7078373522574565,2.2302722557393415,0.0001
35,0.6994963012447889,2.327011992506305,0.0001
36,0.6868836206108877,2.6870028788074016,0.0001
37,0.6753832022312073,2.5628070694244705,0.0001
38,0.6727581146030552,2.281836601744773,0.0001
39,0.6553645693168433,2.0753800040741206,0.0001
40,0.6492759372646202,2.2664310863571933,0.0001
41,0.6355066070913529,2.216038310401504,0.0001
42,0.634237015986782,2.335714510198166,0.0001
43,0.6196856410619418,2.3705532397683395,0.0001
44,0.6092407096997724,2.2921785016909997,0.0001
45,0.6003233417548661,2.3562765330425197,0.0001
46,0.5941578627823126,2.1606578159641674,0.0001
47,0.5872239662144939,2.6272656811578665,0.0001
48,0.5688548125274868,2.4984862352520985,0.0001
49,0.5724087800514072,2.360291405964618,0.0001
50,0.5628187616838359,2.35894113566054,0.0001
51,0.5558388488899348,2.4137300703416407,0.0001
52,0.5422153989996198,2.3226534732302873,0.0001
53,0.5337723762926322,2.2964354671007983,0.0001
54,0.5316610013666905,2.0998398957627407,0.0001
55,0.5210053454587523,2.4364059363229957,0.0001
56,0.5186172196704897,2.1502006108431977,0.0001
57,0.5109535170265727,2.281678080165985,0.0001
58,0.5047653680019843,2.3168476207780726,0.0001
59,0.49408334693049216,2.3844928496352997,0.0001
60,0.48801603339122845,2.4137863300560563,0.0001
61,0.4801633260918439,2.2012704668534764,0.0001
62,0.4834303137015605,2.2908484489307295,0.0001
63,0.4747090954859829,2.2475215995548017,0.0001
64,0.4663687773574782,2.3914820938711747,0.0001
65,0.46155641351209825,2.2566888164252052,0.0001
66,0.45264138951468874,2.1927979154896673,0.0001
67,0.4507671229044877,2.1699536310869254,0.0001
68,0.44773252138424996,2.3027617068674315,0.0001
69,0.43828923822551746,2.0534288940315113,0.0001
70,0.43048814061249974,2.2879750948328867,0.0001
71,0.42772044029428685,2.3299760734424,0.0001
72,0.4236124408929026,2.416311526410922,0.0001
73,0.4182807013797333,2.228760374083669,0.0001
74,0.4120817081506378,2.1009028527887375,0.0001
75,0.40547713090003934,2.2893348357944197,0.0001
76,0.4031821234616282,2.0443600464104073,0.0001
77,0.40009612664470967,2.1290443088664244,0.0001
78,0.3918918839436536,2.2519665947251477,0.0001
79,0.3888964283090771,2.0377150502371437,0.0001
80,0.38272588316469064,2.172900343917825,0.0001
81,0.38125261490481094,2.0730136312219916,0.0001
82,0.372205531297797,2.091099602510063,0.0001
83,0.3686201771774194,2.1076716649137714,0.0001
84,0.36777404581741835,1.9867852796270402,0.0001
85,0.36279247163681816,1.9646216867879769,0.0001
86,0.3586195450305763,2.254600677033629,0.0001
87,0.35547616742572674,2.0492919134816923,0.0001
88,0.3503523632754523,2.085362248119293,0.0001
89,0.3465838429366337,2.04895765529895,0.0001
90,0.3435172424834873,2.0467248940338516,0.0001
91,0.33945035523925504,2.139209903935651,0.0001
92,0.33708894871251854,2.101753447889381,0.0001
93,0.3333131235326526,2.0133719478478005,0.0001
94,0.3270713442466071,1.9967371640326483,0.0001
95,0.32395154379719837,2.040166795879199,0.0001
96,0.32042099049194905,2.062310581823173,0.0001
97,0.3166957545326502,2.0460863564449165,0.0001
98,0.3114922277720214,2.021740146975755,0.0001
99,0.31076802876492177,2.1428691902193036,0.0001
100,0.3071233750219538,1.9787167076792098,0.0001
End of training: 2022-07-03 04:26:17

Loss min training: 0.3071233750219538

Loss min val: 1.4702731678814245

Best epoch: 2

Correlação: (0.5250335720403766, 0.0)




--> Fold: 3

Format of train data: frames: 125334 , pressures: 125334 

Format of validation data: frames: 41497 , pressures: 41497 

Option shuffle: True

Begin of training: 2022-07-03 04:26:22

Epoch,train_loss,val_loss,lr
1,6.8749885204537735,1.434142825827385,0.0001
2,1.5313011008509518,1.829752139307796,0.0001
3,1.40855885733309,1.741420062650562,0.0001
4,1.3432419653082805,1.3867855420425046,0.0001
5,1.2800743204319192,1.477677816830104,0.0001
6,1.231249010465691,1.9868043769878758,0.0001
7,1.1916492764622266,1.6422646748179928,0.0001
8,1.159161314481195,1.6440114704939843,0.0001
9,1.1273947969262823,1.609877659877668,0.0001
10,1.1050121034964784,1.812546570171726,0.0001
11,1.074407343967772,1.790556327177507,0.0001
12,1.0465694442478186,1.971464670106331,0.0001
13,1.0279482706071301,2.103274231052176,0.0001
14,1.0095235850708777,1.988754782070093,0.0001
15,0.9878669981220913,2.1343129357981487,0.0001
16,0.9701149023564376,2.1541321665780426,0.0001
17,0.9592282703069029,1.9241863692970533,0.0001
18,0.9325135826202787,2.024645534694018,0.0001
19,0.9116588004242191,2.1978847350741444,0.0001
20,0.9082566663533211,2.140420757270903,0.0001
21,0.886579334661682,1.9286143526725403,0.0001
22,0.8647003032242483,1.8780294705561065,0.0001
23,0.8553560298726057,2.022514187071896,0.0001
24,0.834628177358365,2.022137920345189,0.0001
25,0.8189758287933347,1.83231396187839,0.0001
26,0.8053582768713641,2.1383654430124746,0.0001
27,0.7988207018253461,2.0018846789943163,0.0001
28,0.7811204039845252,2.1045753069434374,0.0001
29,0.769421808998355,2.060749934656544,0.0001
30,0.7551356650728297,1.9591875983269313,0.0001
31,0.7427105728816774,2.44428133032628,0.0001
32,0.7313401167344832,1.825810435818147,0.0001
33,0.7223522258323809,2.195538707806995,0.0001
34,0.7094758847954533,2.6291283638094622,0.0001
35,0.6928261125689045,2.1074549426664073,0.0001
36,0.6816937467424999,2.301888458564528,0.0001
37,0.6753229296509698,2.0060682113415895,0.0001
38,0.6606274458939232,2.1716829768134263,0.0001
39,0.6583668980916585,2.0803825344772666,0.0001
40,0.6475556615320909,2.136189863297251,0.0001
41,0.6345162768777277,2.1700990815666765,0.0001
42,0.6239287293042718,2.271207818933966,0.0001
43,0.6205003350482821,2.118276221673397,0.0001
44,0.6065018480448618,2.2437418592772773,0.0001
45,0.5991114552508349,2.0105913552266474,0.0001
46,0.5882155486369659,2.2618998484424555,0.0001
47,0.5859966836847722,2.142049958890503,0.0001
48,0.571833879593042,2.0911290518194203,0.0001
49,0.5693849579570056,2.403066138708468,0.0001
50,0.5590560614833491,2.30992010729248,0.0001
51,0.5508178086073628,1.926004432168533,0.0001
52,0.5383517226823672,2.285047360522795,0.0001
53,0.5369320619319727,2.1358693726973943,0.0001
54,0.5272436384069139,1.9283187608993275,0.0001
55,0.5218756372597968,2.0941341995753406,0.0001
56,0.5124234818970145,2.2139143116443067,0.0001
57,0.50473702582349,2.0810021004923986,0.0001
58,0.49877768344402595,2.142052551848396,0.0001
59,0.4921426825131548,1.9302684572698652,0.0001
60,0.4847568050731921,2.103666571903525,0.0001
61,0.47693206965072044,2.3059418873404627,0.0001
62,0.4759719162655799,2.039743328156533,0.0001
63,0.4660010304083395,2.25553779511043,0.0001
64,0.4618629514957046,2.1431876432494343,0.0001
65,0.4545603487590982,2.126799399155773,0.0001
66,0.45235682708557706,2.2292417017876978,0.0001
67,0.44804517979023967,2.4538117678598583,0.0001
68,0.4381186282148516,2.106445412286825,0.0001
69,0.4365774061920971,2.1162346325676293,0.0001
70,0.42699768701911395,2.456206854387666,0.0001
71,0.4246767628214207,2.1791225467287934,0.0001
72,0.4210531300432155,2.165541284730165,0.0001
73,0.41391679167163503,2.6149532338304717,0.0001
74,0.4086811247669302,2.0984733163194402,0.0001
75,0.4028258829072917,2.3496167098085174,0.0001
76,0.3987182665896917,2.3641658806182058,0.0001
77,0.3915592506904787,2.1974443299777766,0.0001
78,0.39133826817773304,2.077137658173002,0.0001
79,0.38211380522068933,2.1819551528975296,0.0001
80,0.3784526910785684,2.2551901311642504,0.0001
81,0.37315082859357246,2.3201311605851167,0.0001
82,0.3708790441225713,2.4315430280038854,0.0001
83,0.366512603376421,2.0687853421585087,0.0001
84,0.36018912435141015,2.1781758254794186,0.0001
85,0.35765952332790946,2.1065463007256264,0.0001
86,0.35198954658245063,2.1077871192267774,0.0001
87,0.34937323241009205,2.465033114161851,0.0001
88,0.34497213474692223,2.243658444075756,0.0001
89,0.34149194112323117,2.444156245363475,0.0001
90,0.3369772806679236,2.4288314202264045,0.0001
91,0.33352159359422884,2.3721743769498262,0.0001
92,0.33089819951987415,2.285377274203749,0.0001
93,0.3253684631453753,2.2200163512223368,0.0001
94,0.3213584751367725,2.132161875295332,0.0001
95,0.3159723849325256,2.2139025241876995,0.0001
96,0.3155239305344396,2.318900273372332,0.0001
97,0.3135994330367428,2.260368780379991,0.0001
98,0.30913425323648036,2.2177854707580784,0.0001
99,0.3039041223075468,2.0241401573576163,0.0001
100,0.30149666530982067,2.2064636151388495,0.0001
End of training: 2022-07-03 05:02:43

Loss min training: 0.30149666530982067

Loss min val: 1.3867855420425046

Best epoch: 4

Correlação: (0.4228877911885026, 0.0)




--> Fold: 4

Format of train data: frames: 127998 , pressures: 127998 

Format of validation data: frames: 38833 , pressures: 38833 

Option shuffle: True

Begin of training: 2022-07-03 05:02:49

Epoch,train_loss,val_loss,lr
1,7.12523484149574,1.7246112772589153,0.0001
2,1.472036882390022,1.4125975759488076,0.0001
3,1.3436822874881071,1.3909231769591335,0.0001
4,1.285968985411746,1.3630149937755365,0.0001
5,1.237458149366698,1.3216238299452008,0.0001
6,1.1909708965774455,1.3979867555889263,0.0001
7,1.1567657661075885,1.4681086220840855,0.0001
8,1.1228507216145212,1.5479235654235441,0.0001
9,1.0913427095099981,1.79976003036416,0.0001
10,1.0656112499750339,1.4493755261817551,0.0001
11,1.0367067883757104,1.6460715750380983,0.0001
12,1.011288607293184,1.4211027933868332,0.0001
13,0.9905117857513764,1.9302641993323157,0.0001
14,0.9724334790637008,1.790523649671059,0.0001
15,0.9565431982249487,1.8523711267134177,0.0001
16,0.9394339815404509,1.8627680550829115,0.0001
17,0.9194565416993599,1.7884341434848805,0.0001
18,0.9056773818554932,2.403398812042799,0.0001
19,0.8859696150017905,1.9999348888395252,0.0001
20,0.8705451881481887,2.2770213878388366,0.0001
21,0.8576792726753433,2.036369159966197,0.0001
22,0.8392709449976,2.1991442538853687,0.0001
23,0.8243777430154944,2.211476869544819,0.0001
24,0.8119409453576613,2.3224969634320165,0.0001
25,0.8021759250199088,1.8326870808350761,0.0001
26,0.7754836439011602,2.175167322671469,0.0001
27,0.7713009984748926,2.243376099323197,0.0001
28,0.7584759658296681,2.351634126490121,0.0001
29,0.7461321982015425,2.273428171149389,0.0001
30,0.731084014029631,2.128228798606494,0.0001
31,0.7193532599229571,2.148147041207685,0.0001
32,0.7078633717798505,2.4127479604230344,0.0001
33,0.6987675721472983,2.2432266717296856,0.0001
34,0.6868314361547678,2.425328575984291,0.0001
35,0.6724729768032077,2.288310086432749,0.0001
36,0.6604999893950206,2.6036671819803052,0.0001
37,0.6531171689925879,2.53151318614244,0.0001
38,0.6462854396700105,2.249110008561264,0.0001
39,0.6334838399320981,2.6413782775974584,0.0001
40,0.6245209282543602,2.4547183780038035,0.0001
41,0.6169839726978713,2.369020414423636,0.0001
42,0.6064810048330743,2.3327533664125757,0.0001
43,0.5949147702055996,2.165901645066776,0.0001
44,0.5855367691711079,2.0918442519083826,0.0001
45,0.5753588461071613,2.0918965007815973,0.0001
46,0.5673207212018603,1.9720613743530542,0.0001
47,0.5612172243665867,2.3154396480312216,0.0001
48,0.5481399829340092,2.2302682001536147,0.0001
49,0.5467348099234521,2.205467791480322,0.0001
50,0.5380500819328645,2.0428910358316257,0.0001
51,0.5236760115889464,2.251134926250003,0.0001
52,0.5216452173762837,2.227687926187801,0.0001
53,0.5147002958110888,2.271408460118924,0.0001
54,0.5045001947756296,2.2752591577672887,0.0001
55,0.4992525061686845,2.0623351911019694,0.0001
56,0.4939729232289187,1.8404490665900999,0.0001
57,0.4884054023664734,1.9785602320951365,0.0001
58,0.4773000635432665,2.095463007511242,0.0001
59,0.47598903314473356,2.095819188291535,0.0001
60,0.46870885459398354,2.219538519839446,0.0001
61,0.45969143995743383,2.039148400117995,0.0001
62,0.46006020886916404,2.027594365869283,0.0001
63,0.447784982367764,1.9519841886397398,0.0001
64,0.44085145462078795,1.8721914335955236,0.0001
65,0.44188509506237417,2.197902206845586,0.0001
66,0.43532011695730627,2.027025557827858,0.0001
67,0.4253987439592495,2.241078786854519,0.0001
68,0.41897644625682173,1.9696455350068425,0.0001
69,0.41573747982783094,1.9951845705317324,0.0001
70,0.4127581576302334,2.1510295904296974,0.0001
71,0.4085749297275657,1.8812151756047915,0.0001
72,0.3993029376544379,2.040796802849613,0.0001
73,0.3971420317954851,1.8618556333079976,0.0001
74,0.39220269282748305,1.9088031399815792,0.0001
75,0.3868287504203625,1.913861579568148,0.0001
76,0.39003274858060294,1.9002765890062079,0.0001
77,0.37335173043946324,1.917983708959265,0.0001
78,0.369365725466571,1.9768925625293194,0.0001
79,0.36798290987244175,1.817043948261933,0.0001
80,0.36140215349010374,1.955120695612572,0.0001
81,0.358846562054737,1.8507169878302008,0.0001
82,0.35695768762750385,1.8757859978291382,0.0001
83,0.3521568004425679,1.8567732539816195,0.0001
84,0.3450197617691639,1.865567392095015,0.0001
85,0.3471336082485751,1.9104895243252886,0.0001
86,0.3368074521416565,1.8505181119483305,0.0001
87,0.33630406160921167,1.8544714551556105,0.0001
88,0.33158162869895463,1.9421409476418254,0.0001
89,0.32605680777737156,1.7752234018137836,0.0001
90,0.3228471646091115,1.7459776095921835,0.0001
91,0.31779917293355703,1.9497241790334001,0.0001
92,0.317750674346646,1.8671152781019484,0.0001
93,0.310763425959388,1.941977234365361,0.0001
94,0.30893004069479335,1.7778054527571718,0.0001
95,0.3032251423361801,1.7372935899050006,0.0001
96,0.3007432465973857,1.8644915445021664,0.0001
97,0.30063362320045317,1.8695729979987898,0.0001
98,0.2963962403542791,1.9285575728963726,0.0001
99,0.2912579511576875,1.7897474392889776,0.0001
100,0.28822265926288493,1.9466267100745447,0.0001
End of training: 2022-07-03 05:39:27

Loss min training: 0.28822265926288493

Loss min val: 1.3216238299452008

Best epoch: 5

Correlação: (0.45850821742029735, 0.0)




--> Fold: 5

Format of train data: frames: 123787 , pressures: 123787 

Format of validation data: frames: 43044 , pressures: 43044 

Option shuffle: True

Begin of training: 2022-07-03 05:39:33

Epoch,train_loss,val_loss,lr
1,6.309685651834228,2.731621588531585,0.0001
2,1.421612562705428,2.6100120798782194,0.0001
3,1.3145275092334299,2.523037549499109,0.0001
4,1.2570166911876006,2.555405425533532,0.0001
5,1.204365683614351,2.5923760930309396,0.0001
6,1.159993397130416,2.673265101408695,0.0001
7,1.1267678909991974,2.6424239676810255,0.0001
8,1.0893752514125237,2.773657451197955,0.0001
9,1.0692019127445047,2.891243202670136,0.0001
10,1.033230555526805,2.670152512505954,0.0001
11,1.016180491748296,2.7435758355137763,0.0001
12,0.9894669915683971,2.8937113319073853,0.0001
13,0.9613449299894127,2.7824610452782252,0.0001
14,0.9460191104256205,2.7920495109613053,0.0001
15,0.9263272960662055,3.1018742826190784,0.0001
16,0.9121247978866149,2.6758888141117003,0.0001
17,0.8877608825562839,2.508216088073602,0.0001
18,0.8726621172799222,2.7268559526925236,0.0001
19,0.8569665890972578,2.528512041737805,0.0001
20,0.8455706260029373,2.175146691695696,0.0001
21,0.831621086927662,2.5451106679072866,0.0001
22,0.8078556193832154,2.2280272465081876,0.0001
23,0.7920620323596892,2.4389986097895737,0.0001
24,0.781396124110047,2.885804429615688,0.0001
25,0.7648563590022163,2.305348838287352,0.0001
26,0.7533365500350127,2.6269539984260035,0.0001
27,0.7440913382829195,3.7155054220645005,0.0001
28,0.7286997186278301,2.6880996970369986,0.0001
29,0.7160996641777948,2.621607062708278,0.0001
30,0.7039891223760533,2.6492510611833047,0.0001
31,0.6896085526833288,2.520264258172895,0.0001
32,0.6798496788094116,2.954042990891622,0.0001
33,0.6698563465846774,2.603096100347058,0.0001
34,0.6594766772566574,2.52829844233117,0.0001
35,0.6442361861951038,2.5873782088151485,0.0001
36,0.6421413844483073,2.4422106910356747,0.0001
37,0.6277330955201188,2.641301364551279,0.0001
38,0.6193967909666914,2.6085538798776127,0.0001
39,0.6103684350359345,2.523759106102624,0.0001
40,0.6003349449665234,2.594050145882588,0.0001
41,0.5894863617180693,2.55813758992072,0.0001
42,0.5820783520048802,2.888808511710612,0.0001
43,0.5756928385099982,2.7069780992293997,0.0001
44,0.56735909644084,3.126145431038483,0.0001
45,0.5621906360554366,2.7240743775115606,0.0001
46,0.5494736328714908,2.6590831486911384,0.0001
47,0.5456040702100009,2.5604896090773113,0.0001
48,0.539571187972485,3.056127106242769,0.0001
49,0.5291235608842393,2.9420902813891145,0.0001
50,0.52332140217672,2.6471531724367052,0.0001
51,0.5145959407313839,3.4864722704224933,0.0001
52,0.5098735075515457,2.944234443025489,0.0001
53,0.5048085846310764,2.8585522046109997,0.0001
54,0.49205875158778445,3.134244084745942,0.0001
55,0.4892280755919127,2.9787891835663887,0.0001
56,0.48423218807620244,2.9461832308168803,0.0001
57,0.47668915311914056,3.025184001768403,0.0001
58,0.4672226425988679,2.881141312048566,0.0001
59,0.46627335623993094,3.075959044466142,0.0001
60,0.45570110098222444,2.8093002326159926,0.0001
61,0.4521396291255277,3.1206793446997687,0.0001
62,0.44531815691568877,2.930873184197012,0.0001
63,0.4438024879881899,2.9153820242029664,0.0001
64,0.43518364561383466,2.952671732205505,0.0001
65,0.4299457104406278,3.167751247051336,0.0001
66,0.4258853106017806,3.030333463946923,0.0001
67,0.42105826341260433,2.729983144483982,0.0001
68,0.4162597139344491,2.828269082943133,0.0001
69,0.4092318143369701,2.8603851133402745,0.0001
70,0.40442328715205084,3.2947983104559406,0.0001
71,0.40226185182266344,3.0779782503846076,0.0001
72,0.3939912786974866,3.234309414374475,0.0001
73,0.3940745441582923,2.8402157111655777,0.0001
74,0.38791148697616235,3.1637065522057695,0.0001
75,0.3850217819487365,3.00715830298164,0.0001
76,0.3763160897137459,3.534215673329318,0.0001
77,0.380747272979184,3.2411987863279563,0.0001
78,0.36826906513848834,3.0001295808633124,0.0001
79,0.3667400717950525,2.987131367672687,0.0001
80,0.3629958527366786,2.765845675770207,0.0001
81,0.3568453691268457,2.8048714626323954,0.0001
82,0.35373180367324186,2.9204877517267893,0.0001
83,0.34950706873870957,2.7113330713845842,0.0001
84,0.34884273229575835,2.8289489791291587,0.0001
85,0.3434285723986919,2.9621675357689212,0.0001
86,0.3390407689905292,3.1685674706529854,0.0001
87,0.33397433659117026,3.18807765509424,0.0001
88,0.3332635975654112,3.37848521670315,0.0001
89,0.32732593172233293,2.8812720823959284,0.0001
90,0.32356419360418964,3.0799336969137925,0.0001
91,0.321529109817779,2.799088808220898,0.0001
92,0.31699673709508486,2.7444614858922436,0.0001
93,0.31611039002948116,2.863235114210324,0.0001
94,0.31045104632272696,3.042436009323649,0.0001
95,0.3036862140555579,3.031197061459822,0.0001
96,0.3036523023632662,3.089654078399168,0.0001
97,0.29827849031702314,2.9628118289335656,0.0001
98,0.2977182520925963,2.775174200396347,0.0001
99,0.292333783611541,3.106651399284255,0.0001
100,0.2933941089887492,3.066201679946521,0.0001
End of training: 2022-07-03 06:15:32

Loss min training: 0.292333783611541

Loss min val: 2.175146691695696

Best epoch: 20

Correlação: (0.09869245479281152, 1.2797296412257592e-93)




--> Fold: 6

Format of train data: frames: 125799 , pressures: 125799 

Format of validation data: frames: 41032 , pressures: 41032 

Option shuffle: True

Begin of training: 2022-07-03 06:15:38

Epoch,train_loss,val_loss,lr
1,6.295122537671933,1.6196826252702106,0.0001
2,1.5454045620357595,1.4378340064979571,0.0001
3,1.4189186804449938,1.634203716406559,0.0001
4,1.3415199704761123,1.6065088299241626,0.0001
5,1.3053378598949812,1.6711746271322707,0.0001
6,1.2612958654970619,2.4933586930828873,0.0001
7,1.222655082540886,2.6357371825692155,0.0001
8,1.1882039007535017,2.288754486159103,0.0001
9,1.1578884356580919,2.864909040972047,0.0001
10,1.1279028281609162,2.76131640574834,0.0001
11,1.1011557378259407,2.533470052379594,0.0001
12,1.0823383621416556,3.0820353872991255,0.0001
13,1.04868299789723,3.128471874405148,0.0001
14,1.0315937788965275,3.3135632170782983,0.0001
15,1.0163422432050722,3.784309494771974,0.0001
16,0.998739364343362,4.40411187031739,0.0001
17,0.9752311950829193,4.232262188520411,0.0001
18,0.9528259484797991,3.3665599057399684,0.0001
19,0.9324035349102128,4.402126637646784,0.0001
20,0.9200091046542501,4.378841796844506,0.0001
21,0.9027760408568255,5.62148479774789,0.0001
22,0.8910160245853236,5.092171333016975,0.0001
23,0.865832580166997,5.304549957999804,0.0001
24,0.8574500559162815,4.6426087917001375,0.0001
25,0.8386451376086772,4.740083113309816,0.0001
26,0.8242868071305587,4.167426460457257,0.0001
27,0.8129244591409398,5.0542389317826935,0.0001
28,0.7954359298614749,4.184974322334836,0.0001
29,0.7860681631599038,3.913747791380277,0.0001
30,0.7700415741084006,4.430301113281131,0.0001
31,0.7643136362899505,4.787536940255763,0.0001
32,0.744942813860828,5.232884975454918,0.0001
33,0.7282309434887889,4.715104341460473,0.0001
34,0.7210733737668588,5.3315635991854196,0.0001
35,0.7065888148968714,5.029361796160613,0.0001
36,0.6977734649594243,5.160038750965151,0.0001
37,0.6850355716832651,4.69634640591027,0.0001
38,0.6723269720272875,4.911576274589945,0.0001
39,0.6671659984624699,4.471749175708181,0.0001
40,0.652673693627894,4.277200447743714,0.0001
41,0.6445001529355107,4.411611597634217,0.0001
42,0.6336728676019171,4.87036336665266,0.0001
43,0.6200940478036534,4.9354430773402775,0.0001
44,0.6081314495836921,4.8566676934901025,0.0001
45,0.6014640828374052,4.620083984610025,0.0001
46,0.5920541645023144,4.930014319019165,0.0001
47,0.5865354624649515,4.2776424757428835,0.0001
48,0.5772345693937988,4.819444402102305,0.0001
49,0.570834092621428,5.073508407293786,0.0001
50,0.5593910903791137,5.086271170915324,0.0001
51,0.5511531583307238,4.938218480268401,0.0001
52,0.5432592413893739,4.776569267164362,0.0001
53,0.5317490947157333,5.295688183829668,0.0001
54,0.5322655805389216,5.048945711983368,0.0001
55,0.5197572646699417,4.982938073489791,0.0001
56,0.5094569290816414,4.757264885481256,0.0001
57,0.5028933209426596,4.834069514279245,0.0001
58,0.5031383101846378,5.691129244891587,0.0001
59,0.49411838085492443,4.8118044994894955,0.0001
60,0.48768909689036355,5.479888146047728,0.0001
61,0.4759838396669432,4.7245687720696115,0.0001
62,0.47009315485363884,4.928056887377306,0.0001
63,0.46602597975201365,5.239271943763024,0.0001
64,0.4652699608675019,4.586755471053842,0.0001
65,0.45659668320132124,4.634777095866822,0.0001
66,0.44920762716083995,5.266332539045036,0.0001
67,0.4413387450547187,4.699544769208272,0.0001
68,0.44013741022566405,5.41911633852793,0.0001
69,0.43343080339362094,5.07707295944919,0.0001
70,0.427415553087629,4.8473324857508375,0.0001
71,0.4230843456399616,4.545742876558979,0.0001
72,0.40939046005455826,5.336326998422243,0.0001
73,0.4136554084434594,4.92227403497947,0.0001
74,0.4056305078674797,4.52657088026663,0.0001
75,0.40004913400751174,5.246209285904915,0.0001
76,0.3910840666047054,4.928296154529455,0.0001
77,0.3873934282119504,4.844846069894122,0.0001
78,0.387198564996761,4.033038332160627,0.0001
79,0.3830245605270014,4.87810513791482,0.0001
80,0.37594110584855367,4.379428412812476,0.0001
81,0.3708708047651712,5.18802381565892,0.0001
82,0.367347806309523,4.736552318417554,0.0001
83,0.3653090078397336,5.51614152592603,0.0001
84,0.3605140510550201,5.326184542189799,0.0001
85,0.35503076449952115,4.866773086022763,0.0001
86,0.35236367755267356,4.498239850412221,0.0001
87,0.3492825301048167,5.039757701615698,0.0001
88,0.34553258829618055,5.172791138613845,0.0001
89,0.33311147262607466,5.15599440998398,0.0001
90,0.3367098153851853,4.728159322030225,0.0001
91,0.3287333570892359,5.041032592649231,0.0001
92,0.32727723426482025,4.915426002745276,0.0001
93,0.3252508038048996,4.488083237210871,0.0001
94,0.31988234223636247,4.982771947674873,0.0001
95,0.31837588441769066,4.730304330895346,0.0001
96,0.3111792294506462,5.150225759784388,0.0001
97,0.30846479126229737,4.730132861127164,0.0001
98,0.3044573623449799,4.8707446412376365,0.0001
99,0.3018519253111753,4.81605477750499,0.0001
100,0.2988147314652913,4.428331829367801,0.0001
End of training: 2022-07-03 06:51:48

Loss min training: 0.2988147314652913

Loss min val: 1.4378340064979571

Best epoch: 2

Correlação: (0.46626457342719607, 0.0)




--> Fold: 7

Format of train data: frames: 121714 , pressures: 121714 

Format of validation data: frames: 45117 , pressures: 45117 

Option shuffle: True

Begin of training: 2022-07-03 06:51:54

Epoch,train_loss,val_loss,lr
1,7.060071726973395,1.751163878880946,0.0001
2,1.5318326919005998,1.7557531124279824,0.0001
3,1.3856818096177437,1.8563328807884585,0.0001
4,1.323908411400892,1.787179005366124,0.0001
5,1.2653774644107105,1.846085304116559,0.0001
6,1.217581398503898,1.8058030267970018,0.0001
7,1.1757667565719119,2.319754841670258,0.0001
8,1.1501597463511664,1.9611915104735376,0.0001
9,1.1135057529488828,1.7975954218695191,0.0001
10,1.0865006037694906,2.05950999394438,0.0001
11,1.073432902760163,2.0511248453734527,0.0001
12,1.0431392504061503,1.9833368245841452,0.0001
13,1.0265238014215519,1.7988749608124344,0.0001
14,0.9981003488393376,2.3019544546344743,0.0001
15,0.9831020452584968,2.0734023063675395,0.0001
16,0.9654254570762771,2.263893279924242,0.0001
17,0.9444083309115602,2.0137357713588706,0.0001
18,0.9332842452273362,2.1561712450963912,0.0001
19,0.9060061015535776,2.1600894524035077,0.0001
20,0.8964375988728042,2.1873743494401907,0.0001
21,0.8821348393676625,2.3003344653670896,0.0001
22,0.8635284302865671,2.232716191266,0.0001
23,0.8526699600824303,2.206082103787039,0.0001
24,0.8341661301072417,2.5224545334375614,0.0001
25,0.8298698497552717,2.4384039490004734,0.0001
26,0.8062315299167492,2.536982486325011,0.0001
27,0.7980605535303326,2.3952147368117345,0.0001
28,0.780708297425276,2.7811143602951702,0.0001
29,0.7709908340889184,2.7706742501125152,0.0001
30,0.7535122458202608,2.9735773813720026,0.0001
31,0.7479390915037171,2.4081858573400727,0.0001
32,0.7367604117376099,2.764543348575501,0.0001
33,0.7201255827690163,2.591611515818556,0.0001
34,0.7036544046586579,2.718472043691693,0.0001
35,0.6980133435186975,3.3186920656919994,0.0001
36,0.6858616447549415,2.9697633121475344,0.0001
37,0.6795157116812258,2.819079574468111,0.0001
38,0.6680841897534033,2.7801631266606215,0.0001
39,0.6560309400158005,2.805236983278646,0.0001
40,0.6479660494035638,3.5231486279815902,0.0001
41,0.6403432771807651,2.980096840347453,0.0001
42,0.6313935237917654,2.9672040948948757,0.0001
43,0.6210012499271853,2.8936590493950045,0.0001
44,0.6075600778776239,2.999229636046365,0.0001
45,0.6072713149816809,3.012519488841012,0.0001
46,0.5952569295635362,3.3327093977934186,0.0001
47,0.5890126968539995,3.4736274029131247,0.0001
48,0.579649922083094,2.8723557303052587,0.0001
49,0.5721955128252945,3.1287341250921363,0.0001
50,0.5665472243383677,2.956196557588499,0.0001
51,0.5542737360519273,3.0637925987265637,0.0001
52,0.543660778517708,3.3191485762197153,0.0001
53,0.5452889792875418,3.197266106646009,0.0001
54,0.5321067130782879,2.878274004174602,0.0001
55,0.5269382280461065,2.87770086648281,0.0001
56,0.5180088205334547,3.242064699302379,0.0001
57,0.5119814607093248,2.8225522469361337,0.0001
58,0.5056736135976613,2.9010104093129514,0.0001
59,0.4975536766493691,3.1737355892705317,0.0001
60,0.4951199073148768,3.171527229902272,0.0001
61,0.48786060421787725,2.82809609478188,0.0001
62,0.4812410201603179,3.2347251840957494,0.0001
63,0.47636178584593775,3.024932990501247,0.0001
64,0.47120270080276655,2.726694349094092,0.0001
65,0.463915840187229,3.0765426328747285,0.0001
66,0.4617576874818408,3.1457425881317804,0.0001
67,0.4516013373171055,3.0437347389988663,0.0001
68,0.44481106980297447,3.114474766642885,0.0001
69,0.44177504292820524,3.097390906069933,0.0001
70,0.43336434732003415,3.0966395991415614,0.0001
71,0.43227417366342125,2.841627409544984,0.0001
72,0.425527400599415,3.05622470787628,0.0001
73,0.42045183037846523,3.0340142469629976,0.0001
74,0.41622278762306014,3.213880969374823,0.0001
75,0.40892235758805784,3.2425671871226815,0.0001
76,0.4070299897864891,3.641415317538867,0.0001
77,0.3989830637254542,3.2563426159617035,0.0001
78,0.3959468970397571,3.148433626396958,0.0001
79,0.391735451775368,2.814292474720134,0.0001
80,0.3851380716688362,2.9036861936454774,0.0001
81,0.37903469898548436,2.832819646292128,0.0001
82,0.37429963550896206,3.2813364490538035,0.0001
83,0.37760611145482303,2.9029780137617385,0.0001
84,0.36838478475320857,2.8617461307184553,0.0001
85,0.3662346530811162,2.998685370629425,0.0001
86,0.3617564361255799,3.2683868435048136,0.0001
87,0.36094985695651516,3.06369230356015,0.0001
88,0.3541248288065396,2.9029239818982564,0.0001
89,0.34785893397263695,2.729488936421148,0.0001
90,0.34460226741869326,3.080622563979451,0.0001
91,0.3390016726553141,3.0973346875904326,0.0001
92,0.3426407096009153,3.1977801963095414,0.0001
93,0.3343483391429764,2.8523017493012364,0.0001
94,0.32955603600958705,3.1552783566739624,0.0001
95,0.32436167652197134,3.0342005129720993,0.0001
96,0.3212649225836068,2.93637256194591,0.0001
97,0.32251597233706114,2.9067928458495635,0.0001
98,0.3142783829242151,3.056092504967051,0.0001
99,0.31279432761983944,2.753421290529523,0.0001
100,0.3072346704897018,3.014369875466773,0.0001
End of training: 2022-07-03 07:27:34

Loss min training: 0.3072346704897018

Loss min val: 1.751163878880946

Best epoch: 1

Correlação: (0.32490295823056026, 0.0)




--> Fold: 8

Format of train data: frames: 132010 , pressures: 132010 

Format of validation data: frames: 46835 , pressures: 46835 

Option shuffle: True

Begin of training: 2022-07-03 07:27:40

Epoch,train_loss,val_loss,lr
1,6.364941938919837,1.4906426005001012,0.0001
2,1.481253053451901,1.3925000192643842,0.0001
3,1.358097850726451,1.5456091827296061,0.0001
4,1.2841521311705695,1.624780108802179,0.0001
5,1.2359281227449768,1.6507329858989843,0.0001
6,1.1851521690382523,1.5377039661322967,0.0001
7,1.1465739286665608,1.5999790782949848,0.0001
8,1.1214577029035107,1.5488612331753036,0.0001
9,1.0901885490473107,1.5968621034511217,0.0001
10,1.0580119136463249,1.6849953021109263,0.0001
11,1.0344805102060801,1.693059579043502,0.0001
12,1.009612776559281,1.7086660259342936,0.0001
13,0.9925208333965215,1.7297481505507095,0.0001
14,0.9696772177050885,1.3987175163011663,0.0001
15,0.9485038902378292,1.6393317408071482,0.0001
16,0.9291595536040118,1.63713793262825,0.0001
17,0.918518175873176,1.543656885126325,0.0001
18,0.8939818912018033,1.6394887514858627,0.0001
19,0.8848446069226718,1.6325020974354618,0.0001
20,0.8642054192072225,1.5448904996291415,0.0001
21,0.8469991336649236,1.5683810225797588,0.0001
22,0.8376818866605479,1.4578913556329338,0.0001
23,0.8231744540558558,1.6346442465620794,0.0001
24,0.8061705994954589,1.7845490600098868,0.0001
25,0.7926412834411191,1.7028380642708991,0.0001
26,0.780631460751397,1.5965097266097734,0.0001
27,0.7661538907708783,1.6275105637395295,0.0001
28,0.7574685509638681,1.7089073007129942,0.0001
29,0.7439015228412754,1.7176241769217446,0.0001
30,0.7316641667098513,1.7548372791736628,0.0001
31,0.7178758890229132,1.6727430663190785,0.0001
32,0.7119912208241862,1.7416552568813188,0.0001
33,0.6930172059691483,1.7074135109621547,0.0001
34,0.6828347983698747,1.858646339396345,0.0001
35,0.6784645348180018,1.665865499003282,0.0001
36,0.6588250762259867,1.7270591283895753,0.0001
37,0.6552482468758051,1.7697666492866353,0.0001
38,0.6440956258699755,1.6641123409776228,0.0001
39,0.6337143122450022,1.8331616203036878,0.0001
40,0.625368386426213,1.831280058329014,0.0001
41,0.6145348591792223,1.8332277748288728,0.0001
42,0.6047121785443964,1.7404235937023438,0.0001
43,0.5992796092852978,1.959510641193726,0.0001
44,0.5894032423532006,1.813873841106618,0.0001
45,0.5814130138794623,1.8606411718871685,0.0001
46,0.5707683990574381,1.8536504624581482,0.0001
47,0.5618181447826203,1.9261552067847572,0.0001
48,0.5553708333421337,1.761380018724173,0.0001
49,0.5466361279099667,1.833772388573096,0.0001
50,0.5450162996049993,1.6746131911379074,0.0001
51,0.5350989625026092,1.7430762338780843,0.0001
52,0.5272263989011661,1.7398220618175597,0.0001
53,0.5253707576525879,1.8233903614271028,0.0001
54,0.5123226307475308,1.968498244213806,0.0001
55,0.5077299293909784,1.7900721816888319,0.0001
56,0.4995051674780164,1.924581439375203,0.0001
57,0.497984303090755,1.8300691130780558,0.0001
58,0.48886003532280353,1.7969428758579473,0.0001
59,0.48342877285366354,1.791746518173352,0.0001
60,0.47636823592441263,1.8948786841419294,0.0001
61,0.46704979667193275,1.84826422400977,0.0001
62,0.4664166110287597,1.9562739089775636,0.0001
63,0.45508284724469383,1.789776697591006,0.0001
64,0.4543374081898183,1.7865504015111817,0.0001
65,0.4440413869837813,1.8166231127702606,0.0001
66,0.44024848707218384,1.681851199228888,0.0001
67,0.43738925316037397,1.8001171099563107,0.0001
68,0.42967079421957555,1.8238461823120842,0.0001
69,0.4226427100994453,1.7549852346780908,0.0001
70,0.41917690909565347,1.8001700539872476,0.0001
71,0.41549991105832923,1.7680446385471877,0.0001
72,0.40960376036274604,1.7113001702090676,0.0001
73,0.4035142549790448,1.7771629304988694,0.0001
74,0.39968878811764436,1.7289315097624964,0.0001
75,0.3954587882264583,1.8720178043242897,0.0001
76,0.39247935501863246,1.8447871747769808,0.0001
77,0.3865441425254278,1.8822763721805709,0.0001
78,0.3824108453846621,1.6711544091131105,0.0001
79,0.37744500358175503,1.8310892753111359,0.0001
80,0.37044411339901423,1.8688495514219008,0.0001
81,0.36434526283102914,1.6969620230766274,0.0001
82,0.36378321493722193,1.7930599269254035,0.0001
83,0.35930229186736296,1.8924166891558825,0.0001
84,0.35548305662303575,1.7507572000024412,0.0001
85,0.34882134306146134,1.7627689409729408,0.0001
86,0.3434693030180529,1.7478647975157022,0.0001
87,0.3421806835221139,1.7342928708025978,0.0001
88,0.3395685592771669,1.7734961097899937,0.0001
89,0.3341359999764824,1.7965556017347368,0.0001
90,0.3301635284855839,1.8695755997831163,0.0001
91,0.3282292057624252,1.675945371969082,0.0001
92,0.32548433519043657,1.7822401690256562,0.0001
93,0.31917987469651193,1.8397201605383762,0.0001
94,0.314889883754398,1.764320208362776,0.0001
95,0.3138078339085797,1.7362335456528657,0.0001
96,0.3110229384275144,1.730011506471077,0.0001
97,0.30469259723967906,1.6653782761973812,0.0001
98,0.3025471108875061,1.7174720547122126,0.0001
99,0.30119993729999,1.8506082179389312,0.0001
100,0.2951562756045317,1.7971120899230373,0.0001
End of training: 2022-07-03 08:06:09

Loss min training: 0.2951562756045317

Loss min val: 1.3925000192643842

Best epoch: 2

Correlação: (0.5728467759550218, 0.0)




--> Fold: 9

Format of train data: frames: 131637 , pressures: 131637 

Format of validation data: frames: 47208 , pressures: 47208 

Option shuffle: True

Begin of training: 2022-07-03 08:06:39

Epoch,train_loss,val_loss,lr
1,6.078716665029796,1.4406209471588962,0.0001
2,1.4946920969665236,1.5056220734650716,0.0001
3,1.3852012169330596,1.3372824031949913,0.0001
4,1.3189307331085292,1.6687146027074833,0.0001
5,1.2662995428665789,1.4746355511862996,0.0001
6,1.220077482059838,1.4397139943387423,0.0001
7,1.1788654501392843,1.3449889180862666,0.0001
8,1.1460247781510218,1.5005207667409757,0.0001
9,1.1156444340278455,1.5661927392130848,0.0001
10,1.0863347100360474,1.4022477982994097,0.0001
11,1.0640240694379735,1.358697183635998,0.0001
12,1.044036635408044,1.6680822808183748,0.0001
13,1.0147981063844917,1.5931115019949709,0.0001
14,0.9934841323688721,1.5842991838453584,0.0001
15,0.9766559058340285,1.5242327464230887,0.0001
16,0.9544518612110623,1.5271753609089544,0.0001
17,0.9332423252561928,1.5987248762121364,0.0001
18,0.914796868078017,1.5425503612514109,0.0001
19,0.8968875074752093,1.550608962254087,0.0001
20,0.8813690251488393,1.6180528802116974,0.0001
21,0.8675472044668195,1.617516247665775,0.0001
22,0.8497279536074148,1.5798278942570365,0.0001
23,0.8375634938838216,1.6321315709220576,0.0001
24,0.8212673550708489,1.4110863231800508,0.0001
25,0.811030659668933,1.5025299634999734,0.0001
26,0.7965806605040937,1.3751019770524155,0.0001
27,0.7752441312653542,1.8416565883929317,0.0001
28,0.7639507645193662,1.5547616675715794,0.0001
29,0.753872945491669,1.7241226598946164,0.0001
30,0.7385914125075885,1.6492221727550604,0.0001
31,0.7257506647141826,1.542473879795401,0.0001
32,0.7149914183559731,1.6534854147398277,0.0001
33,0.7042240284050096,1.5755971834995326,0.0001
34,0.6967340011691839,1.5984385154587073,0.0001
35,0.6837033341851508,1.4423299172514072,0.0001
36,0.6692788672094295,1.6788745945822363,0.0001
37,0.6625263936509689,1.5855349022904568,0.0001
38,0.6560332354423642,1.702993811601058,0.0001
39,0.644600542753409,1.8029324081545663,0.0001
40,0.636515356916732,1.9458552376938318,0.0001
41,0.6251249941119267,1.5604646371352715,0.0001
42,0.6121488951068326,1.7040486453529375,0.0001
43,0.6047353004980806,1.8376150627981462,0.0001
44,0.5941186938816178,1.649361211917013,0.0001
45,0.5886806336928828,1.7171645308728745,0.0001
46,0.580139345423879,1.7652025832662823,0.0001
47,0.5736887050366225,1.7852674077232296,0.0001
48,0.5627130519938347,2.076693593839572,0.0001
49,0.5554886299371674,1.8073423794620502,0.0001
50,0.5453812312759979,1.8548798639478168,0.0001
51,0.5390462239251887,1.8565203802724184,0.0001
52,0.533698193594953,1.9169628207430236,0.0001
53,0.523442948203314,2.199041055473427,0.0001
54,0.513894791449799,2.0457876582728303,0.0001
55,0.507261938219952,1.8975551975236022,0.0001
56,0.5041420923785754,2.139687723152679,0.0001
57,0.49857100031049273,2.374170509400438,0.0001
58,0.48972072652040516,1.967861947518772,0.0001
59,0.48262635063677517,1.7877969838182637,0.0001
60,0.4769278883705812,2.1572164979663424,0.0001
61,0.4699333613925889,2.0564685605013096,0.0001
62,0.46210064772637244,1.7215078080272173,0.0001
63,0.46353705802844186,2.273673346721001,0.0001
64,0.45204550021010076,1.9817239169124183,0.0001
65,0.4520751873413064,2.0103413865154547,0.0001
66,0.4404951310051278,2.0417570099752247,0.0001
67,0.4345101274752757,2.027488597993668,0.0001
68,0.4326394675687868,1.9135810173359833,0.0001
69,0.4293208836882486,1.9612757400160543,0.0001
70,0.4215055286435587,1.9460687457939423,0.0001
71,0.41452984805365645,2.130473372148793,0.0001
72,0.4088114467195461,2.1154319469938034,0.0001
73,0.4058442795844085,2.0793059149792064,0.0001
74,0.40396862890789065,1.9612027683655624,0.0001
75,0.3959980092672905,1.8140118457850432,0.0001
76,0.390730036484714,2.1637985550373453,0.0001
77,0.38421870396200575,2.150626843510149,0.0001
78,0.3799410052860993,2.211442963791346,0.0001
79,0.37706522846067614,2.036875251874421,0.0001
80,0.3707813471638345,1.9469967708559768,0.0001
81,0.3669580144728415,2.1602368684890534,0.0001
82,0.3634450149070931,2.2661287318627887,0.0001
83,0.36024390017082425,2.184050582623284,0.0001
84,0.3530650630520739,2.130701050801189,0.0001
85,0.3518501589525135,2.0274661329919414,0.0001
86,0.347412719119418,2.027719078438097,0.0001
87,0.34444186123446996,2.097658831615445,0.0001
88,0.33931605240787327,1.8405485933785761,0.0001
89,0.33470264705779973,1.9033746918547538,0.0001
90,0.3329448057278105,2.0332035495555716,0.0001
91,0.3299136273907316,2.0250002430406915,0.0001
92,0.32373027930182313,1.9950347217416948,0.0001
93,0.32082688823643774,1.9223931449042642,0.0001
94,0.3169250062350082,2.4474416170821636,0.0001
95,0.31231085405757647,2.189770288163172,0.0001
96,0.3075581731706394,2.007078461274517,0.0001
97,0.30503027945055305,2.2634294350012705,0.0001
98,0.302299973006114,2.166076015514997,0.0001
99,0.29581829440126706,2.016594003184612,0.0001
100,0.29836452206229414,2.197417501654994,0.0001
End of training: 2022-07-03 08:44:50

Loss min training: 0.29581829440126706

Loss min val: 1.3372824031949913

Best epoch: 3

Correlação: (0.4165714882768444, 0.0)


