
Dispositivo usado pelo Pytorch: cuda

*****************************************

-----> GRID 0:   hyperparameters
0             100
1            adam
2              32
3             0.2
4          0.0001
5             0.2

 LSTM =True


 option_overlap=True , option_causal=False ,option_dropout_lstm=0.2



--> Fold: 0

Format of train data: frames: 118655 , pressures: 118655 

Format of validation data: frames: 48176 , pressures: 48176 

Option shuffle: True

Begin of training: 2022-07-02 20:36:39

Epoch,train_loss,val_loss,lr
1,7.287772404461864,1.7156394052172927,0.0001
2,1.4912454626793394,1.8676728942155918,0.0001
3,1.359823846213209,1.6172032667449525,0.0001
4,1.28298571728147,1.7014784953080313,0.0001
5,1.2364745367020915,1.7718688366778148,0.0001
6,1.190867123037789,1.8342029135395863,0.0001
7,1.1605567021665508,1.6839669999867253,0.0001
8,1.1238075854056835,1.992499826794564,0.0001
9,1.0941368063794925,1.8821845542786724,0.0001
10,1.0675322416428392,1.7417125701508385,0.0001
11,1.0453030834838577,1.871958254659267,0.0001
12,1.025500548893078,2.0011976309608124,0.0001
13,1.0002845479446316,2.1237779063507,0.0001
14,0.9735679087508851,2.2163425447615386,0.0001
15,0.9575582373313539,2.1229449501864264,0.0001
16,0.9351929728107051,2.1114023803912376,0.0001
17,0.9149306732440516,2.1862987801308886,0.0001
18,0.90117126745559,2.123251288169169,0.0001
19,0.8845619696933036,2.378639348002218,0.0001
20,0.8648439592670326,2.0341535374319304,0.0001
21,0.8521051442013805,2.073281508155615,0.0001
22,0.8344671867569008,2.0992287822594795,0.0001
23,0.8232104557473059,2.048698263721029,0.0001
24,0.8132771858006199,2.2186259836582045,0.0001
25,0.8011198172139878,2.180771122814927,0.0001
26,0.7810918491180354,2.426112674787883,0.0001
27,0.7728290608310905,1.8421769147693656,0.0001
28,0.7564442037134556,2.1121262254132183,0.0001
29,0.7473309526199949,1.9468159881670664,0.0001
30,0.7322514209100909,2.1087459560170676,0.0001
31,0.7248398810646426,2.2283164010575267,0.0001
32,0.7116767812755265,2.0146077723647227,0.0001
33,0.7003292014714283,2.632072871604737,0.0001
34,0.6891527887446797,2.072446286579336,0.0001
35,0.6793504692920818,2.3770196589470225,0.0001
36,0.6658555813301057,2.3581109300716023,0.0001
37,0.6581408432750574,1.957667254166364,0.0001
38,0.6432828679322282,2.256638614294419,0.0001
39,0.6377036525775065,2.146948781115634,0.0001
40,0.6297734865878647,2.1824485043757225,0.0001
41,0.6184957454737136,2.023152661181019,0.0001
42,0.6073199447742189,2.6163091843645265,0.0001
43,0.6047336854432759,2.1978195527984785,0.0001
44,0.5936949151670741,2.3821113847569744,0.0001
45,0.5838622917232198,2.061920867216464,0.0001
46,0.5729809978568776,2.046762607929834,0.0001
47,0.5666353315781826,2.228389419419787,0.0001
48,0.5575035793323351,2.214692016567989,0.0001
49,0.5567960453600584,2.089024073615972,0.0001
50,0.5429425231837065,2.1818572251118127,0.0001
51,0.5393190510429408,2.148221111978577,0.0001
52,0.5265046567620191,2.0981107768090768,0.0001
53,0.5249519611504079,2.069877926632638,0.0001
54,0.5151681978353623,2.3169430674844627,0.0001
55,0.5061658275789992,1.9569226846628434,0.0001
56,0.503013231841609,2.0662747781880864,0.0001
57,0.49424588039437656,1.9726926244718614,0.0001
58,0.4894600502057522,2.0719910045273475,0.0001
59,0.48318770133003786,2.172370661575903,0.0001
60,0.47295913578742504,2.0810099206703994,0.0001
61,0.46900365596866245,2.070253992468683,0.0001
62,0.4674930210762744,2.1443492773956176,0.0001
63,0.4610635136682412,2.1104313598364857,0.0001
64,0.4543009925861133,2.0327269557859764,0.0001
65,0.4459158744416071,2.0844700879648412,0.0001
66,0.4421277484918514,2.2258860137683536,0.0001
67,0.4361982778810449,2.077086791054666,0.0001
68,0.43213274499131366,2.107208875673865,0.0001
69,0.42754901537405526,2.224183142086233,0.0001
70,0.423304752128866,2.1470076502933333,0.0001
71,0.4156189751574325,2.203773390292646,0.0001
72,0.4113388971723109,1.902533320048765,0.0001
73,0.40593050324576757,2.041204908091299,0.0001
74,0.4028878358883179,2.2488251309266563,0.0001
75,0.3951973081338341,2.1570214475361227,0.0001
76,0.3914181291358791,2.085326267650697,0.0001
77,0.3863435310432529,2.2020473373724117,0.0001
78,0.38072576853338935,1.9286421153759965,0.0001
79,0.38069537294473094,2.050638803054787,0.0001
80,0.37132488334381364,2.2716957174714163,0.0001
81,0.369613277487415,1.9588403984859748,0.0001
82,0.36317183384551327,2.329466372698654,0.0001
83,0.3618806436583183,1.9645364114272954,0.0001
84,0.35991013445040804,1.920817883376543,0.0001
85,0.3527605202696245,1.9584699005670463,0.0001
86,0.34715080495544964,1.8956968408215287,0.0001
87,0.346173931221801,2.156331118061391,0.0001
88,0.33917853328804015,1.8596935771462608,0.0001
89,0.33682508165041336,2.181844350746089,0.0001
90,0.33387625508892926,2.123700762737316,0.0001
91,0.333825275469839,2.0479719010115223,0.0001
92,0.32647831465239413,1.8692088712690993,0.0001
93,0.3223771880630054,1.9661686848818127,0.0001
94,0.31994480755277294,1.9957784821685467,0.0001
95,0.31520440788210974,2.1305108640487704,0.0001
96,0.3134509616733818,1.9717545992351775,0.0001
97,0.3065034188505049,2.0422414618447466,0.0001
98,0.3053388617978949,2.1279777645550073,0.0001
99,0.3006514017492825,1.9340153255956745,0.0001
100,0.2978446883166124,2.0426260608250577,0.0001
End of training: 2022-07-02 21:10:52

Loss min training: 0.2978446883166124

Loss min val: 1.6172032667449525

Best epoch: 3

Correlação: (0.5551738938911511, 0.0)




--> Fold: 1

Format of train data: frames: 122682 , pressures: 122682 

Format of validation data: frames: 44149 , pressures: 44149 

Option shuffle: True

Begin of training: 2022-07-02 21:10:58

Epoch,train_loss,val_loss,lr
1,7.058612943177578,2.323152852999686,0.0001
2,1.4856299278591953,2.2782028472103044,0.0001
3,1.3632068215447122,2.172684398765955,0.0001
4,1.295759910648343,2.1931947408714727,0.0001
5,1.242700841092548,2.218695649161269,0.0001
6,1.1953559908860119,1.9592519478850943,0.0001
7,1.1446931909526425,2.3490136266065216,0.0001
8,1.1253588838154078,1.799582787166406,0.0001
9,1.0933152812322602,1.708689701430522,0.0001
10,1.0691299042414333,1.9174452495590073,0.0001
11,1.0405766200066833,1.6214751305079314,0.0001
12,1.0197090694916415,2.1572723992994307,0.0001
13,0.9992727055227175,1.657500559692218,0.0001
14,0.9745318289956773,1.8930275218803083,0.0001
15,0.952119755404064,2.2024417898172097,0.0001
16,0.9311451634410635,2.0580931330605265,0.0001
17,0.9141775911479838,1.9562801297176637,0.0001
18,0.8998056377562877,1.9005724883635222,0.0001
19,0.8834668177620549,2.1492665692086845,0.0001
20,0.8706236537325163,2.1832855284941712,0.0001
21,0.8481556165274906,1.9273911938315953,0.0001
22,0.8393927623805417,2.1474212992353054,0.0001
23,0.8240470112869409,2.1448137056528096,0.0001
24,0.8094408523144199,2.2343618517572845,0.0001
25,0.7971388856185135,2.3878254524732454,0.0001
26,0.7842719435382834,2.0348692585807466,0.0001
27,0.7724349546818452,1.8733123248640162,0.0001
28,0.7574610865867627,1.9713666605872178,0.0001
29,0.7470472877517009,1.9789697095090562,0.0001
30,0.7380614336922864,2.139168986539943,0.0001
31,0.7228267165312502,2.295443965304913,0.0001
32,0.713578818199195,2.042873715109057,0.0001
33,0.7011113897143557,2.2015150906872285,0.0001
34,0.69355087842126,2.2590248932149684,0.0001
35,0.6755650489319914,2.089242788745678,0.0001
36,0.6648630938607937,2.055055140298707,0.0001
37,0.6630693745506989,2.0125430479398325,0.0001
38,0.6540562139099484,2.074842568764117,0.0001
39,0.6343410654771966,2.5684587126904272,0.0001
40,0.6312080880695085,2.8061037565072033,0.0001
41,0.6163314730344369,2.3224734121893036,0.0001
42,0.6104891016437792,2.7077080216120804,0.0001
43,0.596545457044149,2.784983031916973,0.0001
44,0.5901668847109574,2.52807365843263,0.0001
45,0.5858669923173734,2.7787244117187884,0.0001
46,0.5729361710922153,2.358627269863637,0.0001
47,0.5676088031117857,2.198723550366557,0.0001
48,0.5597195284070746,2.9099507016145636,0.0001
49,0.5529892796723133,2.786896818801877,0.0001
50,0.5436942941100908,2.682297627292254,0.0001
51,0.5382103252512139,2.4477183636772466,0.0001
52,0.5286436713330115,2.5229480614891466,0.0001
53,0.5238421510000928,2.259030801990315,0.0001
54,0.5175953833135029,2.3958437191259794,0.0001
55,0.506678852100243,2.6240564973041822,0.0001
56,0.5043438929225807,2.4378656484486196,0.0001
57,0.5009716213423836,2.9117955354961733,0.0001
58,0.48985998991138535,2.834930009757026,0.0001
59,0.4841102146745356,2.798148396314939,0.0001
60,0.48006926655576954,2.5359231832194897,0.0001
61,0.4714907733457672,2.184606658440057,0.0001
62,0.4640375654235009,2.5548344505702945,0.0001
63,0.4600942192318267,2.44232944560976,0.0001
64,0.452002094626005,2.591075486765731,0.0001
65,0.4492529821268388,2.674229389597987,0.0001
66,0.4423601219530134,2.464764029964207,0.0001
67,0.43767110825797634,2.421208048050972,0.0001
68,0.4336841929682027,2.816116656589385,0.0001
69,0.4286736558640416,2.6513409605814475,0.0001
70,0.4236888699749137,2.5641043451910326,0.0001
71,0.4181554579948186,2.608797140122972,0.0001
72,0.41294871664702554,2.9043217440224356,0.0001
73,0.40919560744285477,2.390712216377323,0.0001
74,0.40277002262798245,2.436146048808919,0.0001
75,0.39828597985369457,2.410314447933956,0.0001
76,0.39499763296642426,2.535595158390741,0.0001
77,0.38863077541743324,2.5976491910355146,0.0001
78,0.3819638343681532,2.3755287180973177,0.0001
79,0.3846525995031074,2.471289655312198,0.0001
80,0.3745234205523767,2.802943280891896,0.0001
81,0.36938711884583747,2.320970857039986,0.0001
82,0.3646473293178337,2.439440815059236,0.0001
83,0.3632366605009126,2.5339052971876823,0.0001
84,0.35692839246860325,2.537671345525394,0.0001
85,0.35291526156285613,2.4357686637495513,0.0001
86,0.3519208474090717,2.800148166906291,0.0001
87,0.3474481020965893,2.4831919130505344,0.0001
88,0.3443594859100018,2.330746129916266,0.0001
89,0.33633145810988707,2.4692425401557108,0.0001
90,0.3335253447454565,2.4853792442098506,0.0001
91,0.33044879775924857,2.561373081851857,0.0001
92,0.3297249706590866,2.474207837610418,0.0001
93,0.3257062067689712,2.3214964996947822,0.0001
94,0.3195876140460272,2.6383617041904786,0.0001
95,0.31801018568266537,2.595262327130274,0.0001
96,0.31555258178420986,2.7728977943806554,0.0001
97,0.3119927248511914,2.473534700060412,0.0001
98,0.3080800569372682,2.390487712399871,0.0001
99,0.3030949878553869,2.6196639388222507,0.0001
100,0.2990771795045105,2.60190931404781,0.0001
End of training: 2022-07-02 21:45:54

Loss min training: 0.2990771795045105

Loss min val: 1.6214751305079314

Best epoch: 11

Correlação: (0.4960454097384741, 0.0)




--> Fold: 2

Format of train data: frames: 127377 , pressures: 127377 

Format of validation data: frames: 39454 , pressures: 39454 

Option shuffle: True

Begin of training: 2022-07-02 21:46:00

Epoch,train_loss,val_loss,lr
1,6.892839512797535,2.0063878478550445,0.0001
2,1.5315851995379088,2.133572714976691,0.0001
3,1.4076765418980128,2.5610443761310413,0.0001
4,1.3318287535980249,2.8574069888071953,0.0001
5,1.2781119667437517,2.7658236847638347,0.0001
6,1.2298530209845662,2.801064474786803,0.0001
7,1.1860259847368388,3.6208899088225435,0.0001
8,1.1555975310234963,3.3980257619066014,0.0001
9,1.1206753370640712,3.284470007520745,0.0001
10,1.094649604480228,3.2094329281151066,0.0001
11,1.0655113382321957,3.3549079921608516,0.0001
12,1.0420218234149157,3.315575471801572,0.0001
13,1.0259293730816332,3.4214466308238523,0.0001
14,0.999535798561826,3.077593568963444,0.0001
15,0.9793844879606155,3.5023216639721926,0.0001
16,0.9630305714481718,3.1998360424957375,0.0001
17,0.9410824856438647,3.603110908138569,0.0001
18,0.9246942744020386,3.5321984242974773,0.0001
19,0.9136206033286411,3.2627466582862787,0.0001
20,0.8960551443523891,3.3563810554357816,0.0001
21,0.8780037241177392,3.4256892554413234,0.0001
22,0.8678118415078074,3.2913702672521445,0.0001
23,0.8499321060381616,3.2682678389490034,0.0001
24,0.8329273075034033,2.99570693234662,0.0001
25,0.8233758610835178,3.313026412547242,0.0001
26,0.8047007264282307,3.363516787118893,0.0001
27,0.7930832073777172,3.340184313445904,0.0001
28,0.7790207247257072,3.2271857961189694,0.0001
29,0.771300501103623,3.185768399035785,0.0001
30,0.753414388435341,3.2783114265463746,0.0001
31,0.7434957113971231,3.3157334860202576,0.0001
32,0.7301974025050656,3.3620434210014856,0.0001
33,0.7185657531432706,3.3553890729087072,0.0001
34,0.7054626974553612,3.2039437743239305,0.0001
35,0.6983295779923867,3.1736272461132615,0.0001
36,0.6864155164051482,3.4544224523462224,0.0001
37,0.6755451956467585,3.3741970876120466,0.0001
38,0.6664961865175373,3.6452253148372895,0.0001
39,0.652141793986892,3.3521145476870466,0.0001
40,0.6410476819503282,3.6307093984496848,0.0001
41,0.6309354174022189,3.247298985588247,0.0001
42,0.6243796551240766,3.4504084683180083,0.0001
43,0.613011057044232,3.689314251114764,0.0001
44,0.6034562015359936,3.4078214572459413,0.0001
45,0.5957655064333534,3.3598355514542613,0.0001
46,0.5899143420493281,3.407496540969545,0.0001
47,0.5813949613259071,3.380814118616639,0.0001
48,0.5691308727226183,3.4567100609914574,0.0001
49,0.5657688147662676,3.8071535454390046,0.0001
50,0.5568354601967279,3.434097120643067,0.0001
51,0.5469988242483221,3.3940426265497847,0.0001
52,0.5357704491259175,3.361291010380879,0.0001
53,0.5352217534760934,3.1896638170223843,0.0001
54,0.5240054743521315,3.4242067588422884,0.0001
55,0.5140270727696389,3.45952515596794,0.0001
56,0.5097197822257409,3.3528283269381074,0.0001
57,0.5040756901634952,3.3496683212048612,0.0001
58,0.494785276107441,3.3559017313737107,0.0001
59,0.48928791814033945,3.559485555970192,0.0001
60,0.48274290853248714,3.2545719290309028,0.0001
61,0.4783149833917455,3.394093549275124,0.0001
62,0.4725731376051735,3.251430734012314,0.0001
63,0.4646474476252803,3.557653188391211,0.0001
64,0.45816175673964377,3.121336923656192,0.0001
65,0.45299983489318923,3.3664345844243853,0.0001
66,0.44779512356961965,3.4802825484012585,0.0001
67,0.4451407292673793,3.426605978963004,0.0001
68,0.4389292093285835,3.242498314942036,0.0001
69,0.4330964593968301,3.4800105488064044,0.0001
70,0.42617897926154646,3.6713668974001723,0.0001
71,0.4215030914811457,3.4697616401733664,0.0001
72,0.4181057343370984,3.206912411687196,0.0001
73,0.40996104159865554,3.2495353264193967,0.0001
74,0.4028706659314374,3.1489223863323517,0.0001
75,0.4001445207092267,3.1874224416397574,0.0001
76,0.3934207253021045,3.100576376814665,0.0001
77,0.39287232255906096,3.3978123325000404,0.0001
78,0.38657565571676755,2.946750914240147,0.0001
79,0.385186538150897,3.4517039412594532,0.0001
80,0.37815293223380564,2.9932597481050838,0.0001
81,0.37515859852235695,3.249710265468668,0.0001
82,0.3717583484173652,3.018295261134377,0.0001
83,0.3618757477023446,3.0509997041080283,0.0001
84,0.36271972173564077,2.995151263530107,0.0001
85,0.35584471418239205,2.982254312459857,0.0001
86,0.35030661857181394,2.877338541643591,0.0001
87,0.3524500575018875,2.889130142629796,0.0001
88,0.3442219160075166,2.9544623945103456,0.0001
89,0.3423621259993607,3.056841195454532,0.0001
90,0.3389379301713516,2.7584100008590986,0.0001
91,0.33520495876292844,3.138423578601508,0.0001
92,0.32906892871038174,2.994440712012419,0.0001
93,0.3246784092546538,2.997721354682332,0.0001
94,0.3231285125950938,2.7879028730266278,0.0001
95,0.3193124394685705,2.9811230648631724,0.0001
96,0.3140422313947095,2.9587855216257535,0.0001
97,0.3115029859434004,3.089310121202684,0.0001
98,0.30782559448861835,2.902822986052536,0.0001
99,0.305916316115364,2.719510298290853,0.0001
100,0.3014181652485192,2.799150565213582,0.0001
End of training: 2022-07-02 22:21:24

Loss min training: 0.3014181652485192

Loss min val: 2.0063878478550445

Best epoch: 1

Correlação: (0.34922995061448303, 0.0)




--> Fold: 3

Format of train data: frames: 125334 , pressures: 125334 

Format of validation data: frames: 41497 , pressures: 41497 

Option shuffle: True

Begin of training: 2022-07-02 22:21:30

Epoch,train_loss,val_loss,lr
1,6.744604813125608,1.6577528952161849,0.0001
2,1.5169356298444372,1.9105386720794273,0.0001
3,1.396933812842624,1.6293744488210826,0.0001
4,1.319791090736299,1.6200293927869847,0.0001
5,1.2689507313121784,1.8133984407775445,0.0001
6,1.2250197615290122,1.7291194087186916,0.0001
7,1.1848977672813485,1.658385267903363,0.0001
8,1.1519819581742805,1.8891322387081515,0.0001
9,1.1214399332746574,1.7162298478341795,0.0001
10,1.0965003250435321,1.977932029449328,0.0001
11,1.0596128024643205,1.9177089129384346,0.0001
12,1.038226912399503,1.9404447272326206,0.0001
13,1.0109677136287725,1.9083703893562263,0.0001
14,0.9919114406725533,1.8384223894908962,0.0001
15,0.9816014327127051,2.2908636310903367,0.0001
16,0.9582185902100094,2.006340027889648,0.0001
17,0.9415208879080526,1.9143669009682678,0.0001
18,0.9260701391428215,1.9742450186248905,0.0001
19,0.9078223963590907,2.136532904633695,0.0001
20,0.8862530907533479,1.992628505549569,0.0001
21,0.8720464739953089,1.853859105371471,0.0001
22,0.8567893100755577,1.9688338571437414,0.0001
23,0.8509313672805244,1.9953347954873129,0.0001
24,0.8334541046208717,1.8954494872328649,0.0001
25,0.8184805607941048,2.1158268792567707,0.0001
26,0.80248564525202,2.057195125609894,0.0001
27,0.7870129606364143,2.006263237641622,0.0001
28,0.77919616854748,2.0183689130008413,0.0001
29,0.7635268913397834,2.1244501803390525,0.0001
30,0.7525539159487538,2.2273076195991144,0.0001
31,0.7406204863349576,1.914044922006088,0.0001
32,0.7290973878038817,1.8979001697909186,0.0001
33,0.7201005741044328,2.0436928735875703,0.0001
34,0.700914966591561,2.0066113375174175,0.0001
35,0.6955802738871028,2.033702070231518,0.0001
36,0.6912997802747265,2.0931773934590803,0.0001
37,0.6727159721758861,2.2391914437413947,0.0001
38,0.6659343001751836,2.16659672849422,0.0001
39,0.6581410608492201,2.376368170767361,0.0001
40,0.6456909014837148,2.0394393834567435,0.0001
41,0.6327107139964325,1.8320271940143074,0.0001
42,0.6238863727453747,2.0614228810098174,0.0001
43,0.6147942876211636,2.2087472559995103,0.0001
44,0.6044132051675889,2.1981943133342905,0.0001
45,0.5954544891392987,1.9931071061014993,0.0001
46,0.5897437243612687,2.005309983311232,0.0001
47,0.5769297680782397,2.0632660679665866,0.0001
48,0.5747828835900188,2.327851422054755,0.0001
49,0.5679171878887835,2.1683398082083554,0.0001
50,0.5545018446471717,2.2089023483107773,0.0001
51,0.5462825939211201,2.335840881751308,0.0001
52,0.5395529578001523,2.0550671115071983,0.0001
53,0.5313007501563664,2.0519545003673034,0.0001
54,0.5205810692744545,2.2111137491434594,0.0001
55,0.521398332324214,2.166687701321092,0.0001
56,0.5108925540692209,2.126913910808743,0.0001
57,0.49994352122207797,1.9799844603321681,0.0001
58,0.49799499247284784,2.1631030968810565,0.0001
59,0.4942361032072348,2.177402234087221,0.0001
60,0.48305909976938377,2.3175131488651313,0.0001
61,0.47884582492064437,2.1933037379329385,0.0001
62,0.46941555852451883,2.095330935945154,0.0001
63,0.4689673039401925,2.4600000136943745,0.0001
64,0.4643373310604945,2.15633464138212,0.0001
65,0.4551844009504944,2.110995071145211,0.0001
66,0.45210640057834617,2.198562440238585,0.0001
67,0.44310334688454833,2.1199339945683966,0.0001
68,0.4351211622770398,2.1414195205181867,0.0001
69,0.43028620003480234,2.1237469318071227,0.0001
70,0.4250867010938668,2.0133351001359845,0.0001
71,0.422060114109231,2.0136798057084566,0.0001
72,0.4142473112903951,2.0945963884435868,0.0001
73,0.40791265463108844,2.0360713049190906,0.0001
74,0.40792982146881757,2.075218420889124,0.0001
75,0.399430304752861,2.145157730906579,0.0001
76,0.3949632426939002,2.27953143219438,0.0001
77,0.38747335085586615,2.1661980787719575,0.0001
78,0.3863064512311542,2.059392304929747,0.0001
79,0.3803574794316578,2.2228515294154505,0.0001
80,0.3784674385483387,1.9775689380135648,0.0001
81,0.37229106405009726,2.1163637549411156,0.0001
82,0.36946808693719685,2.0466371004353414,0.0001
83,0.36416167296673824,2.0930078173785693,0.0001
84,0.3596871732977797,1.9559569135098198,0.0001
85,0.354818398566191,2.1575396423940587,0.0001
86,0.3532758511725694,2.0071606916080174,0.0001
87,0.34681636746715694,2.030377079384107,0.0001
88,0.3411291926851458,1.9191436366373957,0.0001
89,0.3397003575618045,2.2129835773813387,0.0001
90,0.33859330622930006,2.061929804481828,0.0001
91,0.32932129161648205,1.989748851429696,0.0001
92,0.32799061978276295,2.0264784274142738,0.0001
93,0.32265814125337183,2.2747200475352805,0.0001
94,0.31766870305419365,2.49395128259039,0.0001
95,0.317513122925655,2.1317428677795127,0.0001
96,0.3119135395017946,2.0291439909290014,0.0001
97,0.31018384170379665,2.118644768414326,0.0001
98,0.30734752277117566,2.124499508112911,0.0001
99,0.3035861447836092,2.08364989377362,0.0001
100,0.2981945182435872,2.0347503296256906,0.0001
End of training: 2022-07-02 22:56:49

Loss min training: 0.2981945182435872

Loss min val: 1.6200293927869847

Best epoch: 4

Correlação: (0.4950731262061564, 0.0)




--> Fold: 4

Format of train data: frames: 127998 , pressures: 127998 

Format of validation data: frames: 38833 , pressures: 38833 

Option shuffle: True

Begin of training: 2022-07-02 22:56:55

Epoch,train_loss,val_loss,lr
1,6.652439030932774,1.7027549391639127,0.0001
2,1.4935789582774006,1.6163685425935255,0.0001
3,1.379000491438535,1.4704790326926611,0.0001
4,1.3005084470185688,1.4137824723628027,0.0001
5,1.2429204207196545,1.4669023661576872,0.0001
6,1.2023039434318958,1.3675436412091204,0.0001
7,1.1669274074092233,1.5239660620790696,0.0001
8,1.1288748452915962,1.3931389115314303,0.0001
9,1.0980871834697796,1.4654204552969243,0.0001
10,1.073063647599516,1.5214724560817596,0.0001
11,1.0490345391352238,1.4940947533771214,0.0001
12,1.0181648641087568,1.4440489344171634,0.0001
13,1.007066095085259,1.4410543072261421,0.0001
14,0.9754277106052202,1.5048468441259968,0.0001
15,0.9628389194817518,1.4300014961389929,0.0001
16,0.946804201560653,1.4878935455444027,0.0001
17,0.9227373909237969,1.524143263397168,0.0001
18,0.9103136263297281,1.632567922356133,0.0001
19,0.8928543360019584,1.6543213424787482,0.0001
20,0.8705350352714978,1.5179229536595082,0.0001
21,0.8599668137868752,1.4901488615409102,0.0001
22,0.8359182648894269,1.5547011538212254,0.0001
23,0.8301868199553329,1.6231707988138857,0.0001
24,0.8169717839901204,1.720562854336387,0.0001
25,0.8030674231030233,1.5668117819173635,0.0001
26,0.786614518807913,1.5507152567205595,0.0001
27,0.7704547665641055,1.68858846536492,0.0001
28,0.7598864413718343,1.636218964910813,0.0001
29,0.7421202163297379,1.640790620853797,0.0001
30,0.7312678721435786,1.6213609530285822,0.0001
31,0.7260889662098338,1.582936017686964,0.0001
32,0.7020566702283925,1.5836976147316868,0.0001
33,0.6921100230183005,1.5895115094706371,0.0001
34,0.6860224589607444,1.5460701453060444,0.0001
35,0.6801223072417593,1.605662024742857,0.0001
36,0.659820799686087,1.6347628389383373,0.0001
37,0.6535125161946219,1.6186678180078657,0.0001
38,0.6442925998103938,1.6514277923003695,0.0001
39,0.6347072917589272,1.5678524226798272,0.0001
40,0.6251795114480913,1.5152648213969822,0.0001
41,0.6086027214716341,1.6399263269769335,0.0001
42,0.6072406788384848,1.6617361605435996,0.0001
43,0.5923558762627513,1.5425836128310946,0.0001
44,0.5811120545393408,1.6992077363055258,0.0001
45,0.577322351340009,1.7460781617821917,0.0001
46,0.5658750034497696,1.5942948835354653,0.0001
47,0.5562023367469602,1.6485411572569328,0.0001
48,0.5520752212360827,1.7133628668001806,0.0001
49,0.544627910926101,1.7194921961833405,0.0001
50,0.5330019403450951,1.6869935250050825,0.0001
51,0.524684846993545,1.5864556266446597,0.0001
52,0.5195118089214273,1.8063594650909724,0.0001
53,0.5114188134101211,1.6826504144287189,0.0001
54,0.5039604019015265,1.641983501957149,0.0001
55,0.4965052465198245,1.6044931214048466,0.0001
56,0.4872161026474021,1.6537159662686545,0.0001
57,0.48233474441728685,1.6944683420020517,0.0001
58,0.47402995998694486,1.7437904372669724,0.0001
59,0.46739934978340714,1.6441035530211257,0.0001
60,0.4662544414293718,1.7686858362723374,0.0001
61,0.460914163198763,1.6116595044338777,0.0001
62,0.4552841053603003,1.7321017344698544,0.0001
63,0.447351387795397,1.577885170942896,0.0001
64,0.43854785215858555,1.5934102167026076,0.0001
65,0.4345487346099532,1.5592869574522723,0.0001
66,0.43313600429268684,1.677197778065009,0.0001
67,0.4209340074302297,1.7214555721507914,0.0001
68,0.42028812407109867,1.6923239189360428,0.0001
69,0.41463251659394385,1.6045005717874417,0.0001
70,0.40919400483412205,1.6042508650988887,0.0001
71,0.4051809577634069,1.7902589744915323,0.0001
72,0.396103471552488,1.981939272714417,0.0001
73,0.3925471830613729,1.795563658552283,0.0001
74,0.38742395411884584,1.762286064795651,0.0001
75,0.3826122116844353,1.6105149188976255,0.0001
76,0.38205307588165394,1.7819616730320056,0.0001
77,0.37142001927633783,1.688616284103424,0.0001
78,0.3677279183792098,1.7815475814345507,0.0001
79,0.3638711236509845,1.7535901577661233,0.0001
80,0.35879441169728027,1.6555442018850026,0.0001
81,0.35160374003638795,1.9991247654329556,0.0001
82,0.3507470306970136,1.8425329115506632,0.0001
83,0.34699018954519173,1.6635782014079452,0.0001
84,0.34184151311116595,1.7447426455789519,0.0001
85,0.34016598684199817,1.7356037133488988,0.0001
86,0.3339401297170551,1.7102432507427108,0.0001
87,0.3319733177810522,2.323955884340928,0.0001
88,0.32890829472151095,1.8318523744303608,0.0001
89,0.3254208197359774,1.804229909040845,0.0001
90,0.31991587727379506,1.7615203095222856,0.0001
91,0.3184488150908665,1.7051508665496191,0.0001
92,0.3127542009346969,1.638031614906398,0.0001
93,0.3082487159248337,1.8276651798489258,0.0001
94,0.3049839763027122,1.6880115067087318,0.0001
95,0.30134292710607696,1.7836512028840987,0.0001
96,0.29956150144340005,1.6723133538773938,0.0001
97,0.2930189095232982,1.737321636462087,0.0001
98,0.29355208196531646,1.8048955704320873,0.0001
99,0.28639345200621086,1.7773529182482266,0.0001
100,0.2847283646448282,1.7084197827243566,0.0001
End of training: 2022-07-02 23:32:34

Loss min training: 0.2847283646448282

Loss min val: 1.3675436412091204

Best epoch: 6

Correlação: (0.49204300768174025, 0.0)




--> Fold: 5

Format of train data: frames: 123787 , pressures: 123787 

Format of validation data: frames: 43044 , pressures: 43044 

Option shuffle: True

Begin of training: 2022-07-02 23:32:40

Epoch,train_loss,val_loss,lr
1,6.933975965049694,2.432240668708823,0.0001
2,1.4348588486975553,2.352176448180212,0.0001
3,1.341646193873455,2.2367111230115886,0.0001
4,1.272197149687646,2.165476005479047,0.0001
5,1.2245008081309208,2.072400695716412,0.0001
6,1.1762432631488315,2.3126185845845737,0.0001
7,1.1475270352899833,2.041942777359821,0.0001
8,1.1049693984681692,2.030458121170797,0.0001
9,1.0800181685940704,2.1203522808810344,0.0001
10,1.046517354433939,2.3165752072613897,0.0001
11,1.0283815119777044,2.4111316474427213,0.0001
12,1.0000922970116666,2.348857436345397,0.0001
13,0.9817663466854696,2.1468602955402267,0.0001
14,0.965509166803681,2.196701240167333,0.0001
15,0.9409608587321578,1.8252462437245696,0.0001
16,0.9258746669286614,1.9725060394379454,0.0001
17,0.8963949839814022,2.2299362625644594,0.0001
18,0.8911682774540014,2.307379266473731,0.0001
19,0.8754701137714143,2.0903375862633116,0.0001
20,0.851453987261763,2.1039518849600003,0.0001
21,0.8400287214961439,2.121069855366971,0.0001
22,0.8212445872460109,2.011378812874109,0.0001
23,0.8071754011794521,2.0973285487256255,0.0001
24,0.7955764588214007,2.1318431284866106,0.0001
25,0.7780646670696414,2.0390968626066828,0.0001
26,0.7689277133825212,2.1788166649622296,0.0001
27,0.7538582200709807,2.1101561411529786,0.0001
28,0.7445426541793592,2.0741231592932707,0.0001
29,0.7281619174179187,2.0450459658385056,0.0001
30,0.7127744247364882,2.2442086773084426,0.0001
31,0.7068950052597909,2.2626246478120895,0.0001
32,0.695523527716179,2.3671027510020606,0.0001
33,0.6849730057597611,1.9613246788888623,0.0001
34,0.6769635454225299,2.0769157306089596,0.0001
35,0.665563890958586,2.3429847200357075,0.0001
36,0.6552638477416518,1.9042684580577194,0.0001
37,0.6457355955085874,2.0414591689012758,0.0001
38,0.6371707946720071,1.9855053284699762,0.0001
39,0.6267905973146405,2.188990889545179,0.0001
40,0.612778623944407,1.9401325811274974,0.0001
41,0.6102911789727917,2.19222889499542,0.0001
42,0.5978015737881528,2.1464935107231584,0.0001
43,0.5911777393496561,2.0972376077572394,0.0001
44,0.5835339845462391,2.1081543136524807,0.0001
45,0.5772846770336445,2.13889762583347,0.0001
46,0.566922750042418,2.5231718198039608,0.0001
47,0.5584032318666552,1.908959015872928,0.0001
48,0.5508525290017471,2.11257503644406,0.0001
49,0.5362334677530288,2.089785352735623,0.0001
50,0.538349095999362,2.428970197288202,0.0001
51,0.5258131182980447,2.0158331255278683,0.0001
52,0.5202309629473039,2.586475191788983,0.0001
53,0.5161896851682825,2.3351583172758543,0.0001
54,0.510029831362278,2.1983374720578652,0.0001
55,0.5042072859349099,2.457996067975536,0.0001
56,0.49440186203141945,2.3552095547959593,0.0001
57,0.4884742114523826,2.0973070904663778,0.0001
58,0.48175006142480165,2.496087070048027,0.0001
59,0.4771360586255357,2.5157320117675708,0.0001
60,0.4705868345436972,2.6523200170600094,0.0001
61,0.4630478287334073,2.353231731488928,0.0001
62,0.4549969207339171,2.415198318489244,0.0001
63,0.45058359146798055,2.4581404253404253,0.0001
64,0.44963697397446084,2.1945109354077124,0.0001
65,0.44066911139654014,2.5486652256664586,0.0001
66,0.4350817553006305,2.367053156148965,0.0001
67,0.4290156629271269,2.1797679112908255,0.0001
68,0.42448005281566376,2.38169425234632,0.0001
69,0.4199143148017873,2.239667066443466,0.0001
70,0.4155865980964478,2.3579912785648047,0.0001
71,0.4107686485063405,2.2757591196467315,0.0001
72,0.403771345467342,2.304762440857286,0.0001
73,0.40032100113690494,2.31538553634947,0.0001
74,0.3972200645411007,2.4815829233347335,0.0001
75,0.39169920615524634,2.354539401224805,0.0001
76,0.38413366454195397,2.40075697873164,0.0001
77,0.3845300563510673,2.460374534755998,0.0001
78,0.3769932974623493,2.2504167773446433,0.0001
79,0.37680935033301144,2.2745887551672364,0.0001
80,0.36688121993204253,2.3467225246841097,0.0001
81,0.3634076748269518,2.410654199997429,0.0001
82,0.3646539892594051,2.271018207499711,0.0001
83,0.3564103127331926,2.522371099115072,0.0001
84,0.35209035982595416,2.258577305813525,0.0001
85,0.34750809950730016,2.2234688206417346,0.0001
86,0.34654711203774785,2.391138391161971,0.0001
87,0.34159862247387174,2.4970247646255928,0.0001
88,0.3349867724039592,2.2649929672299614,0.0001
89,0.3352428483451842,2.393241991729566,0.0001
90,0.327808620956933,2.3396095651729922,0.0001
91,0.3268177005244217,2.568306516968465,0.0001
92,0.3229851035376593,2.33829565428079,0.0001
93,0.31942529394619934,2.5991880329869823,0.0001
94,0.3144104369696431,2.208439054669484,0.0001
95,0.3150420401220708,2.546443825771281,0.0001
96,0.3087439423850218,2.158700842893253,0.0001
97,0.3062097679388804,2.6371627258729364,0.0001
98,0.30135186195524727,2.2953985438405797,0.0001
99,0.3006099354771353,2.2920114521908945,0.0001
100,0.29428411540502386,2.5552075034390485,0.0001
End of training: 2022-07-03 00:07:50

Loss min training: 0.29428411540502386

Loss min val: 1.8252462437245696

Best epoch: 15

Correlação: (0.3262059651437339, 0.0)




--> Fold: 6

Format of train data: frames: 125799 , pressures: 125799 

Format of validation data: frames: 41032 , pressures: 41032 

Option shuffle: True

Begin of training: 2022-07-03 00:07:55

Epoch,train_loss,val_loss,lr
1,6.420999940515293,1.6641589264861323,0.0001
2,1.5454226137700078,1.4761619356715625,0.0001
3,1.4154422076805284,2.0791335784568497,0.0001
4,1.352877663522145,1.5080306438192055,0.0001
5,1.28971292710378,1.9708120966775768,0.0001
6,1.2504486671632091,2.3330911408625377,0.0001
7,1.2204803792722212,2.2320197182199975,0.0001
8,1.170188878526642,2.142649406530537,0.0001
9,1.1483642067658804,2.8697581758367128,0.0001
10,1.123878248357683,2.4154971678788306,0.0001
11,1.1024334609187747,1.9608560791023062,0.0001
12,1.0747980573859452,2.4364852365589345,0.0001
13,1.0549924376540631,2.378534884777281,0.0001
14,1.0230045119329105,2.738416418924181,0.0001
15,1.013576225105483,2.317630331194129,0.0001
16,0.9928581714270033,4.079498425262623,0.0001
17,0.9742793483636868,3.656396369972199,0.0001
18,0.9536112385607909,3.008712110800175,0.0001
19,0.9323305070719111,2.2996684065755755,0.0001
20,0.9186412429978057,3.047634569472285,0.0001
21,0.8970406854561765,2.9547739350602837,0.0001
22,0.8806589826007969,3.5236549898996574,0.0001
23,0.8728299600012779,3.227387394768426,0.0001
24,0.8573939845937598,3.267205999617596,0.0001
25,0.8404601671437787,3.8589596003671676,0.0001
26,0.8227197514656701,3.2954488881825705,0.0001
27,0.8087588167566566,4.5007769463935725,0.0001
28,0.7936598883128018,3.1853297477717706,0.0001
29,0.7799134496992253,3.9749542839881804,0.0001
30,0.7718643685574723,4.124030295764523,0.0001
31,0.7562607692621652,4.548634012253528,0.0001
32,0.744739394253102,4.066180990555291,0.0001
33,0.7279538958924797,3.8672046654869137,0.0001
34,0.7245648200217659,4.3594484312024395,0.0001
35,0.7107112386272917,4.5801490735626516,0.0001
36,0.6966022469576494,4.396911931981537,0.0001
37,0.6861705676142029,4.762680455522245,0.0001
38,0.6782265431999934,4.252681550702567,0.0001
39,0.6609859341017152,4.5880079583179,0.0001
40,0.6518928215048249,4.271926376363599,0.0001
41,0.6439747064342694,3.9715596393526447,0.0001
42,0.6354077723226431,3.961896118120181,0.0001
43,0.6284500692922463,4.394581705116812,0.0001
44,0.6141679459487072,4.377334190823456,0.0001
45,0.6055310089104559,4.983430454851383,0.0001
46,0.5938636641765667,4.934392364430925,0.0001
47,0.5888286510206866,4.751006369889189,0.0001
48,0.5786073168037537,4.963836972070591,0.0001
49,0.5695616917662893,4.734927049690019,0.0001
50,0.5630460355900889,4.103978081087918,0.0001
51,0.551271427583768,4.70689836141542,0.0001
52,0.5463622323065597,4.399776414951913,0.0001
53,0.5318468379491222,4.931062822384685,0.0001
54,0.5302768985278307,4.767956441130687,0.0001
55,0.5231135684454717,4.318892844403364,0.0001
56,0.508635177846006,4.1950527321039575,0.0001
57,0.508586483762186,4.4699597611578845,0.0001
58,0.5023521049035334,4.275985577576433,0.0001
59,0.4945022432691806,4.361375771388833,0.0001
60,0.4893934324688513,4.886306026754009,0.0001
61,0.48044491968465897,3.572782726496092,0.0001
62,0.47315490988277126,4.542603624566626,0.0001
63,0.4687751370432597,4.549206124478833,0.0001
64,0.4636665327690991,4.516806526243582,0.0001
65,0.4563342203499701,4.453867505460855,0.0001
66,0.44839375104396934,4.503538065520056,0.0001
67,0.4487152521322696,4.326236354465674,0.0001
68,0.4424683529206699,4.5455591724638955,0.0001
69,0.4336049252016408,4.426889940227628,0.0001
70,0.42560627333281087,5.753240890543836,0.0001
71,0.4206558026362785,4.117574154552044,0.0001
72,0.4161731317277006,4.686379454990743,0.0001
73,0.4137529458792788,4.186358976652339,0.0001
74,0.40301883195086946,4.540909187955033,0.0001
75,0.4028012799887757,5.04449086087934,0.0001
76,0.3949481391618852,5.1018621634730446,0.0001
77,0.3930120861088051,4.699950171902203,0.0001
78,0.3860069005004871,4.660600698489291,0.0001
79,0.3821013984824195,3.9263120632837287,0.0001
80,0.37670453888838457,4.542296705712675,0.0001
81,0.3721708981034422,4.281776203540223,0.0001
82,0.37048214226033654,4.196513900563461,0.0001
83,0.3653247990100596,4.82935916715069,0.0001
84,0.3605696711059098,4.5475894054443335,0.0001
85,0.35625245670880284,4.051254420374355,0.0001
86,0.3513308456034246,4.559090063385527,0.0001
87,0.3467836740558993,4.319483549791508,0.0001
88,0.34514629968400096,4.379661047521402,0.0001
89,0.34034631441254337,4.639900550109691,0.0001
90,0.3352428898299987,4.650718788627436,0.0001
91,0.3280742174308847,4.378374842459474,0.0001
92,0.3267772930544157,4.8638453972597615,0.0001
93,0.3261702939734004,4.3970255039197985,0.0001
94,0.3193380763652424,3.9525905154931613,0.0001
95,0.3174920382039172,4.63536595796186,0.0001
96,0.31666359549819617,4.844655882338377,0.0001
97,0.30950553419205284,4.187982209455342,0.0001
98,0.3073352815267214,4.732883991658699,0.0001
99,0.30247188343845527,3.97610174761248,0.0001
100,0.3001218819392645,4.065128236422183,0.0001
End of training: 2022-07-03 00:43:23

Loss min training: 0.3001218819392645

Loss min val: 1.4761619356715625

Best epoch: 2

Correlação: (0.5268483535050004, 0.0)




--> Fold: 7

Format of train data: frames: 121714 , pressures: 121714 

Format of validation data: frames: 45117 , pressures: 45117 

Option shuffle: True

Begin of training: 2022-07-03 00:43:29

Epoch,train_loss,val_loss,lr
1,7.08810314017638,1.9359995392215066,0.0001
2,1.5231787055314077,1.9272229028836176,0.0001
3,1.400118817187226,2.0377336164779254,0.0001
4,1.3209525585303845,2.0504080727846694,0.0001
5,1.2652366592742361,1.9453856363140511,0.0001
6,1.2180329691163556,1.9075775252648997,0.0001
7,1.1820574886633493,1.806213533066899,0.0001
8,1.1412850005146722,2.0176130229917315,0.0001
9,1.1070950950271565,1.8802433208410236,0.0001
10,1.073232799419284,2.0336299571891194,0.0001
11,1.0559899919697922,2.0309528894113926,0.0001
12,1.0287458092806276,2.085720835661696,0.0001
13,1.0072077530909356,1.9063229238711914,0.0001
14,0.9865408167092418,2.157578116433799,0.0001
15,0.9723332373106348,2.4973152530957723,0.0001
16,0.9594917425736037,2.41290389507785,0.0001
17,0.9304187941104984,2.162790958027464,0.0001
18,0.924231252660964,2.38456485907279,0.0001
19,0.8995479104736596,2.34105711175419,0.0001
20,0.883323763381648,2.48388694811103,0.0001
21,0.8665961714180076,2.5034468291374794,0.0001
22,0.8547549869018041,2.2308346908703434,0.0001
23,0.8408146562242037,2.9187570580365105,0.0001
24,0.8262280863278726,2.7883099345584674,0.0001
25,0.808424813919745,3.1156123290314652,0.0001
26,0.7931952194173468,2.4928941247014946,0.0001
27,0.7797672664668441,3.5361054201251023,0.0001
28,0.7788010316093942,2.6729065066711155,0.0001
29,0.7627604308941982,2.744247741055784,0.0001
30,0.7465352388017269,2.6158589778392587,0.0001
31,0.7394158412990133,3.3746845587339296,0.0001
32,0.7240148929280918,3.5987287933507215,0.0001
33,0.7108031860597797,3.5114225829924073,0.0001
34,0.7007493165544145,3.7575183188626986,0.0001
35,0.6836371033688874,3.0455374151430625,0.0001
36,0.6739512932599879,3.4079644673734695,0.0001
37,0.6650427861913931,2.826322288259741,0.0001
38,0.6593393485972395,3.7075908624193445,0.0001
39,0.6487468706203428,3.833301254390156,0.0001
40,0.6391643663102798,3.7128958861994894,0.0001
41,0.6243230548907818,3.306777494655533,0.0001
42,0.6177053997252071,3.8554793603005377,0.0001
43,0.6100426157683182,3.677238848667173,0.0001
44,0.6003785670451997,3.3362545034026523,0.0001
45,0.5931130935442676,2.9645633267038383,0.0001
46,0.5832591127792601,3.7506497290354424,0.0001
47,0.5725363718281579,3.431165947739631,0.0001
48,0.5656706745910103,3.474316775313949,0.0001
49,0.560145556314589,3.3062848608779745,0.0001
50,0.5519088871542853,3.7178051258007003,0.0001
51,0.5412709850463552,3.986421243326988,0.0001
52,0.5369814707872766,3.5934105775461824,0.0001
53,0.5285409131335631,2.761181139170755,0.0001
54,0.5230393669466648,3.0579675625441047,0.0001
55,0.5149163121530275,3.5349524173393716,0.0001
56,0.506122000714161,3.1087373178853954,0.0001
57,0.49935532592596077,3.337326586076067,0.0001
58,0.49423005433175976,3.5323228213445543,0.0001
59,0.49351556868211693,3.110382157505902,0.0001
60,0.4831596945228372,2.8616103039176353,0.0001
61,0.47619401797000194,2.6600823005014065,0.0001
62,0.47116930444478333,2.983899456464851,0.0001
63,0.4659758386066675,3.3349796012881208,0.0001
64,0.45848257493282873,3.3659372096139175,0.0001
65,0.45157079933322647,3.186841962174574,0.0001
66,0.44440118066170387,3.11150170764483,0.0001
67,0.4418206309600138,2.692055518680487,0.0001
68,0.43834871883951154,2.913796928672077,0.0001
69,0.4328524886622533,3.1538558444156237,0.0001
70,0.42489362104132944,2.7522912764957743,0.0001
71,0.42397442029408555,2.884219858170105,0.0001
72,0.41747010586444194,2.781764124506561,0.0001
73,0.4114236765710806,2.799833825413639,0.0001
74,0.405484719283245,2.6873890419897517,0.0001
75,0.4020863814449887,2.725281322726645,0.0001
76,0.3951552467443683,2.3986404701272397,0.0001
77,0.3953375527675465,2.697727126617773,0.0001
78,0.3892602852090263,2.623414259857168,0.0001
79,0.38260937387690147,2.7374612517233956,0.0001
80,0.3766437178193276,2.4042003119190283,0.0001
81,0.371898882001061,2.4098546337562956,0.0001
82,0.3663355636653878,2.712571956081049,0.0001
83,0.365918001147691,2.543475224761609,0.0001
84,0.3597803173929309,2.5901566481715514,0.0001
85,0.3574717303568956,3.041541216207882,0.0001
86,0.35247920426075663,2.4689229713818053,0.0001
87,0.34730152891237237,2.704134146182237,0.0001
88,0.3442160335237355,2.396964351846111,0.0001
89,0.3393767746436419,2.5284408347180256,0.0001
90,0.3367005391680121,2.8020755562753856,0.0001
91,0.33199888812887807,2.4952383429524767,0.0001
92,0.3276510991416015,2.7582817917177462,0.0001
93,0.32391313252959586,2.5985671634683793,0.0001
94,0.3239452898182079,2.4739335871208885,0.0001
95,0.32028459406823423,2.596666706129679,0.0001
96,0.3140401682190121,2.8496345130412806,0.0001
97,0.3079355508385341,2.5105832807428565,0.0001
98,0.30843773760818627,2.70728094187744,0.0001
99,0.3036277686970557,2.4747234831508003,0.0001
100,0.30046984538596805,2.440279619753523,0.0001
End of training: 2022-07-03 01:19:09

Loss min training: 0.30046984538596805

Loss min val: 1.806213533066899

Best epoch: 7

Correlação: (0.4735994124564227, 0.0)




--> Fold: 8

Format of train data: frames: 132010 , pressures: 132010 

Format of validation data: frames: 46835 , pressures: 46835 

Option shuffle: True

Begin of training: 2022-07-03 01:19:18

Epoch,train_loss,val_loss,lr
1,6.8800555486713755,1.7895213274280226,0.0001
2,1.5395738372368557,1.7633315370980585,0.0001
3,1.371200435121496,1.7454381286111627,0.0001
4,1.2892348022445044,1.553899346821283,0.0001
5,1.2287825922434659,1.8165813694542903,0.0001
6,1.1816724306272293,1.4581461661982158,0.0001
7,1.139057050156924,1.4666010233130873,0.0001
8,1.1092186733020382,1.5368302571706078,0.0001
9,1.0858087353557901,1.4123099874607639,0.0001
10,1.0564191986941793,1.5620865108338902,0.0001
11,1.041524322172808,1.5327048736587334,0.0001
12,1.011196000101837,1.4981125352934228,0.0001
13,0.9819733202778005,1.4424643605447978,0.0001
14,0.9696326485240778,1.4023959260136032,0.0001
15,0.9448660228787187,1.474749072458111,0.0001
16,0.9358771425505026,1.40097794726728,0.0001
17,0.9144875806350165,1.5383538891949189,0.0001
18,0.8959106610233283,1.4163088873049436,0.0001
19,0.8785466947191439,1.4498236916013547,0.0001
20,0.8632141974336062,1.4411767272464593,0.0001
21,0.8472508445525475,1.5527228181461674,0.0001
22,0.832773385526023,1.480267121362447,0.0001
23,0.8205945941604689,1.5182620309136574,0.0001
24,0.8082348478742553,1.550895157569982,0.0001
25,0.7990750068516886,1.6034845618462503,0.0001
26,0.7872622565991607,1.8109072391335503,0.0001
27,0.7645535370304082,1.6246913812834234,0.0001
28,0.7560173406103201,1.6576587101279754,0.0001
29,0.7411505781703894,1.6419034300179316,0.0001
30,0.7305299840328522,1.6424335063070146,0.0001
31,0.7157622231794897,1.712546752552168,0.0001
32,0.7076833779410371,1.714009524728008,0.0001
33,0.6935244103343493,1.6281107447222964,0.0001
34,0.6847695499566023,1.7274070528256826,0.0001
35,0.6714832618574095,1.7018534133741514,0.0001
36,0.6614433570816953,1.688489050761834,0.0001
37,0.6491409742378862,1.7988578087214258,0.0001
38,0.6433074219749603,1.6931945116170968,0.0001
39,0.6308150028299269,1.83197189858747,0.0001
40,0.6188164638132861,1.8310279937771425,0.0001
41,0.6114239967751617,1.7891883473799985,0.0001
42,0.6028574812738257,1.7971887074298762,0.0001
43,0.5968027002716072,1.8765160006749868,0.0001
44,0.5804888648523019,1.7319057291213535,0.0001
45,0.5759874953211153,2.003624324573579,0.0001
46,0.567472942170659,1.9466613008001894,0.0001
47,0.5560466821878103,1.791278934817285,0.0001
48,0.5508246536891882,1.7689578548749865,0.0001
49,0.5443992140031061,1.6902074058676677,0.0001
50,0.5375080737918355,1.7644107389490797,0.0001
51,0.527471446997288,1.7751121762850832,0.0001
52,0.5196747155634167,1.8244518187023906,0.0001
53,0.5121339536162003,1.6689880564384099,0.0001
54,0.5052387258562389,1.734137732916203,0.0001
55,0.4975975542879043,1.7561933523844766,0.0001
56,0.4927933910682557,1.9028839700922229,0.0001
57,0.4906701009184671,1.8182916530311024,0.0001
58,0.477343888742329,1.8892613921257606,0.0001
59,0.4719276569217599,1.8982634528820754,0.0001
60,0.4662934633143318,1.9514384987388131,0.0001
61,0.46008714633216985,2.287136018101861,0.0001
62,0.45407496439887757,1.8739093668040616,0.0001
63,0.44689796788860797,1.948793847242465,0.0001
64,0.4437593570528369,1.9488915555057422,0.0001
65,0.43484216494710504,1.9722052701270172,0.0001
66,0.4299978343964201,1.9335155583578456,0.0001
67,0.4279537098273284,1.8107239062266607,0.0001
68,0.41934682829805725,1.8881916692649667,0.0001
69,0.41647760904329256,1.8640735341248522,0.0001
70,0.40908218455282125,2.118563383990117,0.0001
71,0.4052971553571314,2.210528750463905,0.0001
72,0.4010455698603419,1.9255771620571136,0.0001
73,0.39273643197706093,1.8811372178206898,0.0001
74,0.3859680716932366,2.033345363470232,0.0001
75,0.3849496570789636,1.9188588214808904,0.0001
76,0.3783725234475355,2.050009154927276,0.0001
77,0.3746323900776879,2.0740478892813528,0.0001
78,0.36829831808563906,1.9042657119405426,0.0001
79,0.3672249289897615,1.9419365522153123,0.0001
80,0.35988140530242546,2.148676601356766,0.0001
81,0.3558189440989041,1.9633229609855252,0.0001
82,0.35359528888360936,2.0184311046078047,0.0001
83,0.35075081774533023,2.128675262169763,0.0001
84,0.3443831684532766,2.010933568386763,0.0001
85,0.33954052859594874,2.087240475255193,0.0001
86,0.33426591647266396,1.9316943338182804,0.0001
87,0.32999175651201146,2.0229195758297895,0.0001
88,0.3262759508341427,2.154201630450522,0.0001
89,0.32557204530443373,2.0268939823430823,0.0001
90,0.32197924095133507,2.085435763807349,0.0001
91,0.3182856730896093,2.158705166547622,0.0001
92,0.31195602935603617,2.056564386756109,0.0001
93,0.31061506153877805,1.8936843568937392,0.0001
94,0.304034151157532,1.8633693382123293,0.0001
95,0.3042726019888825,2.1984707335035027,0.0001
96,0.2980660278310325,1.946263788983956,0.0001
97,0.2959121008712535,1.9816087016278428,0.0001
98,0.29387362726655264,1.8829670797127904,0.0001
99,0.2910075994140587,1.9072477636411602,0.0001
100,0.2846234291010793,2.2910601590350916,0.0001
End of training: 2022-07-03 01:58:14

Loss min training: 0.2846234291010793

Loss min val: 1.40097794726728

Best epoch: 16

Correlação: (0.5991622593491247, 0.0)




--> Fold: 9

Format of train data: frames: 131637 , pressures: 131637 

Format of validation data: frames: 47208 , pressures: 47208 

Option shuffle: True

Begin of training: 2022-07-03 01:58:21

Epoch,train_loss,val_loss,lr
1,6.276803912629029,1.9512125516095378,0.0001
2,1.5048085961091588,1.75913448593128,0.0001
3,1.3826642103234383,1.507087888727348,0.0001
4,1.3150653706759197,1.496070480507282,0.0001
5,1.2697029791740273,1.4900119530106173,0.0001
6,1.2234890442484905,1.6526901639330045,0.0001
7,1.185538856891376,1.551412424966857,0.0001
8,1.1502970596121478,1.2315520491363274,0.0001
9,1.117401172958073,1.4535455805147084,0.0001
10,1.094264662085927,1.3337156675646131,0.0001
11,1.0673232367675773,1.4031086649213518,0.0001
12,1.0348370562209683,1.4614580740384824,0.0001
13,1.0258138771827316,1.4223165386633396,0.0001
14,0.9990537406282771,1.694326294436129,0.0001
15,0.9792131993825968,1.2205654234830414,0.0001
16,0.959166054894105,1.3729333037179399,0.0001
17,0.9401242221102782,1.3730845547110282,0.0001
18,0.9301576838880433,1.3829049813890837,0.0001
19,0.9083880146819032,1.4007272839121971,0.0001
20,0.9016245602836929,1.4327157620675806,0.0001
21,0.8799125841364348,1.4889042023944967,0.0001
22,0.86866255271612,1.5257052887982987,0.0001
23,0.8449153982917507,1.577073106764131,0.0001
24,0.8325281393466676,1.4266094793365924,0.0001
25,0.8193039107244993,1.496556913058771,0.0001
26,0.8048368939257664,1.5161615505276687,0.0001
27,0.7950290084773578,1.4814602894371716,0.0001
28,0.7757649027863929,1.7354709325534088,0.0001
29,0.7741102474788849,1.5653428242299905,0.0001
30,0.7522989332606204,1.6559470253785855,0.0001
31,0.7416109355744703,1.6654310599764894,0.0001
32,0.7259430657382201,1.5325123438530506,0.0001
33,0.7198893844149024,1.5743287291956682,0.0001
34,0.7063215512551155,1.840585848816854,0.0001
35,0.6960050272205072,1.5102914585499132,0.0001
36,0.6813258045857318,1.7911744758933708,0.0001
37,0.6761546882323971,1.7673497470308817,0.0001
38,0.6662682781437766,1.7910898982761392,0.0001
39,0.6500909821799532,1.7820414206351776,0.0001
40,0.6452937073839144,1.6733961822501362,0.0001
41,0.635153144947339,1.7184456557949566,0.0001
42,0.6230252476590578,1.8433482119277904,0.0001
43,0.6142208800970093,1.6640363099554436,0.0001
44,0.6056839382095515,1.6508219285327244,0.0001
45,0.5945892361496231,1.6858342189017927,0.0001
46,0.58952207397891,1.5914150687561786,0.0001
47,0.5820565011554615,1.8397902588665718,0.0001
48,0.5738886524539225,1.7907903252607926,0.0001
49,0.5586393192204787,1.7859200073124857,0.0001
50,0.555186722702312,1.8036939575397004,0.0001
51,0.5461734659766672,1.843469821069427,0.0001
52,0.5421939982811489,1.8112410454199772,0.0001
53,0.5321459665443864,1.8875089474925144,0.0001
54,0.5268235434944261,1.9551534035350888,0.0001
55,0.5172309424114532,1.8719151446706581,0.0001
56,0.5140598385796428,1.7481968544475346,0.0001
57,0.5043100671389489,1.8562768787231472,0.0001
58,0.49595046679664273,2.148220262210706,0.0001
59,0.49098738403820996,2.0616949373454365,0.0001
60,0.4830500048897092,1.8141416781252875,0.0001
61,0.4759677115318715,2.01569896705109,0.0001
62,0.4702600564152826,1.7453119115614524,0.0001
63,0.46721141997727345,1.9890305918771278,0.0001
64,0.4593895135409645,1.9579164865077139,0.0001
65,0.4517502098302305,1.965020663413814,0.0001
66,0.45026699606971127,1.8425270627462507,0.0001
67,0.44232391108290153,2.1302397690310637,0.0001
68,0.4377659212236442,1.8452959997818401,0.0001
69,0.4336879046684029,2.148464422027169,0.0001
70,0.42718151701889745,1.9654113446387411,0.0001
71,0.4158863178997447,1.9319111752400981,0.0001
72,0.41204835337101636,2.186649952312987,0.0001
73,0.4095379387170856,1.8548816153607597,0.0001
74,0.40907547663393345,1.9951432841124321,0.0001
75,0.3996951641351594,1.865559567073466,0.0001
76,0.3960169796251358,1.8503637850799717,0.0001
77,0.3905997803222043,1.8988820695610416,0.0001
78,0.38575788678485173,1.842910143828477,0.0001
79,0.38183039500247024,1.8817234179101299,0.0001
80,0.3755559899512351,1.771464756011478,0.0001
81,0.37393310648176226,1.8614147089231097,0.0001
82,0.3669313034654344,1.8929365521627974,0.0001
83,0.36441996124560366,2.0433027985903633,0.0001
84,0.35936913315133723,1.724209532740156,0.0001
85,0.35281003720404247,1.899937540348294,0.0001
86,0.35293099994223365,1.868871683145939,0.0001
87,0.347989862571038,1.9255205340515535,0.0001
88,0.34244560752086717,1.8178352277029612,0.0001
89,0.34122790059537417,1.8606523347898896,0.0001
90,0.33220668901528205,1.8992724559242857,0.0001
91,0.3319070326619693,1.740010137094156,0.0001
92,0.3269141983026246,1.8294861150826263,0.0001
93,0.32184583147507206,2.0236440811131367,0.0001
94,0.31863097591595463,1.7885144617856104,0.0001
95,0.3165525890848239,1.827664532937795,0.0001
96,0.3138977866192641,1.895480759243625,0.0001
97,0.30743824923888924,1.8253347291883382,0.0001
98,0.30686364961789603,1.7991592196807318,0.0001
99,0.30089456446729357,1.7930498589622512,0.0001
100,0.2971375769134645,1.8667568074022587,0.0001
End of training: 2022-07-03 02:37:16

Loss min training: 0.2971375769134645

Loss min val: 1.2205654234830414

Best epoch: 15

Correlação: (0.48747484521956186, 0.0)


